FDist,LDist,RDist,XEst,YEst,ThetaEst,XDes,YDes,ThetaDes,XError,YError,ThetaError,SL,SR,RW,LW
66.11723490259166,258.2405371440609,22.632955363231254,0.0,0.0,0.0,0,0,0,0.0,0.0,0.0,0.0,0.0,0,0
92.2427776670329,193.04122344313365,22.502702204181062,0.0,0.0,0.0,0,0,0,0.0,0.0,0.0,0.0,0.0,0,0
83.03372126641216,206.97300472647143,22.416395940132503,0.0,0.0,0.0,0,0,0,0.0,0.0,0.0,0.0,0.0,0,0
80.99613175561399,293.3703955349555,22.075335325140372,0.0,0.0,0.0,0,0,0,0.0,0.0,0.0,0.0,0.0,0,0
87.79450977305973,179.3202830877122,22.546013685281594,0.0,0.0,0.0,0,0,0,0.0,0.0,0.0,0.0,0.0,0,0
99.04654639912101,220.70517709223105,22.546013685281594,0.0,0.0,0.0,0,0,0,0.0,0.0,0.0,0.0,0.0,0,0
85.16922919230018,159.58252707905322,22.632955363231254,0.0,0.0,0.0,0,0,0,0.0,0.0,0.0,0.0,0.0,0,0
78.10859556029456,268.9169663380496,21.90726008446299,0.0,0.0,0.0,0,0,0,0.0,0.0,0.0,0.0,0.0,0,0
87.02903054016306,176.198566643824,22.676586373412853,0.0,0.0,0.0,0,0,0,0.0,0.0,0.0,0.0,0.0,0,0
84.44606393366254,164.75326598182954,22.546013685281594,0.0,0.0,0.0,0,0,0,0.0,0.0,0.0,0.0,0.0,0,0
79.04963861634155,167.46934895889862,22.58943126976108,0.0,0.0,0.0,0,0,0,0.0,0.0,0.0,0.0,0.0,0,0
73.14379906825155,206.97300472647143,22.075335325140372,0.0,0.0,0.0,0,0,0,0.0,0.0,0.0,0.0,0.0,0,0
90.57673222463723,346.8640580657511,22.37340035638271,0.0,0.0,0.0,0,0,0,0.0,0.0,0.0,0.0,0.0,0,0
84.08878225753256,134.3591943699604,21.865492873548824,0.0,0.0,0.0,0,0,0,0.0,0.0,0.0,0.0,0.0,0,0
85.16922919230018,261.6981137825328,22.502702204181062,0.0,0.0,0.0,-0.3,0,0,-0.3,0.0,0.0,0.0,0.0,0,0
90.57673222463723,209.13650375320472,22.202459096284322,-0.0055383106987733684,2.992710929608778e-06,-0.0010807304974733381,-0.3,0,0,-0.2944616893012266,-2.992710929608778e-06,0.0010807304974733381,0.005462444226429252,0.005614178788274509,0,0
87.79450977305973,218.28532251964043,19.028900223129533,-0.03004335299475941,6.920123841199142e-05,-0.004322921989893365,-0.3,0,0,-0.2699566470052406,-6.920123841199142e-05,0.004322921989893365,0.029739974121670378,0.030346912369051404,0,0
95.7560002023429,328.72509627198025,24.08450540165466,-0.05720377611936138,0.00012790752502566234,-3.642919299551295e-17,-0.3,0,0,-0.2427962238806386,-0.00012790752502566234,3.642919299551295e-17,0.0572039298156619,0.0572039298156619,0,0
80.01189902085736,206.97300472647143,25.25384320516452,-0.08451585370125286,3.935622917111754e-05,0.006484382984839968,-0.3,0,0,-0.21548414629874713,-3.935622917111754e-05,-0.006484382984839968,0.08497135463334393,0.0840609472622724,0,0
107.45140018288424,153.56624101955603,28.237612839164704,-0.11197902350496479,-0.00016840973054032312,0.008645843979786693,-0.3,0,0,-0.18802097649503519,0.00016840973054032312,-0.008645843979786693,0.11258704488918071,0.11137316839441866,0,0
101.02616679983112,211.34777997197892,28.711534351575374,-0.13837929544362593,-0.0004537366294057319,0.012968765969680045,-0.3,0,0,-0.16162070455637406,0.0004537366294057319,-0.012968765969680045,0.13929232777394596,0.13747151303180288,0,0
113.44477390085575,220.70517709223105,29.56820969111582,-0.16424837257326336,-0.0007473029865759132,0.009726574477260018,-0.3,0,0,-0.13575162742673663,0.0007473029865759132,-0.009726574477260018,0.1649354687257944,0.16356985766918708,0,0
112.81620876492863,528.3325926770696,34.613790153652,-0.18882845287548253,-0.0009598238212605026,0.007565113482313342,-0.3,0,0,-0.11117154712451746,0.0009598238212605026,-0.007565113482313342,0.18936473318288077,0.18830259124996399,0,0
125.29273453547381,280.5772654118684,36.49662013940309,-0.21257432589737846,-0.0011266353447224576,0.006484382984840016,-0.3,0,0,-0.08742567410262153,0.0011266353447224576,-0.006484382984840016,0.21303532483074086,0.21212491745966933,0,0
119.42733126216413,390.5444991736698,32.015943449964496,-0.23472745549157933,-0.001198460284693367,-1.3010426069826053e-17,-0.3,0,0,-0.06527254450842065,0.001198460284693367,1.3010426069826053e-17,0.23473336717461263,0.23473336717461263,0,0
84.44606393366254,196.81893899271049,54.67822383804812,-0.2548321411089564,-0.0011224128078931137,-0.0075651134823134175,-0.3,0,0,-0.04516785889104358,0.0011224128078931137,0.0075651134823134175,0.2543071256526508,0.2553692675855676,0,0
106.88588226030939,233.7026839645806,62.833136667956715,-0.2701567590751548,-0.0009899152504663005,-0.009726574477260106,-0.3,0,0,-0.029843240924845194,0.0009899152504663005,0.009726574477260106,0.2694805818371765,0.2708461928937838,0,0
114.0802412881919,360.20900612823414,265.2554052777127,-0.28161234217522196,-0.000897060231800706,-0.00648438298484008,-0.3,0,0,-0.018387657824778025,0.000897060231800706,0.00648438298484008,0.2811641430992613,0.2820745504703328,0,0
107.45140018288424,437.33222201576723,53.548770921812995,-0.2891231141649393,-0.000860532902254257,-0.003242191492420053,-0.3,0,0,-0.01087688583506069,0.000860532902254257,0.003242191492420053,0.2889026057533694,0.28935780943890516,0,0
120.84213728458607,261.6981137825328,59.445249703111536,-0.2935992674016674,-0.0008484390845407567,-0.002161460994946715,-0.3,0,0,-0.00640073259833257,0.0008484390845407567,0.002161460994946715,0.2934546426087271,0.2937581117324176,0,0
129.25786434407527,312.50933522689996,45.04444673804966,-0.2941303345689189,-0.0008464302832667876,-0.0054036524873667365,-0.3,0,0,-0.005869665431081084,0.0008464302832667876,0.0054036524873667365,0.2937581117324176,0.2945167845416439,0,0
130.08105893503551,284.7075611688845,46.75927786047718,-0.2941303345689189,-0.0008464302832667876,-0.0054036524873667365,-0.3,0,0,-0.005869665431081084,0.0008464302832667876,0.0054036524873667365,0.2937581117324176,0.2945167845416439,0,0
120.13062066766372,648.3999468665874,53.70767109186179,-0.2941303345689189,-0.0008464302832667876,-0.0054036524873667365,-0.3,0,0,-0.005869665431081084,0.0008464302832667876,0.0054036524873667365,0.2937581117324176,0.2945167845416439,0,0
134.3591943699604,280.5772654118684,49.54152688927771,-0.2941303345689189,-0.0008464302832667876,-0.0054036524873667365,-0.3,0,0,-0.005869665431081084,0.0008464302832667876,0.0054036524873667365,0.2937581117324176,0.2945167845416439,0,0
129.25786434407527,448.2028325964311,54.842902515546676,-0.2941303345689189,-0.0008464302832667876,-0.0054036524873667365,-0.3,0,0,-0.005869665431081084,0.0008464302832667876,0.0054036524873667365,0.2937581117324176,0.2945167845416439,0,0
139.88023555455067,1411.3480414449798,48.9906970233985,-0.2941303345689189,-0.0008464302832667876,-0.0054036524873667365,-0.3,0,0,-0.005869665431081084,0.0008464302832667876,0.0054036524873667365,0.2937581117324176,0.2945167845416439,0,0
134.3591943699604,624.3377665398167,47.397845831374006,-0.2941303345689189,-0.0008464302832667876,-0.0054036524873667365,-0.3,0,0,-0.005869665431081084,0.0008464302832667876,0.0054036524873667365,0.2937581117324176,0.2945167845416439,0,0
102.56164513946942,302.6164596847404,44.92590039496099,-0.2941303345689189,-0.0008464302832667876,-0.0054036524873667365,-0.3,0,0,-0.005869665431081084,0.0008464302832667876,0.0054036524873667365,0.2937581117324176,0.2945167845416439,0,0
123.02757911911826,674.6059938250444,51.55362639757167,-0.2941303345689189,-0.0008464302832667876,-0.0054036524873667365,-0.3,0,0,-0.005869665431081084,0.0008464302832667876,0.0054036524873667365,0.2937581117324176,0.2945167845416439,0,0
145.87739303694283,459.67991945810627,52.153917529280825,-0.2941303345689189,-0.0008464302832667876,-0.0054036524873667365,-0.3,0,0,-0.005869665431081084,0.0008464302832667876,0.0054036524873667365,0.2937581117324176,0.2945167845416439,0,0
130.08105893503551,399.01729906632625,52.92110467639207,-0.2941303345689189,-0.0008464302832667876,-0.0054036524873667365,-0.3,0,0,-0.005869665431081084,0.0008464302832667876,0.0054036524873667365,0.2937581117324176,0.2945167845416439,0,0
146.92774685951784,1411.3480414449798,48.9906970233985,-0.2941303345689189,-0.0008464302832667876,-0.0054036524873667365,-0.3,0,0,-0.005869665431081084,0.0008464302832667876,0.0054036524873667365,0.2937581117324176,0.2945167845416439,0,0
124.52854747504531,218.28532251964043,48.18335473866846,-0.2941303345689189,-0.0008464302832667876,-0.0054036524873667365,-0.3,0,0,-0.005869665431081084,0.0008464302832667876,0.0054036524873667365,0.2937581117324176,0.2945167845416439,0,0
136.15031850713706,390.5444991736698,49.54152688927771,-0.2941303345689189,-0.0008464302832667876,-0.0054036524873667365,-0.3,0,0,-0.005869665431081084,0.0008464302832667876,0.0054036524873667365,0.2937581117324176,0.2945167845416439,0,0
119.42733126216413,544.8761250677193,56.19159937776923,-0.2941303345689189,-0.0008464302832667876,-0.0054036524873667365,-0.3,0,0,-0.005869665431081084,0.0008464302832667876,0.0054036524873667365,0.2937581117324176,0.2945167845416439,0,0
134.3591943699604,544.8761250677193,48.854583701372256,-0.2941303345689189,-0.0008464302832667876,-0.0054036524873667365,-0.3,0,0,-0.005869665431081084,0.0008464302832667876,0.0054036524873667365,0.2937581117324176,0.2945167845416439,0,0
95.30295822324965,437.33222201576723,48.44999661828506,-0.2941303345689189,-0.0008464302832667876,-0.0054036524873667365,-0.3,0,0,-0.005869665431081084,0.0008464302832667876,0.0054036524873667365,0.2937581117324176,0.2945167845416439,0,0
