FDist,LDist,RDist,XEst,YEst,ThetaEst,XDes,YDes,ThetaDes,XError,YError,ThetaError,SL,SR,RW,LW
1411.3480414449798,459.67991945810627,24.37002602209273,0.0,0.0,0.0,0,0,0,0.0,0.0,0.0,0.0,0.0,0,0
769.566351540633,312.50933522689996,24.32213184643946,0.0,0.0,0.0,0,0,0,0.0,0.0,0.0,0.0,0.0,0,0
353.40072554933454,242.3065498311679,24.660015279911583,0.0,0.0,0.0,0,0,0,0.0,0.0,0.0,0.0,0.0,0,0
251.60762066022812,223.1819809443389,23.80334702660077,0.0,0.0,0.0,0,0,0,0.0,0.0,0.0,0.0,0.0,0,0
674.6059938250444,220.70517709223105,24.61136879396949,0.0,0.0,0.0,0,0,0,0.0,0.0,0.0,0.0,0.0,0,0
254.878386734463,206.97300472647143,23.80334702660077,0.0,0.0,0.0,0,0,0,0.0,0.0,0.0,0.0,0.0,0,0
528.3325926770696,191.20821604693444,23.99030640367822,0.0,0.0,0.0,0,0,0,0.0,0.0,0.0,0.0,0.0,0,0
900.238757316699,225.71785045590883,24.22671386331148,0.0,0.0,0.0,0,0,0,0.0,0.0,0.0,0.0,0.0,0,0
471.8179059817352,198.76603234393832,23.344165399617317,0.0,0.0,0.0,0,0,0,0.0,0.0,0.0,0.0,0.0,0,0
1411.3480414449798,211.34777997197892,24.41804431856243,0.0,0.0,0.0,0,0,0,0.0,0.0,0.0,0.0,0.0,0,0
236.49825525583836,48.44999661828506,23.849908233631425,0.0,0.0,0.0,0,0,0,0.0,0.0,0.0,0.0,0.0,0,0
955.6520228707801,43.09587104878454,24.32213184643946,0.0,0.0,0.0,0,0,0,0.0,0.0,0.0,0.0,0.0,0,0
624.3377665398167,19.786108976753717,23.253708365120502,0.0,0.0,0.0,0,0,0,0.0,0.0,0.0,0.0,0.0,0,0
1284.2268420173286,19.028900223129533,24.22671386331148,0.0,0.0,0.0,0,0,0,0.0,0.0,0.0,0.0,0.0,0,0
851.4899528953961,24.70878894042906,24.70878894042906,0.0,0.0,0.0,0,0,0,0.0,0.0,0.0,0.0,0.0,0,0
254.878386734463,25.004130828076164,23.756904125116755,0.0,0.0,0.0,0,0,0,0.0,0.0,0.0,0.0,0.0,0,0
734.7683303247097,26.989108340162986,24.466187237839733,0.0,0.0,0.0,0,0,0,0.0,0.0,0.0,0.0,0.0,0,0
1093.1463157010076,27.26606267467261,24.466187237839733,0.0,0.0,0.0,0,0,0,0.0,0.0,0.0,0.0,0.0,0,0
1093.1463157010076,27.210360375618606,24.32213184643946,0.0,0.0,0.0,0,0,0,0.0,0.0,0.0,0.0,0.0,0,0
1019.267059271828,26.60780897647566,24.274361292354016,0.0,0.0,0.0,0,0,0,0.0,0.0,0.0,0.0,0.0,0,0
624.3377665398167,26.023303163846677,23.943387448052704,0.0,0.0,0.0,0,0,0,0.0,0.0,0.0,0.0,0.0,0,0
302.6164596847404,24.75769029437472,22.632955363231254,0.0,0.0,0.0,0,0,0,0.0,0.0,0.0,0.0,0.0,0,0
1019.267059271828,25.30418426932561,24.32213184643946,0.0,0.0,0.0,0,0,0,0.0,0.0,0.0,0.0,0.0,0,0
734.7683303247097,17.906543292002304,24.514455284677474,0.0,0.0,0.0,0,0,0,0.0,0.0,0.0,0.0,0.0,0,0
808.2350827585409,17.775756517532926,24.855878172379555,0.0,0.0,0.0,0,0,0,0.0,0.0,0.0,0.0,0.0,0,0
512.8513118946122,17.326465780453077,23.99030640367822,0.0,0.0,0.0,0,0,0,0.0,0.0,0.0,0.0,0.0,0,0
624.3377665398167,24.70878894042906,23.756904125116755,0.0,0.0,0.0,0,0,0,0.0,0.0,0.0,0.0,0.0,0,0
624.3377665398167,28.414041435834406,24.70878894042906,0.0,0.0,0.0,0,0,0,0.0,0.0,0.0,0.0,0.0,0,0
193.04122344313365,28.711534351575374,22.632955363231254,0.0,0.0,0.0,0,0,0,0.0,0.0,0.0,0.0,0.0,0,0
1284.2268420173286,28.532517899129083,24.32213184643946,0.0,0.0,0.0,0,0,0,0.0,0.0,0.0,0.0,0.0,0,0
900.238757316699,32.29799013034805,24.37002602209273,0.0,0.0,0.0,0,0,0,0.0,0.0,0.0,0.0,0.0,0,0
1284.2268420173286,288.9697116820819,24.274361292354016,0.0,0.0,0.0,0,0,0,0.0,0.0,0.0,0.0,0.0,0,0
624.3377665398167,223.1819809443389,23.435077391437254,0.0,0.0,0.0,0,0,0,0.0,0.0,0.0,0.0,0.0,0,0
808.2350827585409,353.40072554933454,24.75769029437472,0.0,0.0,0.0,0,0,0,0.0,0.0,0.0,0.0,0.0,0,0
1284.2268420173286,312.50933522689996,24.70878894042906,0.0,0.0,0.0,0,0,0,0.0,0.0,0.0,0.0,0.0,0,0
1284.2268420173286,218.28532251964043,24.5628489666094,0.0,0.0,0.0,0,0,0,0.0,0.0,0.0,0.0,0.0,0,0
624.3377665398167,302.6164596847404,23.208649349752903,0.0,0.0,0.0,0,0,0,0.0,0.0,0.0,0.0,0.0,0,0
471.8179059817352,193.04122344313365,23.849908233631425,0.0,0.0,0.0,0,0,0,0.0,0.0,0.0,0.0,0.0,0,0
1411.3480414449798,323.12240163650586,24.274361292354016,0.0,0.0,0.0,0,0,0,0.0,0.0,0.0,0.0,0.0,0,0
1284.2268420173286,448.2028325964311,24.32213184643946,0.0,0.0,0.0,-0.3,0,0,-0.3,0.0,0.0,0.0,0.0,0,0
1180.1265773010464,312.50933522689996,24.37002602209273,-0.002351885370502588,1.2610867566765802e-06,-0.0010724048473055134,-0.3,0,0,-0.2976481146294974,-1.2610867566765802e-06,0.0010724048473055134,0.0022760184276788553,0.0024277529895241124,0,0
624.3377665398167,407.8990969411948,19.897191673617044,-0.024884438651678893,3.7507147061681767e-05,-0.0021448096946110363,-0.3,0,0,-0.2751155613483211,-3.7507147061681767e-05,0.0021448096946110363,0.02473273358077689,0.02503620270446741,0,0
1411.3480414449798,353.40072554933454,24.660015279911583,-0.05204490960399333,8.380115191449879e-06,0.004289619389222051,-0.3,0,0,-0.24795509039600666,-8.380115191449879e-06,-0.004289619389222051,0.05234842383661367,0.051741485589232646,0,0
674.6059938250444,288.9697116820819,23.80334702660077,-0.08011522245351271,-0.00017223881486095143,0.008579238778444118,-0.3,0,0,-0.21988477754648728,0.00017223881486095143,-0.008579238778444118,0.08072278690167674,0.07950891040691468,0,0
1284.2268420173286,307.4777105974586,29.31979943667244,-0.10788162538988522,-0.0004104592603059184,0.008579238778444118,-0.3,0,0,-0.19211837461011477,0.0004104592603059184,-0.008579238778444118,0.10849021171935877,0.10727633522459672,0,0
367.3069052663625,353.40072554933454,34.457033820303465,-0.13511625256643822,-0.000717140957224819,0.013941263014971682,-0.3,0,0,-0.16488374743356177,0.000717140957224819,-0.013941263014971682,0.13610590197519556,0.1341333526712072,0,0
1284.2268420173286,346.8640580657511,27.210360375618606,-0.16128730010636352,-0.0011241301553676097,0.017158477556888225,-0.3,0,0,-0.13871269989363647,0.0011241301553676097,-0.017158477556888225,0.1625077157362703,0.16007996274674616,0,0
1411.3480414449798,1019.267059271828,32.015943449964496,-0.1860172462340091,-0.0014954452526056024,0.012868858167666183,-0.3,0,0,-0.1139827537659909,0.0014954452526056024,-0.012868858167666183,0.18693698019335667,0.18511616545121357,0,0
245.3252030939217,399.01729906632625,37.452770077611675,-0.20505848562089946,-0.0017302862090221353,0.01179645332036066,-0.3,0,0,-0.09494151437910053,0.0017302862090221353,-0.01179645332036066,0.2059038004240138,0.20423472024371594,0,0
346.8640580657511,220.70517709223105,43.54193707016939,-0.22796908697707627,-0.001975990027658385,0.00965164362574964,-0.3,0,0,-0.07203091302292372,0.001975990027658385,-0.00965164362574964,0.22866398470080235,0.227298373644195,0,0
152.41788953728954,254.878386734463,28.17914317773628,-0.2454941240258465,-0.0020793578670934704,0.0021448096946110294,-0.3,0,0,-0.05450587597415349,0.0020793578670934704,-0.0021448096946110294,0.24565825562747112,0.2453547865037806,0,0
185.91929651913173,194.9110753588243,44.11008151330754,-0.26248835586393443,-0.002042908418002965,-0.006434429083833078,-0.3,0,0,-0.03751164413606556,0.002042908418002965,0.006434429083833078,0.2620455883067589,0.2629559956778304,0,0
139.88023555455067,624.3377665398167,72.32728403086773,-0.2752335899986628,-0.0019335613282905214,-0.010724048473055144,-0.3,0,0,-0.02476641000133717,0.0019335613282905214,0.010724048473055144,0.27448782237806996,0.2760051679965225,0,0
152.41788953728954,196.81893899271049,58.32507928939602,-0.2843371402064152,-0.0018359306718787665,-0.010724048473055144,-0.3,0,0,-0.015662859793584782,0.0018359306718787665,0.010724048473055144,0.2835918960887854,0.28510924170723795,0,0
157.11931592309642,196.81893899271049,99.53441397948464,-0.28987516429946547,-0.0017795081829158278,-0.009651643625749634,-0.3,0,0,-0.010124835700534518,0.0017795081829158278,0.009651643625749634,0.2892060748770599,0.2905716859336672,0,0
189.41093412341306,151.28683687310368,96.21317986298715,-0.29215107671760127,-0.0017575412052227351,-0.009651643625749634,-0.3,0,0,-0.007848923282398723,0.0017575412052227351,0.009651643625749634,0.29148209330473873,0.2928477043613461,0,0
133.48121220361529,185.91929651913173,245.3252030939217,-0.2922269400613417,-0.0017567682944150237,-0.010724048473055147,-0.3,0,0,-0.007773059938658289,0.0017567682944150237,0.010724048473055147,0.29148209330473873,0.29299943892319136,0,0
109.77294326259755,130.91477695173097,146.92774685951784,-0.2922269400613417,-0.0017567682944150237,-0.010724048473055147,-0.3,0,0,-0.007773059938658289,0.0017567682944150237,0.010724048473055147,0.29148209330473873,0.29299943892319136,0,0
137.98997206957193,182.55823066529945,248.42442609070224,-0.2922269400613417,-0.0017567682944150237,-0.010724048473055147,-0.3,0,0,-0.007773059938658289,0.0017567682944150237,0.010724048473055147,0.29148209330473873,0.29299943892319136,0,0
157.11931592309642,346.8640580657511,124.52854747504531,-0.2922269400613417,-0.0017567682944150237,-0.010724048473055147,-0.3,0,0,-0.007773059938658289,0.0017567682944150237,0.010724048473055147,0.29148209330473873,0.29299943892319136,0,0
160.8439044330725,674.6059938250444,154.7323071690459,-0.2922269400613417,-0.0017567682944150237,-0.010724048473055147,-0.3,0,0,-0.007773059938658289,0.0017567682944150237,0.010724048473055147,0.29148209330473873,0.29299943892319136,0,0
220.70517709223105,437.33222201576723,111.57932338755117,-0.2922269400613417,-0.0017567682944150237,-0.010724048473055147,-0.3,0,0,-0.007773059938658289,0.0017567682944150237,0.010724048473055147,0.29148209330473873,0.29299943892319136,0,0
245.3252030939217,528.3325926770696,228.31501027837746,-0.2922269400613417,-0.0017567682944150237,-0.010724048473055147,-0.3,0,0,-0.007773059938658289,0.0017567682944150237,0.010724048473055147,0.29148209330473873,0.29299943892319136,0,0
160.8439044330725,258.2405371440609,111.57932338755117,-0.2922269400613417,-0.0017567682944150237,-0.010724048473055147,-0.3,0,0,-0.007773059938658289,0.0017567682944150237,0.010724048473055147,0.29148209330473873,0.29299943892319136,0,0
106.88588226030939,258.2405371440609,102.04483787812359,-0.2922269400613417,-0.0017567682944150237,-0.010724048473055147,-0.3,0,0,-0.007773059938658289,0.0017567682944150237,0.010724048473055147,0.29148209330473873,0.29299943892319136,0,0
132.61463364415852,528.3325926770696,162.1258003695371,-0.2922269400613417,-0.0017567682944150237,-0.010724048473055147,-0.3,0,0,-0.007773059938658289,0.0017567682944150237,0.010724048473055147,0.29148209330473873,0.29299943892319136,0,0
136.15031850713706,399.01729906632625,141.82331249922515,-0.2922269400613417,-0.0017567682944150237,-0.010724048473055147,-0.3,0,0,-0.007773059938658289,0.0017567682944150237,0.010724048473055147,0.29148209330473873,0.29299943892319136,0,0
102.04483787812359,209.13650375320472,90.98786202822609,-0.2922269400613417,-0.0017567682944150237,-0.010724048473055147,-0.3,0,0,-0.007773059938658289,0.0017567682944150237,0.010724048473055147,0.29148209330473873,0.29299943892319136,0,0
128.44498763419128,180.92431015592842,142.81538054950164,-0.2922269400613417,-0.0017567682944150237,-0.010724048473055147,-0.3,0,0,-0.007773059938658289,0.0017567682944150237,0.010724048473055147,0.29148209330473873,0.29299943892319136,0,0
139.88023555455067,323.12240163650586,113.44477390085575,-0.2922269400613417,-0.0017567682944150237,-0.010724048473055147,-0.3,0,0,-0.007773059938658289,0.0017567682944150237,0.010724048473055147,0.29148209330473873,0.29299943892319136,0,0
136.15031850713706,187.6483042942066,137.0639518589543,-0.2922269400613417,-0.0017567682944150237,-0.010724048473055147,-0.3,0,0,-0.007773059938658289,0.0017567682944150237,0.010724048473055147,0.29148209330473873,0.29299943892319136,0,0
106.88588226030939,166.09994149545804,91.82083615681199,-0.2922269400613417,-0.0017567682944150237,-0.010724048473055147,-0.3,0,0,-0.007773059938658289,0.0017567682944150237,0.010724048473055147,0.29148209330473873,0.29299943892319136,0,0
143.82153882231913,189.41093412341306,154.7323071690459,-0.2922269400613417,-0.0017567682944150237,-0.010724048473055147,-0.3,0,0,-0.007773059938658289,0.0017567682944150237,0.010724048473055147,0.29148209330473873,0.29299943892319136,0,0
145.87739303694283,196.81893899271049,126.06628950603962,-0.2922269400613417,-0.0017567682944150237,-0.010724048473055147,-0.3,0,0,-0.007773059938658289,0.0017567682944150237,0.010724048473055147,0.29148209330473873,0.29299943892319136,0,0
93.09781934285294,151.28683687310368,102.04483787812359,-0.2922269400613417,-0.0017567682944150237,-0.010724048473055147,-0.3,0,0,-0.007773059938658289,0.0017567682944150237,0.010724048473055147,0.29148209330473873,0.29299943892319136,0,0
143.82153882231913,225.71785045590883,265.2554052777127,-0.2922269400613417,-0.0017567682944150237,-0.010724048473055147,-0.3,0,0,-0.007773059938658289,0.0017567682944150237,0.010724048473055147,0.29148209330473873,0.29299943892319136,0,0
