FDist,LDist,RDist,XEst,YEst,ThetaEst,XDes,YDes,ThetaDes,XError,YError,ThetaError,SL,SR,RW,LW
1284.2268420173286,96.21317986298715,103.08353533160607,0.0,0.0,0.0,0,0,0,0.0,0.0,0.0,0.0,0.0,0,0
624.3377665398167,88.96683466233691,89.36420701132127,0.0,0.0,0.0,0,0,0,0.0,0.0,0.0,0.0,0.0,0,0
1284.2268420173286,95.30295822324965,102.56164513946942,0.0,0.0,0.0,0,0,0,0.0,0.0,0.0,0.0,0.0,0,0
1284.2268420173286,95.7560002023429,103.61058678886198,0.0,0.0,0.0,0,0,0,0.0,0.0,0.0,0.0,0.0,0,0
1284.2268420173286,88.96683466233691,90.98786202822609,0.0,0.0,0.0,0,0,0,0.0,0.0,0.0,0.0,0.0,0,0
1284.2268420173286,94.8539958627646,103.08353533160607,0.0,0.0,0.0,0,0,0,0.0,0.0,0.0,0.0,0.0,0,0
236.49825525583836,89.36420701132127,96.21317986298715,0.0,0.0,0.0,0,0,0,0.0,0.0,0.0,0.0,0.0,0,0
1284.2268420173286,95.30295822324965,102.56164513946942,0.0,0.0,0.0,0,0,0,0.0,0.0,0.0,0.0,0.0,0,0
1284.2268420173286,94.8539958627646,103.08353533160607,0.0,0.0,0.0,0,0,0,0.0,0.0,0.0,0.0,0.0,0,0
1284.2268420173286,89.36420701132127,102.56164513946942,0.0,0.0,0.0,0,0,0,0.0,0.0,0.0,0.0,0.0,0,0
1284.2268420173286,93.96808322544976,105.77203060255431,0.0,0.0,0.0,0,0,0,0.0,0.0,0.0,0.0,0.0,0,0
1284.2268420173286,95.30295822324965,103.08353533160607,0.0,0.0,0.0,0,0,0,0.0,0.0,0.0,0.0,0.0,0,0
1284.2268420173286,94.8539958627646,101.5330368193872,0.0,0.0,0.0,0,0,0,0.0,0.0,0.0,0.0,0.0,0,0
1284.2268420173286,94.40905615911757,102.56164513946942,0.0,0.0,0.0,1.0,0,0,1.0,0.0,0.0,0.0,0.0,0,0
1284.2268420173286,95.7560002023429,102.56164513946942,0.006524582407539221,6.996996482793175e-06,0.002144809694611027,1.0,0,0,0.9934754175924608,-6.996996482793175e-06,-0.002144809694611027,-0.006372851597500795,-0.006676320721191309,0,0
1180.1265773010464,93.96808322544976,117.36537105675751,0.03489814599241958,0.00021999662738864174,0.012868858167666131,1.0,0,0,0.9651018540075804,-0.00021999662738864174,-0.012868858167666131,-0.03398854185333758,-0.03580935659548066,0,0
1284.2268420173286,93.09781934285294,173.18670720903205,0.0644064412305153,0.0007105368091369678,0.020375692098804743,1.0,0,0,0.9355935587694847,-0.0007105368091369678,-0.020375692098804743,-0.06296984316578166,-0.06585279984084155,0,0
1284.2268420173286,196.81893899271049,177.7453057985956,0.0879974719196784,0.001128016119662897,0.015013667862277178,1.0,0,0,0.9120025280803216,-0.001128016119662897,-0.015013667862277178,-0.08694390393733227,-0.08906818780316587,0,0
1284.2268420173286,174.67928447558052,179.3202830877122,0.11158972363801786,0.0014695959935741953,0.013941263014971655,1.0,0,0,0.8884102763619821,-0.0014695959935741953,-0.013941263014971655,-0.11061449558519237,-0.11258704488918071,0,0
1284.2268420173286,168.8620920208621,170.27879631253745,0.14132680769344177,0.0018841953643846173,0.013941263014971655,1.0,0,0,0.8586731923065583,-0.0018841953643846173,-0.013941263014971655,-0.14035446970686274,-0.1423270190108511,0,0
437.33222201576723,112.19442975602797,121.56203207857888,0.1712921047365561,0.002253765793805056,0.01072404847305511,1.0,0,0,0.8287078952634439,-0.002253765793805056,-0.01072404847305511,-0.1705496475140689,-0.17206699313252147,0,0
1284.2268420173286,133.48121220361529,168.8620920208621,0.20125698821980087,0.002655470934353392,0.016086072709582674,1.0,0,0,0.7987430117801991,-0.002655470934353392,-0.016086072709582674,-0.20013788707389402,-0.20241390550157287,0,0
1284.2268420173286,200.75362703878065,189.41093412341306,0.22507580771008615,0.0030642057271231676,0.018230882404193696,1.0,0,0,0.7749241922899138,-0.0030642057271231676,-0.018230882404193696,-0.2238084787217541,-0.2263879662731235,0,0
1284.2268420173286,288.9697116820819,200.75362703878065,0.2550361421603283,0.0037229688211179003,0.025737716335332304,1.0,0,0,0.7449638578396717,-0.0037229688211179003,-0.025737716335332304,-0.253244983719734,-0.2568866132040202,0,0
1284.2268420173286,206.97300472647143,151.28683687310368,0.2845374801349017,0.004529923118786442,0.028954930877248822,1.0,0,0,0.7154625198650983,-0.004529923118786442,-0.028954930877248822,-0.28252975415586856,-0.2866265873256906,0,0
1411.3480414449798,225.71785045590883,189.41093412341306,0.31411421896951974,0.0053548110859667425,0.0268101211826378,1.0,0,0,0.6858857810304803,-0.0053548110859667425,-0.0268101211826378,-0.31226972827753896,-0.3160630923236704,0,0
1284.2268420173286,206.97300472647143,200.75362703878065,0.3439189126045001,0.00617006311420257,0.027882526029943323,1.0,0,0,0.6560810873954999,-0.00617006311420257,-0.027882526029943323,-0.34200970239920936,-0.34595480100718606,0,0
1284.2268420173286,196.81893899271049,191.20821604693444,0.3680345952555392,0.006868526243705743,0.030027335724554342,1.0,0,0,0.6319654047444607,-0.006868526243705743,-0.030027335724554342,-0.36598376317076,-0.3702323309024272,0,0
1284.2268420173286,187.6483042942066,211.34777997197892,0.3982171163093555,0.007742703368052481,0.027882526029943323,1.0,0,0,0.6017828836906445,-0.007742703368052481,-0.027882526029943323,-0.3963306755398114,-0.4002757741477881,0,0
233.7026839645806,187.6483042942066,196.81893899271049,0.4222580523966043,0.00840029851550988,0.026810121182637824,1.0,0,0,0.5777419476033957,-0.00840029851550988,-0.026810121182637824,-0.42045647087320726,-0.4242498349193387,0,0
602.1580731583105,189.41093412341306,174.67928447558052,0.45236696755766376,0.009191559788931982,0.025737716335332325,1.0,0,0,0.5476330324423362,-0.009191559788931982,-0.025737716335332325,-0.4506516486804134,-0.4542932781646996,0,0
1411.3480414449798,265.2554052777127,191.20821604693444,0.4827783725134579,0.010023407278302383,0.028954930877248868,1.0,0,0,0.5172216274865421,-0.010023407278302383,-0.028954930877248868,-0.48084682648761956,-0.4849436596574415,0,0
204.85569342211394,242.3065498311679,150.1726803268919,0.5070441628159805,0.010778310456416931,0.03324455026647091,1.0,0,0,0.4929558371840195,-0.010778310456416931,-0.03324455026647091,-0.5048208872591702,-0.5095246586763732,0,0
900.238757316699,261.6981137825328,242.3065498311679,0.5374564423615342,0.011577544135616586,0.019303287251499265,1.0,0,0,0.4625435576384658,-0.011577544135616586,-0.019303287251499265,-0.5362299415611383,-0.5389611636743531,0,0
1180.1265773010464,209.13650375320472,211.34777997197892,0.5677999345426944,0.012033145481920872,0.010724048473055131,1.0,0,0,0.4322000654573056,-0.012033145481920872,-0.010724048473055131,-0.5671837921775708,-0.5687011377960235,0,0
624.3377665398167,173.18670720903205,155.91651753124995,0.5979176820076392,0.012339991072582332,0.009651643625749634,1.0,0,0,0.4020823179923608,-0.012339991072582332,-0.009651643625749634,-0.5973789699847769,-0.5987445810413844,0,0
1284.2268420173286,168.8620920208621,198.76603234393832,0.6274288281848098,0.012609005641328662,0.00857923877844411,1.0,0,0,0.37257117181519017,-0.012609005641328662,-0.00857923877844411,-0.626967209544602,-0.6281810860393643,0,0
236.49825525583836,133.48121220361529,196.81893899271049,0.6510229793237364,0.01277347443848871,0.005362024236527567,1.0,0,0,0.34897702067626357,-0.01277347443848871,-0.005362024236527567,-0.6507895357543074,-0.6515482085635339,0,0
1284.2268420173286,124.52854747504531,200.75362703878065,0.6806868772087005,0.012884815938940383,0.002144809694611023,1.0,0,0,0.31931312279129953,-0.012884815938940383,-0.002144809694611023,-0.6806812444378231,-0.6809847135615138,0,0
1284.2268420173286,158.34116103748556,200.75362703878065,0.7039778612426207,0.012997214950272845,0.007506833931138612,1.0,0,0,0.29602213875737926,-0.012997214950272845,-0.007506833931138612,-0.7035931632764569,-0.7046553052093739,0,0
204.85569342211394,141.82331249922515,136.15031850713706,0.7332615539569372,0.013248452906397864,0.009651643625749632,1.0,0,0,0.26673844604306285,-0.013248452906397864,-0.009651643625749632,-0.7327261991507463,-0.7340918102073538,0,0
1284.2268420173286,353.40072554933454,187.6483042942066,0.7633035978763297,0.013538417011946689,0.009651643625749632,1.0,0,0,0.23669640212367027,-0.013538417011946689,-0.009651643625749632,-0.7627696423961072,-0.7641352534527147,0,0
1093.1463157010076,317.7208243859324,191.20821604693444,0.7934213453412745,0.01384526260260815,0.01072404847305513,1.0,0,0,0.2065786546587255,-0.01384526260260815,-0.01072404847305513,-0.7928130856414681,-0.7943304312599209,0,0
1284.2268420173286,196.81893899271049,179.3202830877122,0.8229330006243692,0.014050980808702231,0.00321721454191652,1.0,0,0,0.17706699937563075,-0.014050980808702231,-0.00321721454191652,-0.822856528886829,-0.823311732572365,0,0
1284.2268420173286,112.19442975602797,196.81893899271049,0.8527488034509763,0.014098942767287641,-2.3852447794681098e-17,1.0,0,0,0.14725119654902374,-0.014098942767287641,2.3852447794681098e-17,-0.8528999721321899,-0.8528999721321902,0,0
1284.2268420173286,75.99135610686974,137.0639518589543,0.8827162717146185,0.014018599429221061,-0.005362024236527587,1.0,0,0,0.11728372828538147,-0.014018599429221061,0.005362024236527587,-0.8832468845012413,-0.8824882116920153,0,0
624.3377665398167,60.603559569501805,123.77355272308415,0.9120002170187999,0.013798765585558873,-0.009651643625749655,1.0,0,0,0.08799978298120015,-0.013798765585558873,0.009651643625749655,-0.9128351240610665,-0.9114695130044594,0,0
1284.2268420173286,70.74309622023037,102.04483787812359,0.9377187778825795,0.013647069925089203,-0.0021448096946110693,1.0,0,0,0.06228122211742049,-0.013647069925089203,0.0021448096946110693,-0.9380230613273791,-0.937719592203689,0,0
1284.2268420173286,82.68751571021457,114.0802412881919,0.9578994281903089,0.013603786204294227,-0.0021448096946110693,1.0,0,0,0.04210057180969107,-0.013603786204294227,0.0021448096946110693,-0.9582037580527983,-0.9579002889291082,0,0
624.3377665398167,95.30295822324965,98.56325615049124,0.9732246101242964,0.013620221009986368,0.004289619389222005,1.0,0,0,0.026775389875703604,-0.013620221009986368,-0.004289619389222005,-0.9730737451136335,-0.9736806833610149,0,0
1284.2268420173286,101.02616679983112,105.77203060255431,0.9839974604693579,0.013701092527603027,0.010724048473055067,1.0,0,0,0.016002539530642124,-0.013701092527603027,-0.010724048473055067,-0.983391695319111,-0.9849090409375639,0,0
239.3652489782259,91.40254728973653,99.53441397948464,0.9905215063759243,0.013785054183998776,0.015013667862277116,1.0,0,0,0.009478493624075712,-0.013785054183998776,-0.015013667862277116,-0.9896128123547665,-0.9917370962206005,0,0
1284.2268420173286,94.8539958627646,102.56164513946942,0.9932524630748918,0.01382312963642014,0.012868858167666091,1.0,0,0,0.006747536925108211,-0.01382312963642014,-0.012868858167666091,-0.9924957690298264,-0.9943165837719699,0,0
1180.1265773010464,93.53102222430564,105.77203060255431,0.9932524630748918,0.01382312963642014,0.012868858167666091,1.0,0,0,0.006747536925108211,-0.01382312963642014,-0.012868858167666091,-0.9924957690298264,-0.9943165837719699,0,0
1284.2268420173286,95.7560002023429,104.1428794944386,0.9932524630748918,0.01382312963642014,0.012868858167666091,1.0,0,0,0.006747536925108211,-0.01382312963642014,-0.012868858167666091,-0.9924957690298264,-0.9943165837719699,0,0
624.3377665398167,90.98786202822609,92.2427776670329,0.9932524630748918,0.01382312963642014,0.012868858167666091,1.0,0,0,0.006747536925108211,-0.01382312963642014,-0.012868858167666091,-0.9924957690298264,-0.9943165837719699,0,0
236.49825525583836,89.36420701132127,95.7560002023429,0.9932524630748918,0.01382312963642014,0.012868858167666091,1.0,0,0,0.006747536925108211,-0.01382312963642014,-0.012868858167666091,-0.9924957690298264,-0.9943165837719699,0,0
1284.2268420173286,95.30295822324965,103.08353533160607,0.9932524630748918,0.01382312963642014,0.012868858167666091,1.0,0,0,0.006747536925108211,-0.01382312963642014,-0.012868858167666091,-0.9924957690298264,-0.9943165837719699,0,0
624.3377665398167,88.96683466233691,93.96808322544976,0.9932524630748918,0.01382312963642014,0.012868858167666091,1.0,0,0,0.006747536925108211,-0.01382312963642014,-0.012868858167666091,-0.9924957690298264,-0.9943165837719699,0,0
1284.2268420173286,87.79450977305973,102.56164513946942,0.9932524630748918,0.01382312963642014,0.012868858167666091,1.0,0,0,0.006747536925108211,-0.01382312963642014,-0.012868858167666091,-0.9924957690298264,-0.9943165837719699,0,0
1284.2268420173286,95.30295822324965,103.61058678886198,0.9932524630748918,0.01382312963642014,0.012868858167666091,1.0,0,0,0.006747536925108211,-0.01382312963642014,-0.012868858167666091,-0.9924957690298264,-0.9943165837719699,0,0
624.3377665398167,89.76495072901147,91.82083615681199,0.9932524630748918,0.01382312963642014,0.012868858167666091,1.0,0,0,0.006747536925108211,-0.01382312963642014,-0.012868858167666091,-0.9924957690298264,-0.9943165837719699,0,0
1284.2268420173286,93.96808322544976,103.08353533160607,0.9932524630748918,0.01382312963642014,0.012868858167666091,1.0,0,0,0.006747536925108211,-0.01382312963642014,-0.012868858167666091,-0.9924957690298264,-0.9943165837719699,0,0
1284.2268420173286,94.8539958627646,103.08353533160607,0.9932524630748918,0.01382312963642014,0.012868858167666091,1.0,0,0,0.006747536925108211,-0.01382312963642014,-0.012868858167666091,-0.9924957690298264,-0.9943165837719699,0,0
360.20900612823414,85.16922919230018,85.16922919230018,0.9932524630748918,0.01382312963642014,0.012868858167666091,-0.006747536925108211,0,0,-1.0,-0.01382312963642014,-0.012868858167666091,-0.9924957690298264,-0.9943165837719699,0,0
236.49825525583836,88.96683466233691,98.56325615049124,0.9868800548835083,0.01374795433358058,0.010724048473055059,-0.006747536925108211,0,0,-0.9936275918086165,-0.01374795433358058,-0.010724048473055059,-0.9862746519941709,-0.9877919976126238,0,0
1284.2268420173286,106.32612268515561,105.22351709380416,0.9591136519471357,0.013509733888135615,0.006434429083832968,-0.006747536925108211,0,0,-0.9658611888722439,-0.013509733888135615,-0.006434429083832968,-0.9588106963001793,-0.9597211036712513,0,0
624.3377665398167,90.57673222463723,91.82083615681199,0.9285392476173944,0.01342776334322212,-0.001072404847305618,-0.006747536925108211,0,0,-0.9352867845425026,-0.01342776334322212,0.001072404847305618,-0.9287672530548184,-0.9286155184929736,0,0
1284.2268420173286,103.61058678886198,112.81620876492863,0.8975096412380787,0.013510954293270809,-0.004289619389222161,-0.006747536925108211,0,0,-0.904257178163187,-0.013510954293270809,0.004289619389222161,-0.8979651370002313,-0.8973581987528507,0,0
1284.2268420173286,85.16922919230018,135.24881572421333,0.8657982848790522,0.013783020266483917,-0.012868858167666244,-0.006747536925108211,0,0,-0.8725458218041604,-0.013783020266483917,0.012868858167666244,-0.8668595518219536,-0.8650387370798109,0,0
417.22151175368833,58.694353098834746,162.1258003695371,0.8338620210694622,0.014279665056101643,-0.018230882404193807,-0.006747536925108211,0,0,-0.8406095579945704,-0.014279665056101643,0.018230882404193807,-0.8352987629581402,-0.8327192754067712,0,0
1284.2268420173286,63.89502910136053,562.6000187683081,0.8023832956001307,0.01490426885632043,-0.021448096946110325,-0.006747536925108211,0,0,-0.8091308325252389,-0.01490426885632043,0.021448096946110325,-0.8040414432180173,-0.8010067519811125,0,0
1284.2268420173286,72.59760196071355,211.34777997197892,0.7706760420960934,0.01548238411617193,-0.015013667862277287,-0.006747536925108211,0,0,-0.7774235790212016,-0.01548238411617193,0.015013667862277287,-0.7718737161068228,-0.7697494322409896,0,0
417.22151175368833,112.81620876492863,126.06628950603962,0.7390410277563404,0.015804687922987625,-0.005362024236527705,-0.006747536925108211,0,0,-0.7457885646814486,-0.015804687922987625,0.005362024236527705,-0.739554254433783,-0.7387955816245572,0,0
1284.2268420173286,312.50933522689996,177.7453057985956,0.7074044853109257,0.015889506079883233,-1.4137996329210978e-16,-0.006747536925108211,0,0,-0.7141520222360339,-0.015889506079883233,1.4137996329210978e-16,-0.7075382618844337,-0.7075382618844342,0,0
1284.2268420173286,245.3252030939217,179.3202830877122,0.6759960812036256,0.015687408141932712,0.012868858167665982,-0.006747536925108211,0,0,-0.6827436181287339,-0.015687408141932712,-0.012868858167665982,-0.6752188002113939,-0.6770396149535376,0,0
180.92431015592842,213.60849807698625,128.44498763419128,0.6443643776750694,0.015127636847754864,0.022520501793415564,-0.006747536925108211,0,0,-0.6511119146001776,-0.015127636847754864,-0.022520501793415564,-0.6428993385383541,-0.6460857643371052,0,0
1019.267059271828,317.7208243859324,154.7323071690459,0.612358988718003,0.014303709286084484,0.028954930877248652,-0.006747536925108211,0,0,-0.6191065256431112,-0.014303709286084484,-0.028954930877248652,-0.6104281423034691,-0.6145249754732918,0,0
1284.2268420173286,399.01729906632625,171.72011046907937,0.5806587917106432,0.013419598593055347,0.026810121182637606,-0.006747536925108211,0,0,-0.5874063286357514,-0.013419598593055347,-0.026810121182637606,-0.5788673534396557,-0.5826607174857878,0,0
417.22151175368833,213.60849807698625,118.73212177360972,0.5493364190116065,0.01259644769652304,0.02573771633533213,-0.006747536925108211,0,0,-0.5560839559367147,-0.01259644769652304,-0.02573771633533213,-0.5476100336995328,-0.5512516631838197,0,0
1284.2268420173286,353.40072554933454,162.1258003695371,0.5181657285048169,0.01177728300287951,0.026810121182637654,-0.006747536925108211,0,0,-0.5249132654299251,-0.01177728300287951,-0.026810121182637654,-0.5163527139594098,-0.520146078005542,0,0
1284.2268420173286,312.50933522689996,179.3202830877122,0.4871450431358127,0.011028636205861315,0.021448096946110114,-0.006747536925108211,0,0,-0.4938925800609209,-0.011028636205861315,-0.021448096946110114,-0.48570233246666794,-0.4887370237035738,0,0
602.1580731583105,198.76603234393832,133.48121220361529,0.45650243383755734,0.010338432580044816,0.023592906640721133,-0.006747536925108211,0,0,-0.46324997076266555,-0.010338432580044816,-0.023592906640721133,-0.4549002164120808,-0.45823837677267715,0,0
1284.2268420173286,206.97300472647143,137.0639518589543,0.42608774038077296,0.009637045696283812,0.02252050179341561,-0.006747536925108211,0,0,-0.43283527730588117,-0.009637045696283812,-0.02252050179341561,-0.4245533040430294,-0.4277397298417805,0,0
1284.2268420173286,223.1819809443389,171.72011046907937,0.3949900428256128,0.008936591521569049,0.02252050179341561,-0.006747536925108211,0,0,-0.401737579750721,-0.008936591521569049,-0.02252050179341561,-0.3934477188647517,-0.3966341446635028,0,0
1284.2268420173286,211.34777997197892,159.58252707905322,0.36366302205733836,0.008314997860146504,0.01715847755688807,-0.006747536925108211,0,0,-0.37041055898244657,-0.008314997860146504,-0.01715847755688807,-0.3624938682483193,-0.36492162123784405,0,0
1284.2268420173286,245.3252030939217,187.6483042942066,0.33203073641650055,0.007789148873542261,0.016086072709582545,-0.006747536925108211,0,0,-0.33877827334160876,-0.007789148873542261,-0.016086072709582545,-0.33093307938450583,-0.33320909781218533,0,0
1284.2268420173286,265.2554052777127,153.56624101955603,0.30677042198388904,0.00736922630150578,0.017158477556888044,-0.006747536925108211,0,0,-0.31351795890899725,-0.00736922630150578,-0.017158477556888044,-0.3055934075563479,-0.30802116054587264,0,0
1284.2268420173286,317.7208243859324,191.20821604693444,0.27490926049593484,0.00692501268992319,0.010724048473054956,-0.006747536925108211,0,0,-0.28165679742104305,-0.00692501268992319,-0.010724048473054956,-0.2741843532543797,-0.2757016988728329,0,0
602.1580731583105,218.28532251964043,167.46934895889862,0.24274271720352514,0.006649041463506076,0.006434429083832915,-0.006747536925108211,0,0,-0.24949025412863335,-0.006649041463506076,-0.006434429083832915,-0.2423200952668757,-0.2432305026379479,0,0
1284.2268420173286,209.13650375320472,187.6483042942066,0.2176312573096836,0.006473995894824483,0.007506833931138437,-0.006747536925108211,0,0,-0.22437879423479182,-0.006473995894824483,-0.007506833931138437,-0.21713215800056304,-0.2181942999334805,0,0
1284.2268420173286,223.1819809443389,176.198566643824,0.19229251801802125,0.006256603466467605,0.009651643625749457,-0.006747536925108211,0,0,-0.19904005494312946,-0.006256603466467605,-0.009651643625749457,-0.19164075161055985,-0.19300636266716784,0,0
1284.2268420173286,204.85569342211394,159.58252707905322,0.16096095705322988,0.005937391302882766,0.01072404847305493,-0.006747536925108211,0,0,-0.1677084939783381,-0.005937391302882766,-0.01072404847305493,-0.16023169730859166,-0.1617490429270449,0,0
624.3377665398167,187.6483042942066,137.98997206957193,0.1297808000382758,0.005653162542587807,0.0075068339311384355,-0.006747536925108211,0,0,-0.136528336963384,-0.005653162542587807,-0.0075068339311384355,-0.12927784669215922,-0.1303399886250767,0,0
1284.2268420173286,151.28683687310368,158.34116103748556,0.09799343752854395,0.005397490117088624,0.008579238778443958,-0.006747536925108211,0,0,-0.10474097445365216,-0.005397490117088624,-0.008579238778443958,-0.09741358870465525,-0.09862746519941798,0,0
1284.2268420173286,97.6101426547749,162.1258003695371,0.0731856391020945,0.005197955789789739,0.00750683393113846,-0.006747536925108211,0,0,-0.07993317602720271,-0.005197955789789739,-0.00750683393113846,-0.07268085512387835,-0.07374299705679582,0,0
1284.2268420173286,94.8539958627646,144.84210166738234,0.05186718140329449,0.00509507591296752,0.0021448096946108707,-0.006747536925108211,0,0,-0.058614718328402704,-0.00509507591296752,-0.0021448096946108707,-0.05174148558923289,-0.05204495471292407,0,0
1284.2268420173286,99.53441397948464,137.0639518589543,0.03100375413113849,0.005039140677604715,0.003217214541916369,-0.006747536925108211,0,0,-0.0377512910562467,-0.005039140677604715,-0.003217214541916369,-0.030802116054587422,-0.03125731974012386,0,0
1284.2268420173286,88.96683466233691,125.29273453547381,0.015906184760922717,0.005014854596794293,-1.7477339020466331e-16,-0.006747536925108211,0,0,-0.022653721686030928,-0.005014854596794293,1.7477339020466331e-16,-0.015932128993752237,-0.015932128993752896,0,0
1284.2268420173286,92.2427776670329,105.22351709380416,0.006043438240981011,0.0050148545967942946,-1.7477339020466331e-16,-0.006747536925108211,0,0,-0.012790975166089222,-0.0050148545967942946,1.7477339020466331e-16,-0.006069382473810531,-0.00606938247381119,0,0
1284.2268420173286,84.08878225753256,99.04654639912101,0.00042925945270650204,0.005014854596794295,-1.7477339020466331e-16,-0.006747536925108211,0,0,-0.007176796377814713,-0.005014854596794295,1.7477339020466331e-16,-0.00045520368553602156,-0.00045520368553668075,0,0
1284.2268420173286,87.41019065628254,110.97077873540402,-0.001922625917796086,0.005013593510037619,0.0010724048473053386,-0.006747536925108211,0,0,-0.004824911007312124,-0.005013593510037619,-0.0010724048473053386,0.001972549303988091,0.0018208147421421746,0,0
1411.3480414449798,88.5727896902875,109.77294326259755,-0.0019984931878122983,0.005013552829819662,-1.7433970933566911e-16,-0.006747536925108211,0,0,-0.004749043737295912,-0.005013552829819662,1.7433970933566911e-16,0.001972549303988091,0.0019725493039874317,0,0
1284.2268420173286,88.18202887947652,108.6000844939372,-0.0019984931878122983,0.005013552829819662,-1.7433970933566911e-16,-0.006747536925108211,0,0,-0.004749043737295912,-0.005013552829819662,1.7433970933566911e-16,0.001972549303988091,0.0019725493039874317,0,0
512.8513118946122,89.76495072901147,109.18344276436585,-0.0019984931878122983,0.005013552829819662,-1.7433970933566911e-16,-0.006747536925108211,0,0,-0.004749043737295912,-0.005013552829819662,1.7433970933566911e-16,0.001972549303988091,0.0019725493039874317,0,0
1180.1265773010464,90.16911060094986,106.88588226030939,-0.0019984931878122983,0.005013552829819662,-1.7433970933566911e-16,-0.006747536925108211,0,0,-0.004749043737295912,-0.005013552829819662,1.7433970933566911e-16,0.001972549303988091,0.0019725493039874317,0,0
602.1580731583105,82.34399565000513,102.04483787812359,-0.0019984931878122983,0.005013552829819662,-1.7433970933566911e-16,-0.006747536925108211,0,0,-0.004749043737295912,-0.005013552829819662,1.7433970933566911e-16,0.001972549303988091,0.0019725493039874317,0,0
1284.2268420173286,89.76495072901147,108.02276929750369,-0.0019984931878122983,0.005013552829819662,-1.7433970933566911e-16,-0.006747536925108211,0,0,-0.004749043737295912,-0.005013552829819662,1.7433970933566911e-16,0.001972549303988091,0.0019725493039874317,0,0
1284.2268420173286,90.16911060094986,108.6000844939372,-0.0019984931878122983,0.005013552829819662,-1.7433970933566911e-16,-0.006747536925108211,0,0,-0.004749043737295912,-0.005013552829819662,1.7433970933566911e-16,0.001972549303988091,0.0019725493039874317,0,0
1284.2268420173286,90.16911060094986,108.6000844939372,-0.0019984931878122983,0.005013552829819662,-1.7433970933566911e-16,-0.006747536925108211,0,0,-0.004749043737295912,-0.005013552829819662,1.7433970933566911e-16,0.001972549303988091,0.0019725493039874317,0,0
602.1580731583105,84.44606393366254,102.56164513946942,-0.0019984931878122983,0.005013552829819662,-1.7433970933566911e-16,-0.006747536925108211,0,0,-0.004749043737295912,-0.005013552829819662,1.7433970933566911e-16,0.001972549303988091,0.0019725493039874317,0,0
1284.2268420173286,90.16911060094986,110.36868736531008,-0.0019984931878122983,0.005013552829819662,-1.7433970933566911e-16,-0.006747536925108211,0,0,-0.004749043737295912,-0.005013552829819662,1.7433970933566911e-16,0.001972549303988091,0.0019725493039874317,0,0
1284.2268420173286,88.5727896902875,109.18344276436585,-0.0019984931878122983,0.005013552829819662,-1.7433970933566911e-16,-0.006747536925108211,0,0,-0.004749043737295912,-0.005013552829819662,1.7433970933566911e-16,0.001972549303988091,0.0019725493039874317,0,0
1284.2268420173286,88.96683466233691,109.18344276436585,-0.0019984931878122983,0.005013552829819662,-1.7433970933566911e-16,-0.006747536925108211,0,0,-0.004749043737295912,-0.005013552829819662,1.7433970933566911e-16,0.001972549303988091,0.0019725493039874317,0,0
1284.2268420173286,87.79450977305973,109.77294326259755,-0.0019984931878122983,0.005013552829819662,-1.7433970933566911e-16,-0.006747536925108211,0,0,-0.004749043737295912,-0.005013552829819662,1.7433970933566911e-16,0.001972549303988091,0.0019725493039874317,0,0
1284.2268420173286,89.76495072901147,109.77294326259755,-0.0019984931878122983,0.005013552829819662,-1.7433970933566911e-16,-0.006747536925108211,0,0,-0.004749043737295912,-0.005013552829819662,1.7433970933566911e-16,0.001972549303988091,0.0019725493039874317,0,0
624.3377665398167,90.16911060094986,110.36868736531008,-0.0019984931878122983,0.005013552829819662,-1.7433970933566911e-16,-0.006747536925108211,0,0,-0.004749043737295912,-0.005013552829819662,1.7433970933566911e-16,0.001972549303988091,0.0019725493039874317,0,0
1284.2268420173286,89.76495072901147,116.69355260679126,-0.0019984931878122983,0.005013552829819662,-1.7433970933566911e-16,-0.006747536925108211,0,0,-0.004749043737295912,-0.005013552829819662,1.7433970933566911e-16,0.001972549303988091,0.0019725493039874317,0,0
1284.2268420173286,89.76495072901147,108.6000844939372,-0.0019984931878122983,0.005013552829819662,-1.7433970933566911e-16,-0.006747536925108211,0,0,-0.004749043737295912,-0.005013552829819662,1.7433970933566911e-16,0.001972549303988091,0.0019725493039874317,0,0
1284.2268420173286,88.18202887947652,110.36868736531008,-0.0019984931878122983,0.005013552829819662,-1.7433970933566911e-16,-0.006747536925108211,0,0,-0.004749043737295912,-0.005013552829819662,1.7433970933566911e-16,0.001972549303988091,0.0019725493039874317,0,0
602.1580731583105,81.6648832554738,94.40905615911757,-0.0019984931878122983,0.005013552829819662,-1.7433970933566911e-16,-0.006747536925108211,0,0,-0.004749043737295912,-0.005013552829819662,1.7433970933566911e-16,0.001972549303988091,0.0019725493039874317,0,0
1284.2268420173286,87.79450977305973,108.6000844939372,-0.0019984931878122983,0.005013552829819662,-1.7433970933566911e-16,-0.006747536925108211,0,0,-0.004749043737295912,-0.005013552829819662,1.7433970933566911e-16,0.001972549303988091,0.0019725493039874317,0,0
1284.2268420173286,88.5727896902875,109.77294326259755,-0.0019984931878122983,0.005013552829819662,-1.7433970933566911e-16,-0.006747536925108211,0,0,-0.004749043737295912,-0.005013552829819662,1.7433970933566911e-16,0.001972549303988091,0.0019725493039874317,0,0
1284.2268420173286,90.16911060094986,110.36868736531008,-0.0019984931878122983,0.005013552829819662,-1.7433970933566911e-16,-0.006747536925108211,0,0,-0.004749043737295912,-0.005013552829819662,1.7433970933566911e-16,0.001972549303988091,0.0019725493039874317,0,0
1411.3480414449798,90.57673222463723,109.77294326259755,-0.0019984931878122983,0.005013552829819662,-1.7433970933566911e-16,-0.006747536925108211,0,0,-0.004749043737295912,-0.005013552829819662,1.7433970933566911e-16,0.001972549303988091,0.0019725493039874317,0,0
1284.2268420173286,49.54152688927771,109.18344276436585,-0.0019984931878122983,0.005013552829819662,-1.7433970933566911e-16,-0.006747536925108211,0,0,-0.004749043737295912,-0.005013552829819662,1.7433970933566911e-16,0.001972549303988091,0.0019725493039874317,0,0
1284.2268420173286,89.76495072901147,109.77294326259755,-0.0019984931878122983,0.005013552829819662,-1.7433970933566911e-16,-0.006747536925108211,0,0,-0.004749043737295912,-0.005013552829819662,1.7433970933566911e-16,0.001972549303988091,0.0019725493039874317,0,0
1284.2268420173286,90.16911060094986,109.77294326259755,-0.0019984931878122983,0.005013552829819662,-1.7433970933566911e-16,-0.006747536925108211,0,0,-0.004749043737295912,-0.005013552829819662,1.7433970933566911e-16,0.001972549303988091,0.0019725493039874317,0,0
1284.2268420173286,88.18202887947652,106.32612268515561,-0.0019984931878122983,0.005013552829819662,-1.7433970933566911e-16,-0.006747536925108211,0,0,-0.004749043737295912,-0.005013552829819662,1.7433970933566911e-16,0.001972549303988091,0.0019725493039874317,0,0
1411.3480414449798,87.79450977305973,105.77203060255431,-0.0019984931878122983,0.005013552829819662,-1.7433970933566911e-16,-0.006747536925108211,0,0,-0.004749043737295912,-0.005013552829819662,1.7433970933566911e-16,0.001972549303988091,0.0019725493039874317,0,0
236.49825525583836,83.03372126641216,104.68049512451793,-0.0019984931878122983,0.005013552829819662,-1.7433970933566911e-16,-0.006747536925108211,0,0,-0.004749043737295912,-0.005013552829819662,1.7433970933566911e-16,0.001972549303988091,0.0019725493039874317,0,0
1180.1265773010464,88.96683466233691,110.36868736531008,-0.0019984931878122983,0.005013552829819662,-1.7433970933566911e-16,-0.006747536925108211,0,0,-0.004749043737295912,-0.005013552829819662,1.7433970933566911e-16,0.001972549303988091,0.0019725493039874317,0,0
624.3377665398167,82.00312876373096,105.77203060255431,-0.0019984931878122983,0.005013552829819662,-1.7433970933566911e-16,-0.006747536925108211,0,0,-0.004749043737295912,-0.005013552829819662,1.7433970933566911e-16,0.001972549303988091,0.0019725493039874317,0,0
1284.2268420173286,87.41019065628254,114.0802412881919,-0.0019984931878122983,0.005013552829819662,-1.7433970933566911e-16,-0.006747536925108211,0,0,-0.004749043737295912,-0.005013552829819662,1.7433970933566911e-16,0.001972549303988091,0.0019725493039874317,0,0
1180.1265773010464,87.79450977305973,111.57932338755117,-0.0019984931878122983,0.005013552829819662,-1.7433970933566911e-16,-0.006747536925108211,0,0,-0.004749043737295912,-0.005013552829819662,1.7433970933566911e-16,0.001972549303988091,0.0019725493039874317,0,0
1411.3480414449798,85.16922919230018,103.61058678886198,-0.0019984931878122983,0.005013552829819662,-1.7433970933566911e-16,-0.006747536925108211,0,0,-0.004749043737295912,-0.005013552829819662,1.7433970933566911e-16,0.001972549303988091,0.0019725493039874317,0,0
1284.2268420173286,87.79450977305973,109.77294326259755,-0.0019984931878122983,0.005013552829819662,-1.7433970933566911e-16,-0.006747536925108211,0,0,-0.004749043737295912,-0.005013552829819662,1.7433970933566911e-16,0.001972549303988091,0.0019725493039874317,0,0
236.49825525583836,82.00312876373096,102.56164513946942,-0.0019984931878122983,0.005013552829819662,-1.7433970933566911e-16,-0.006747536925108211,0,0,-0.004749043737295912,-0.005013552829819662,1.7433970933566911e-16,0.001972549303988091,0.0019725493039874317,0,0
1284.2268420173286,90.16911060094986,108.6000844939372,-0.0019984931878122983,0.005013552829819662,-1.7433970933566911e-16,-0.006747536925108211,0,0,-0.004749043737295912,-0.005013552829819662,1.7433970933566911e-16,0.001972549303988091,0.0019725493039874317,0,0
1284.2268420173286,89.76495072901147,109.18344276436585,-0.0019984931878122983,0.005013552829819662,-1.7433970933566911e-16,-0.006747536925108211,0,0,-0.004749043737295912,-0.005013552829819662,1.7433970933566911e-16,0.001972549303988091,0.0019725493039874317,0,0
236.49825525583836,84.44606393366254,101.5330368193872,-0.0019984931878122983,0.005013552829819662,-1.7433970933566911e-16,-0.006747536925108211,0,0,-0.004749043737295912,-0.005013552829819662,1.7433970933566911e-16,0.001972549303988091,0.0019725493039874317,0,0
1284.2268420173286,90.57673222463723,108.6000844939372,-0.0019984931878122983,0.005013552829819662,-1.7433970933566911e-16,-0.006747536925108211,0,0,-0.004749043737295912,-0.005013552829819662,1.7433970933566911e-16,0.001972549303988091,0.0019725493039874317,0,0
602.1580731583105,81.6648832554738,101.02616679983112,-0.0019984931878122983,0.005013552829819662,-1.7433970933566911e-16,-0.006747536925108211,0,0,-0.004749043737295912,-0.005013552829819662,1.7433970933566911e-16,0.001972549303988091,0.0019725493039874317,0,0
236.49825525583836,82.68751571021457,101.5330368193872,-0.0019984931878122983,0.005013552829819662,-1.7433970933566911e-16,-0.006747536925108211,0,0,-0.004749043737295912,-0.005013552829819662,1.7433970933566911e-16,0.001972549303988091,0.0019725493039874317,0,0
1284.2268420173286,87.79450977305973,109.77294326259755,-0.0019984931878122983,0.005013552829819662,-1.7433970933566911e-16,-0.006747536925108211,0,0,-0.004749043737295912,-0.005013552829819662,1.7433970933566911e-16,0.001972549303988091,0.0019725493039874317,0,0
1411.3480414449798,87.79450977305973,108.6000844939372,-0.0019984931878122983,0.005013552829819662,-1.7433970933566911e-16,-0.006747536925108211,0,0,-0.004749043737295912,-0.005013552829819662,1.7433970933566911e-16,0.001972549303988091,0.0019725493039874317,0,0
648.3999468665874,83.38264517783642,109.18344276436585,-0.0019984931878122983,0.005013552829819662,-1.7433970933566911e-16,-0.006747536925108211,0,0,-0.004749043737295912,-0.005013552829819662,1.7433970933566911e-16,0.001972549303988091,0.0019725493039874317,0,0
1411.3480414449798,90.57673222463723,110.36868736531008,-0.0019984931878122983,0.005013552829819662,-1.7433970933566911e-16,-0.006747536925108211,0,0,-0.004749043737295912,-0.005013552829819662,1.7433970933566911e-16,0.001972549303988091,0.0019725493039874317,0,0
1284.2268420173286,90.57673222463723,108.6000844939372,-0.0019984931878122983,0.005013552829819662,-1.7433970933566911e-16,-0.006747536925108211,0,0,-0.004749043737295912,-0.005013552829819662,1.7433970933566911e-16,0.001972549303988091,0.0019725493039874317,0,0
1284.2268420173286,90.16911060094986,109.77294326259755,-0.0019984931878122983,0.005013552829819662,-1.7433970933566911e-16,-0.006747536925108211,0,0,-0.004749043737295912,-0.005013552829819662,1.7433970933566911e-16,0.001972549303988091,0.0019725493039874317,0,0
1284.2268420173286,88.5727896902875,109.77294326259755,-0.0019984931878122983,0.005013552829819662,-1.7433970933566911e-16,-0.006747536925108211,0,0,-0.004749043737295912,-0.005013552829819662,1.7433970933566911e-16,0.001972549303988091,0.0019725493039874317,0,0
1284.2268420173286,87.41019065628254,108.6000844939372,-0.0019984931878122983,0.005013552829819662,-1.7433970933566911e-16,-0.006747536925108211,0,0,-0.004749043737295912,-0.005013552829819662,1.7433970933566911e-16,0.001972549303988091,0.0019725493039874317,0,0
1284.2268420173286,79.6887422048836,107.45140018288424,-0.0019984931878122983,0.005013552829819662,-1.7433970933566911e-16,-0.006747536925108211,0,0,-0.004749043737295912,-0.005013552829819662,1.7433970933566911e-16,0.001972549303988091,0.0019725493039874317,0,0
1284.2268420173286,88.18202887947652,110.97077873540402,-0.0019984931878122983,0.005013552829819662,-1.7433970933566911e-16,-0.006747536925108211,0,0,-0.004749043737295912,-0.005013552829819662,1.7433970933566911e-16,0.001972549303988091,0.0019725493039874317,0,0
236.49825525583836,82.00312876373096,101.02616679983112,-0.0019984931878122983,0.005013552829819662,-1.7433970933566911e-16,-0.006747536925108211,0,0,-0.004749043737295912,-0.005013552829819662,1.7433970933566911e-16,0.001972549303988091,0.0019725493039874317,0,0
955.6520228707801,82.34399565000513,101.5330368193872,-0.0019984931878122983,0.005013552829819662,-1.7433970933566911e-16,-0.006747536925108211,0,0,-0.004749043737295912,-0.005013552829819662,1.7433970933566911e-16,0.001972549303988091,0.0019725493039874317,0,0
1284.2268420173286,90.16911060094986,109.77294326259755,-0.0019984931878122983,0.005013552829819662,-1.7433970933566911e-16,-0.006747536925108211,0,0,-0.004749043737295912,-0.005013552829819662,1.7433970933566911e-16,0.001972549303988091,0.0019725493039874317,0,0
236.49825525583836,84.8062010048873,104.68049512451793,-0.0019984931878122983,0.005013552829819662,-1.7433970933566911e-16,-0.006747536925108211,0,0,-0.004749043737295912,-0.005013552829819662,1.7433970933566911e-16,0.001972549303988091,0.0019725493039874317,0,0
1284.2268420173286,89.76495072901147,109.18344276436585,-0.0019984931878122983,0.005013552829819662,-1.7433970933566911e-16,-0.006747536925108211,0,0,-0.004749043737295912,-0.005013552829819662,1.7433970933566911e-16,0.001972549303988091,0.0019725493039874317,0,0
1284.2268420173286,90.57673222463723,112.81620876492863,-0.0019984931878122983,0.005013552829819662,-1.7433970933566911e-16,-0.006747536925108211,0,0,-0.004749043737295912,-0.005013552829819662,1.7433970933566911e-16,0.001972549303988091,0.0019725493039874317,0,0
1284.2268420173286,87.79450977305973,109.18344276436585,-0.0019984931878122983,0.005013552829819662,-1.7433970933566911e-16,-0.006747536925108211,0,0,-0.004749043737295912,-0.005013552829819662,1.7433970933566911e-16,0.001972549303988091,0.0019725493039874317,0,0
1284.2268420173286,90.57673222463723,113.44477390085575,-0.0019984931878122983,0.005013552829819662,-1.7433970933566911e-16,-0.006747536925108211,0,0,-0.004749043737295912,-0.005013552829819662,1.7433970933566911e-16,0.001972549303988091,0.0019725493039874317,0,0
602.1580731583105,87.41019065628254,102.04483787812359,-0.0019984931878122983,0.005013552829819662,-1.7433970933566911e-16,-0.006747536925108211,0,0,-0.004749043737295912,-0.005013552829819662,1.7433970933566911e-16,0.001972549303988091,0.0019725493039874317,0,0
703.2691653992177,82.68751571021457,101.5330368193872,-0.0019984931878122983,0.005013552829819662,-1.7433970933566911e-16,-0.006747536925108211,0,0,-0.004749043737295912,-0.005013552829819662,1.7433970933566911e-16,0.001972549303988091,0.0019725493039874317,0,0
1284.2268420173286,90.57673222463723,109.77294326259755,-0.0019984931878122983,0.005013552829819662,-1.7433970933566911e-16,-0.006747536925108211,0,0,-0.004749043737295912,-0.005013552829819662,1.7433970933566911e-16,0.001972549303988091,0.0019725493039874317,0,0
1284.2268420173286,90.16911060094986,108.6000844939372,-0.0019984931878122983,0.005013552829819662,-1.7433970933566911e-16,-0.006747536925108211,0,0,-0.004749043737295912,-0.005013552829819662,1.7433970933566911e-16,0.001972549303988091,0.0019725493039874317,0,0
624.3377665398167,83.73432085224402,101.5330368193872,-0.0019984931878122983,0.005013552829819662,-1.7433970933566911e-16,-0.006747536925108211,0,0,-0.004749043737295912,-0.005013552829819662,1.7433970933566911e-16,0.001972549303988091,0.0019725493039874317,0,0
1180.1265773010464,90.57673222463723,108.6000844939372,-0.0019984931878122983,0.005013552829819662,-1.7433970933566911e-16,-0.006747536925108211,0,0,-0.004749043737295912,-0.005013552829819662,1.7433970933566911e-16,0.001972549303988091,0.0019725493039874317,0,0
236.49825525583836,83.73432085224402,100.52415418066585,-0.0019984931878122983,0.005013552829819662,-1.7433970933566911e-16,-0.006747536925108211,0,0,-0.004749043737295912,-0.005013552829819662,1.7433970933566911e-16,0.001972549303988091,0.0019725493039874317,0,0
1284.2268420173286,87.79450977305973,112.81620876492863,-0.0019984931878122983,0.005013552829819662,-1.7433970933566911e-16,-0.006747536925108211,0,0,-0.004749043737295912,-0.005013552829819662,1.7433970933566911e-16,0.001972549303988091,0.0019725493039874317,0,0
236.49825525583836,90.16911060094986,82.00312876373096,-0.0019984931878122983,0.005013552829819662,-1.7433970933566911e-16,-0.006747536925108211,0,0,-0.004749043737295912,-0.005013552829819662,1.7433970933566911e-16,0.001972549303988091,0.0019725493039874317,0,0
1284.2268420173286,90.98786202822609,109.18344276436585,-0.0019984931878122983,0.005013552829819662,-1.7433970933566911e-16,-0.006747536925108211,0,0,-0.004749043737295912,-0.005013552829819662,1.7433970933566911e-16,0.001972549303988091,0.0019725493039874317,0,0
1284.2268420173286,89.76495072901147,110.36868736531008,-0.0019984931878122983,0.005013552829819662,-1.7433970933566911e-16,-0.006747536925108211,0,0,-0.004749043737295912,-0.005013552829819662,1.7433970933566911e-16,0.001972549303988091,0.0019725493039874317,0,0
1284.2268420173286,87.79450977305973,109.77294326259755,-0.0019984931878122983,0.005013552829819662,-1.7433970933566911e-16,-0.006747536925108211,0,0,-0.004749043737295912,-0.005013552829819662,1.7433970933566911e-16,0.001972549303988091,0.0019725493039874317,0,0
471.8179059817352,90.16911060094986,109.18344276436585,-0.0019984931878122983,0.005013552829819662,-1.7433970933566911e-16,-0.006747536925108211,0,0,-0.004749043737295912,-0.005013552829819662,1.7433970933566911e-16,0.001972549303988091,0.0019725493039874317,0,0
602.1580731583105,84.08878225753256,94.8539958627646,-0.0019984931878122983,0.005013552829819662,-1.7433970933566911e-16,-0.006747536925108211,0,0,-0.004749043737295912,-0.005013552829819662,1.7433970933566911e-16,0.001972549303988091,0.0019725493039874317,0,0
1284.2268420173286,88.18202887947652,113.44477390085575,-0.0019984931878122983,0.005013552829819662,-1.7433970933566911e-16,-0.006747536925108211,0,0,-0.004749043737295912,-0.005013552829819662,1.7433970933566911e-16,0.001972549303988091,0.0019725493039874317,0,0
1284.2268420173286,87.79450977305973,109.18344276436585,-0.0019984931878122983,0.005013552829819662,-1.7433970933566911e-16,-0.006747536925108211,0,0,-0.004749043737295912,-0.005013552829819662,1.7433970933566911e-16,0.001972549303988091,0.0019725493039874317,0,0
602.1580731583105,82.00312876373096,94.40905615911757,-0.0019984931878122983,0.005013552829819662,-1.7433970933566911e-16,-0.006747536925108211,0,0,-0.004749043737295912,-0.005013552829819662,1.7433970933566911e-16,0.001972549303988091,0.0019725493039874317,0,0
1284.2268420173286,90.16911060094986,114.0802412881919,-0.0019984931878122983,0.005013552829819662,-1.7433970933566911e-16,-0.006747536925108211,0,0,-0.004749043737295912,-0.005013552829819662,1.7433970933566911e-16,0.001972549303988091,0.0019725493039874317,0,0
1284.2268420173286,90.16911060094986,109.77294326259755,-0.0019984931878122983,0.005013552829819662,-1.7433970933566911e-16,-0.006747536925108211,0,0,-0.004749043737295912,-0.005013552829819662,1.7433970933566911e-16,0.001972549303988091,0.0019725493039874317,0,0
1284.2268420173286,87.79450977305973,109.18344276436585,-0.0019984931878122983,0.005013552829819662,-1.7433970933566911e-16,-0.006747536925108211,0,0,-0.004749043737295912,-0.005013552829819662,1.7433970933566911e-16,0.001972549303988091,0.0019725493039874317,0,0
