FDist,LDist,RDist,XEst,YEst,ThetaEst,XDes,YDes,ThetaDes,XError,YError,ThetaError,SL,SR,RW,LW
459.67991945810627,36.07430705116846,42.5485367221777,0.0,0.0,0.0,0,0,0,0.0,0.0,0.0,0.0,0.0,0,0
544.8761250677193,30.856404298200047,42.985502974536416,0.0,0.0,0.0,0,0,0,0.0,0.0,0.0,0.0,0.0,0,0
1019.267059271828,30.526926956734627,43.20669553443567,0.0,0.0,0.0,0,0,0,0.0,0.0,0.0,0.0,0.0,0,0
1284.2268420173286,29.381623897205223,43.88139400932728,0.0,0.0,0.0,0,0,0,0.0,0.0,0.0,0.0,0.0,0,0
1019.267059271828,25.918902602329858,43.09587104878454,0.0,0.0,0.0,0,0,0,0.0,0.0,0.0,0.0,0.0,0,0
236.49825525583836,26.989108340162986,46.3829042936969,0.0,0.0,0.0,0,0,0,0.0,0.0,0.0,0.0,0.0,0,0
734.7683303247097,27.660416147404213,43.09587104878454,0.0,0.0,0.0,0,0,0,0.0,0.0,0.0,0.0,0.0,0,0
602.1580731583105,25.203635736394993,42.875588389285745,0.0,0.0,0.0,0,0,0,0.0,0.0,0.0,0.0,0.0,0,0
1180.1265773010464,24.905165748622878,43.42972555805186,0.0,0.0,0.0,0,0,0,0.0,0.0,0.0,0.0,0.0,0,0
512.8513118946122,25.456014597653017,43.76776822876407,0.0,0.0,0.0,0,0,0,0.0,0.0,0.0,0.0,0.0,0,0
851.4899528953961,30.658107400064964,47.26898596692454,0.0,0.0,0.0,0,0,0,0.0,0.0,0.0,0.0,0.0,0,0
734.7683303247097,29.882946467274657,48.18335473866846,0.0,0.0,0.0,0,0,0,0.0,0.0,0.0,0.0,0.0,0,0
851.4899528953961,29.013419717033194,44.34070465302382,0.0,0.0,0.0,0,0,0,0.0,0.0,0.0,0.0,0.0,0,0
528.3325926770696,28.532517899129083,37.36426621567546,0.0,0.0,0.0,0,0,0,0.0,0.0,0.0,0.0,0.0,0,0
106.88588226030939,32.51192153438282,25.971032055159682,0.0,0.0,0.0,0,0,0,0.0,0.0,0.0,0.0,0.0,0,0
102.56164513946942,32.29799013034805,26.33993847596105,0.0,0.0,0.0,0,0,0,0.0,0.0,0.0,0.0,0.0,0,0
114.72272976706012,32.15651414002179,25.86691420803121,0.0,0.0,0.0,0,0,0,0.0,0.0,0.0,0.0,0.0,0,0
110.97077873540402,30.790100524402142,25.609067445845334,0.0,0.0,0.0,0,0,0,0.0,0.0,0.0,0.0,0.0,0,0
107.45140018288424,32.29799013034805,25.405269406077494,0.0,0.0,0.0,0,0,0,0.0,0.0,0.0,0.0,0.0,0,0
87.41019065628254,31.191035234338365,25.053809401176977,0.0,0.0,0.0,0,0,0,0.0,0.0,0.0,0.0,0.0,0,0
111.57932338755117,31.39434006392785,25.763358222779125,0.0,0.0,0.0,0,0,0,0.0,0.0,0.0,0.0,0.0,0,0
107.45140018288424,30.856404298200047,24.75769029437472,0.0,0.0,0.0,0,0,0,0.0,0.0,0.0,0.0,0.0,0,0
110.36868736531008,34.06976434240545,25.004130828076164,0.0,0.0,0.0,0,0,0,0.0,0.0,0.0,0.0,0.0,0,0
115.37236097408694,37.276083951504475,26.18097245007521,0.0,0.0,0.0,0,0,0,0.0,0.0,0.0,0.0,0.0,0,0
82.34399565000513,37.81003834541127,25.30418426932561,0.0,0.0,0.0,0,0,0,0.0,0.0,0.0,0.0,0.0,0,0
100.52415418066585,38.91410827618916,25.203635736394993,0.0,0.0,0.0,0,0,0,0.0,0.0,0.0,0.0,0.0,0,0
85.16922919230018,116.69355260679126,24.70878894042906,0.0,0.0,0.0,0,0,0,0.0,0.0,0.0,0.0,0.0,0,0
110.97077873540402,223.1819809443389,25.971032055159682,0.0,0.0,0.0,0,0,0,0.0,0.0,0.0,0.0,0.0,0,0
98.56325615049124,459.67991945810627,25.25384320516452,0.0,0.0,0.0,0,0,0,0.0,0.0,0.0,0.0,0.0,0,0
114.0802412881919,261.6981137825328,26.023303163846677,0.0,0.0,0.0,0,0,0,0.0,0.0,0.0,0.0,0.0,0,0
108.6000844939372,123.77355272308415,26.023303163846677,0.0,0.0,0.0,0,0,0,0.0,0.0,0.0,0.0,0.0,0,0
112.19442975602797,174.67928447558052,26.393218193002895,0.0,0.0,0.0,0,0,0,0.0,0.0,0.0,0.0,0.0,0,0
106.88588226030939,180.92431015592842,25.354659483658537,0.0,0.0,0.0,0,0,0,0.0,0.0,0.0,0.0,0.0,0,0
106.88588226030939,209.13650375320472,24.61136879396949,0.0,0.0,0.0,0,0,0,0.0,0.0,0.0,0.0,0.0,0,0
104.1428794944386,288.9697116820819,25.763358222779125,0.0,0.0,0.0,0,0,0,0.0,0.0,0.0,0.0,0.0,0,0
111.57932338755117,220.70517709223105,25.918902602329858,0.0,0.0,0.0,0,0,0,0.0,0.0,0.0,0.0,0.0,0,0
120.13062066766372,312.50933522689996,25.971032055159682,0.0,0.0,0.0,0,0,0,0.0,0.0,0.0,0.0,0.0,0,0
125.29273453547381,158.34116103748556,26.28680469382479,0.0,0.0,0.0,1.0,0,0,1.0,0.0,0.0,0.0,0.0,0,0
112.19442975602797,284.7075611688845,26.18097245007521,0.0018966795691225846,-3.0510151771889777e-06,-0.003217214541916537,1.0,0,0,0.9981033204308775,3.0510151771889777e-06,0.003217214541916537,-0.002124283865833598,-0.0016690801802978273,0,0
152.41788953728954,196.81893899271049,37.18822146772475,0.02192564173269651,-3.0510151771888473e-06,0.00321721454191655,1.0,0,0,0.9780743582673035,3.0510151771888473e-06,-0.00321721454191655,-0.02169804234387175,-0.022153246029407526,0,0
223.1819809443389,261.6981137825328,180.92431015592842,0.044229993855570374,0.0001643871973530774,0.011796453320360632,1.0,0,0,0.9557700061444296,-0.0001643871973530774,-0.011796453320360632,-0.0433960846877435,-0.04506516486804134,0,0
163.42873978461637,129.25786434407527,58.694353098834746,0.06660942287251503,0.0004163958340970203,0.010724048473055133,1.0,0,0,0.933390577127485,-0.0004163958340970203,-0.010724048473055133,-0.06585279984084154,-0.06737014545929412,0,0
166.09994149545804,158.34116103748556,54.514390532308475,0.08868608752724527,0.0005939630794914444,0.0053620242365275935,1.0,0,0,0.9113139124727547,-0.0005939630794914444,-0.0053620242365275935,-0.08830951499393958,-0.08906818780316587,0,0
167.46934895889862,390.5444991736698,30.13818450719404,0.11099086290368448,0.0006896426632805769,0.0032172145419165727,1.0,0,0,0.8890091370963156,-0.0006896426632805769,-0.0032172145419165727,-0.11076623014703761,-0.1112214338325734,0,0
174.67928447558052,1411.3480414449798,41.906294265999335,0.12874371476400828,0.0007467575935016833,0.0032172145419165727,1.0,0,0,0.8712562852359917,-0.0007467575935016833,-0.0032172145419165727,-0.12851917388293269,-0.12897437756846847,0,0
177.7453057985956,1411.3480414449798,41.176340005486864,0.15089684614526702,0.0008180292158288758,0.0032172145419165727,1.0,0,0,0.849103153854733,-0.0008180292158288758,-0.0032172145419165727,-0.1506724199123402,-0.151127623597876,0,0
168.8620920208621,317.7208243859324,36.15817161555471,0.17320171130310974,0.0008897889999528299,0.0032172145419165727,1.0,0,0,0.8267982886968903,-0.0008897889999528299,-0.0032172145419165727,-0.17297740050359298,-0.17343260418912876,0,0
137.98997206957193,1411.3480414449798,26.23381622464695,0.195278832976956,0.0009963300823559139,0.006434429083833116,1.0,0,0,0.804721167023044,-0.0009963300823559139,-0.006434429083833116,-0.19482717740931,-0.19573758478038153,0,0
167.46934895889862,1284.2268420173286,27.6035995904869,0.21727988899414685,0.0011378962707753642,0.006434429083833116,1.0,0,0,0.7827201110058531,-0.0011378962707753642,-0.006434429083833116,-0.21682868887687226,-0.2177390962479438,0,0
159.58252707905322,206.97300472647143,28.06270908445,0.23928119803893383,0.0012322740915197469,0.0021448096946110745,1.0,0,0,0.7607188019610662,-0.0012322740915197469,-0.0021448096946110745,-0.23913366946812503,-0.23943713859181556,0,0
114.72272976706012,204.85569342211394,28.473193408840125,0.2615861273264242,0.0012801139934510363,0.0021448096946110745,1.0,0,0,0.7384138726735758,-0.0012801139934510363,-0.0021448096946110745,-0.26143865005937783,-0.26174211918306833,0,0
138.92864283985838,1411.3480414449798,22.330509274381335,0.28366350290114206,0.0012919519368766142,-0.0010724048473054692,1.0,0,0,0.7163364970988579,-0.0012919519368766142,0.0010724048473054692,-0.28374363065063063,-0.2835918960887853,0,0
99.04654639912101,1411.3480414449798,26.128272755325845,0.3055890682889715,0.0012331690895316999,-0.004289619389221988,1.0,0,0,0.6944109317110285,-0.0012331690895316999,0.004289619389221988,-0.3058968766800382,-0.30528993843265706,0,0
124.52854747504531,382.4520830402873,24.70878894042906,0.327666063012747,0.0011029524606329577,-0.007506833931138532,1.0,0,0,0.672333936987253,-0.0011029524606329577,0.007506833931138532,-0.328201857271291,-0.32713971533837405,0,0
119.42733126216413,528.3325926770696,20.89221469509625,0.3497425245488823,0.0009017101996941885,-0.010724048473055076,1.0,0,0,0.6502574754511177,-0.0009017101996941885,0.010724048473055076,-0.3505068378625438,-0.34898949224409104,0,0
110.36868736531008,427.0195773074906,24.61136879396949,0.37166703088986225,0.0006783389762655695,-0.009651643625749553,1.0,0,0,0.6283329691101378,-0.0006783389762655695,0.009651643625749553,-0.37235661476826076,-0.3709910037116533,0,0
125.29273453547381,276.5725757314533,21.494038780723614,0.39359252063092265,0.0005960430846273782,0.0021448096946110745,1.0,0,0,0.6064074793690774,-0.0005960430846273782,-0.0021448096946110745,-0.3934477188647515,-0.39375118798844183,0,0
184.22292190812155,280.5772654118684,28.6516875778294,0.4111930820550713,0.0007470462085159917,0.015013667862277223,1.0,0,0,0.5888069179449287,-0.0007470462085159917,-0.015013667862277223,-0.41013852066772977,-0.4122628045335632,0,0
312.50933522689996,353.40072554933454,34.22388685589026,0.4331148652110209,0.0011585024791581086,0.02252050179341581,1.0,0,0,0.5668851347889792,-0.0011585024791581086,-0.02252050179341581,-0.431533093887911,-0.4347195196866612,0,0
471.8179059817352,1411.3480414449798,28.237612839164704,0.45473231267840813,0.0016106301686136543,0.019303287251499268,1.0,0,0,0.5452676873215918,-0.0016106301686136543,-0.019303287251499268,-0.453382870793628,-0.45611409290684246,0,0
1284.2268420173286,75.69750294678715,96.67455639633857,0.47673016798025214,0.0020117149182713925,0.01715847755688825,1.0,0,0,0.5232698320197479,-0.0020117149182713925,-0.01715847755688825,-0.47553611682303554,-0.47796386981255945,0,0
955.6520228707801,46.75927786047718,120.84213728458607,0.4986527832085546,0.0023761522255342886,0.016086072709582726,1.0,0,0,0.5013472167914454,-0.0023761522255342886,-0.016086072709582726,-0.4975376282905978,-0.49981364671827644,0,0
317.7208243859324,36.581988162777755,769.566351540633,0.5203487169836853,0.0026786405419929136,0.01179645332036066,1.0,0,0,0.47965128301631466,-0.0026786405419929136,-0.01179645332036066,-0.51953913975816,-0.5212082199384577,0,0
317.7208243859324,39.87305607130267,1180.1265773010464,0.542197476197789,0.0028895235278466047,0.007506833931138643,1.0,0,0,0.457802523802211,-0.0028895235278466047,-0.007506833931138643,-0.5416923857875675,-0.5427545277204842,0,0
399.01729906632625,38.08145749517021,86.2760268879407,0.5641225877063093,0.003042357876332954,0.00643442908383312,1.0,0,0,0.4358774122936907,-0.003042357876332954,-0.00643442908383312,-0.5636938972551297,-0.5646043046262011,0,0
353.40072554933454,44.80786091202521,39.58151945793042,0.5860479765851463,0.003148166717619866,0.0032172145419166014,1.0,0,0,0.4139520234148537,-0.003148166717619866,-0.0032172145419166014,-0.5858471432845372,-0.5863023469700729,0,0
544.8761250677193,648.3999468665874,33.388857821495826,0.6080493741898211,0.0032189501781502974,0.0032172145419166014,1.0,0,0,0.3919506258101789,-0.0032189501781502974,-0.0032172145419166014,-0.6078486547520995,-0.6083038584376351,0,0
284.7075611688845,769.566351540633,36.24233355390543,0.6296712974786396,0.003323294537204865,0.0064344290838331455,1.0,0,0,0.3703287025213604,-0.003323294537204865,-0.0064344290838331455,-0.6292432279722807,-0.6301536353433521,0,0
261.6981137825328,1411.3480414449798,36.24233355390543,0.6512930964349145,0.003450826287157244,0.005362024236527647,1.0,0,0,0.3487069035650855,-0.003450826287157244,-0.005362024236527647,-0.6509412703161525,-0.6516999431253786,0,0
254.878386734463,48.18335473866846,32.29799013034805,0.6726875589332535,0.0035196571005006298,0.0010724048473056058,1.0,0,0,0.3273124410667465,-0.0035196571005006298,-0.0010724048473056058,-0.6726393126600242,-0.6727910472218693,0,0
242.3065498311679,45.283073634897775,35.25166339646849,0.6943097308878741,0.003531250962618465,1.0755285551056204e-16,1.0,0,0,0.30569026911212593,-0.003531250962618465,-1.0755285551056204e-16,-0.6943373550038959,-0.6943373550038958,0,0
185.91929651913173,43.54193707016939,40.26705290654683,0.716083637382527,0.00351957574006472,-0.0010724048473053907,1.0,0,0,0.283916362617473,-0.00351957574006472,0.0010724048473053907,-0.7161871319096129,-0.7160353973477676,0,0
211.34777997197892,42.332717273451834,48.854583701372256,0.7377815674340339,0.0034497686031278157,-0.005362024236527457,1.0,0,0,0.2622184325659661,-0.0034497686031278157,0.005362024236527457,-0.7381886433771752,-0.7374299705679488,0,0
242.3065498311679,42.65710812266905,54.514390532308475,0.7595549480670627,0.0032979919317936246,-0.008579238778443975,1.0,0,0,0.2404450519329373,-0.0032979919317936246,0.008579238778443975,-0.7601901548447374,-0.7589762783499753,0,0
399.01729906632625,42.985502974536416,59.635598880684206,0.7812521918916598,0.0031118415290688722,-0.008579238778443975,1.0,0,0,0.21874780810834016,-0.0031118415290688722,0.008579238778443975,-0.7818881971886091,-0.780674320693847,0,0
206.97300472647143,43.654616942576325,68.23833891011859,0.8029500346047946,0.003018765471369243,1.0755285551056204e-16,1.0,0,0,0.19704996539520536,-0.003018765471369243,-1.0755285551056204e-16,-0.8029793012850999,-0.8029793012850998,0,0
239.3652489782259,45.88875276428319,84.44606393366254,0.8245718335610696,0.003146297221321623,0.011796453320360735,1.0,0,0,0.17542816643893044,-0.003146297221321623,-0.011796453320360735,-0.8237669362579001,-0.8254360164381978,0,0
151.28683687310368,46.25855108998474,74.54267433246892,0.8463419088751094,0.0035549060437240036,0.02573771633533241,1.0,0,0,0.1536580911248906,-0.0035549060437240036,-0.02573771633533241,-0.8445545712307003,-0.8481962007149864,0,0
160.8439044330725,50.102785059575574,69.7215507122142,0.8679572180035098,0.004099759910837586,0.02466531148802691,1.0,0,0,0.13204278199649022,-0.004099759910837586,-0.02466531148802691,-0.8662526135745721,-0.8697425084970128,0,0
173.18670720903205,54.027895775402335,73.41971802386729,0.8894224702805187,0.004571734481978118,0.01930328725149937,1.0,0,0,0.11057752971948132,-0.004571734481978118,-0.01930328725149937,-0.888102390480289,-0.8908336125935036,0,0
174.67928447558052,44.69032492014681,87.02903054016306,0.9111169068885442,0.0049672870281923034,0.017158477556888374,1.0,0,0,0.08888309311145581,-0.0049672870281923034,-0.017158477556888374,-0.909952167386006,-0.9123799203755301,0,0
166.09994149545804,44.11008151330754,82.00312876373096,0.9324330354645414,0.005298776780882522,0.01394126301497183,1.0,0,0,0.06756696453545863,-0.005298776780882522,-0.01394126301497183,-0.9314984751680325,-0.9334710244720208,0,0
152.41788953728954,44.45675008456414,72.32728403086773,0.9510199180776304,0.005448274977176799,0.0021448096946111786,1.0,0,0,0.04898008192236958,-0.005448274977176799,-0.0021448096946111786,-0.9509204990842254,-0.9512239682079159,0,0
187.6483042942066,47.919138344411984,80.33749690282312,0.9658139846887955,0.005408611810283173,-0.007506833931138452,1.0,0,0,0.034186015311204465,-0.005408611810283173,0.007506833931138452,-0.9663974243924416,-0.9653352824595248,0,0
138.92864283985838,51.11102239631034,73.9772983740448,0.9768899707748943,0.005289827844982206,-0.013941263014971526,1.0,0,0,0.023110029225105744,-0.005289827844982206,0.013941263014971526,-0.9779292510926811,-0.9759567017886928,0,0
130.08105893503551,54.67822383804812,75.69750294678715,0.9850067884177117,0.005163602209616183,-0.01715847755688807,1.0,0,0,0.01499321158228828,-0.005163602209616183,0.01715847755688807,-0.9862746519941703,-0.9838468990046462,0,0
115.37236097408694,55.174823329569996,84.08878225753256,0.9901648023896438,0.005064023215689514,-0.021448096946110117,1.0,0,0,0.009835197610356228,-0.005064023215689514,0.021448096946110117,-0.9917370962205996,-0.9887024049836944,0,0
171.72011046907937,54.842902515546676,75.99135610686974,0.9913782426538862,0.00503148293832196,-0.03217214541916524,1.0,0,0,0.008621757346113812,-0.00503148293832196,0.03217214541916524,-0.993709645524588,-0.9891576086692302,0,0
151.28683687310368,49.54152688927771,63.89502910136053,0.9913782426538862,0.00503148293832196,-0.03217214541916524,1.0,0,0,0.008621757346113812,-0.00503148293832196,0.03217214541916524,-0.993709645524588,-0.9891576086692302,0,0
106.88588226030939,54.027895775402335,78.419964244608,0.9913782426538862,0.00503148293832196,-0.03217214541916524,1.0,0,0,0.008621757346113812,-0.00503148293832196,0.03217214541916524,-0.993709645524588,-0.9891576086692302,0,0
177.7453057985956,54.67822383804812,72.86976705815192,0.9913782426538862,0.00503148293832196,-0.03217214541916524,1.0,0,0,0.008621757346113812,-0.00503148293832196,0.03217214541916524,-0.993709645524588,-0.9891576086692302,0,0
127.64222867598318,25.30418426932561,71.79211210149265,0.9913782426538862,0.00503148293832196,-0.03217214541916524,1.0,0,0,0.008621757346113812,-0.00503148293832196,0.03217214541916524,-0.993709645524588,-0.9891576086692302,0,0
93.96808322544976,27.044189133291546,72.05879380612686,0.9913782426538862,0.00503148293832196,-0.03217214541916524,1.0,0,0,0.008621757346113812,-0.00503148293832196,0.03217214541916524,-0.993709645524588,-0.9891576086692302,0,0
152.41788953728954,62.417090148203904,74.828338960275,0.9913782426538862,0.00503148293832196,-0.03217214541916524,1.0,0,0,0.008621757346113812,-0.00503148293832196,0.03217214541916524,-0.993709645524588,-0.9891576086692302,0,0
120.84213728458607,346.8640580657511,69.22073170815571,0.9913782426538862,0.00503148293832196,-0.03217214541916524,1.0,0,0,0.008621757346113812,-0.00503148293832196,0.03217214541916524,-0.993709645524588,-0.9891576086692302,0,0
145.87739303694283,196.81893899271049,72.32728403086773,0.9913782426538862,0.00503148293832196,-0.03217214541916524,1.0,0,0,0.008621757346113812,-0.00503148293832196,0.03217214541916524,-0.993709645524588,-0.9891576086692302,0,0
136.15031850713706,399.01729906632625,73.14379906825155,0.9913782426538862,0.00503148293832196,-0.03217214541916524,1.0,0,0,0.008621757346113812,-0.00503148293832196,0.03217214541916524,-0.993709645524588,-0.9891576086692302,0,0
114.72272976706012,328.72509627198025,70.2289601667081,0.9913782426538862,0.00503148293832196,-0.03217214541916524,1.0,0,0,0.008621757346113812,-0.00503148293832196,0.03217214541916524,-0.993709645524588,-0.9891576086692302,0,0
160.8439044330725,209.13650375320472,74.25900132173959,0.9913782426538862,0.00503148293832196,-0.03217214541916524,1.0,0,0,0.008621757346113812,-0.00503148293832196,0.03217214541916524,-0.993709645524588,-0.9891576086692302,0,0
110.97077873540402,164.75326598182954,65.21205562750623,0.9913782426538862,0.00503148293832196,-0.03217214541916524,1.0,0,0,0.008621757346113812,-0.00503148293832196,0.03217214541916524,-0.993709645524588,-0.9891576086692302,0,0
123.77355272308415,233.7026839645806,64.767717284378,0.9913782426538862,0.00503148293832196,-0.03217214541916524,1.0,0,0,0.008621757346113812,-0.00503148293832196,0.03217214541916524,-0.993709645524588,-0.9891576086692302,0,0
134.3591943699604,312.50933522689996,71.26409887021845,0.9913782426538862,0.00503148293832196,-0.03217214541916524,1.0,0,0,0.008621757346113812,-0.00503148293832196,0.03217214541916524,-0.993709645524588,-0.9891576086692302,0,0
160.8439044330725,323.12240163650586,72.32728403086773,0.9913782426538862,0.00503148293832196,-0.03217214541916524,-0.008621757346113812,0,0,-1.0,-0.00503148293832196,0.03217214541916524,-0.993709645524588,-0.9891576086692302,0,0
129.25786434407527,346.8640580657511,73.14379906825155,0.9865249254717394,0.0051772589378958345,-0.02788252602994319,-0.008621757346113812,0,0,-0.9951466828178532,-0.0051772589378958345,0.02788252602994319,-0.9885506704218492,-0.9846055718138724,0,0
407.8990969411948,346.8640580657511,72.32728403086773,0.9664973568702484,0.0054135241753915965,0.004289619389222198,-0.008621757346113812,0,0,-0.9751191142163622,-0.0054135241753915965,-0.004289619389222198,-0.9662456898305964,-0.9668526280779773,0,0
900.238757316699,528.3325926770696,72.59760196071355,0.944805353085322,0.004901651778019828,0.04289619389222067,-0.008621757346113812,0,0,-0.9534271104314358,-0.004901651778019828,-0.04289619389222067,-0.9418164253735101,-0.9478858078473202,0,0
228.31501027837746,448.2028325964311,76.88563626605912,0.9231372609821686,0.003761991229561201,0.062199481143719884,-0.008621757346113812,0,0,-0.9317590183282825,-0.003761991229561201,-0.062199481143719884,-0.918752771973031,-0.9275533765600558,0,0
242.3065498311679,312.50933522689996,75.69750294678715,0.9016401091730422,0.0023073974260594318,0.072923529616775,-0.008621757346113812,0,0,-0.910261866519156,-0.0023073974260594318,-0.072923529616775,-0.8964477913817782,-0.9067657415872555,0,0
129.25786434407527,1411.3480414449798,71.00273031673345,0.8803075225849498,0.0006799722403018676,0.07935795870060809,-0.008621757346113812,0,0,-0.8889292799310636,-0.0006799722403018676,-0.07935795870060809,-0.8745980144760612,-0.8858263720526101,0,0
130.91477695173097,437.33222201576723,58.32507928939602,0.8590480023658633,-0.000907485783972348,0.06970631507485849,-0.008621757346113812,0,0,-0.8676697597119771,0.000907485783972348,-0.06970631507485849,-0.8539621140651062,-0.8638248605850478,0,0
448.2028325964311,1180.1265773010464,59.445249703111536,0.8376142223213623,-0.0021616342262988464,0.04718581328144273,-0.008621757346113812,0,0,-0.8462359796674761,0.0021616342262988464,-0.04718581328144273,-0.8340848864633775,-0.8407612071845687,0,0
167.46934895889862,265.2554052777127,59.445249703111536,0.8163846846125332,-0.0029132477795933654,0.023592906640721452,-0.008621757346113812,0,0,-0.825006441958647,0.0029132477795933654,-0.023592906640721452,-0.8145111279853394,-0.8178492883459348,0,0
242.3065498311679,284.7075611688845,59.445249703111536,0.7950670850214766,-0.0031304357165602976,-0.003217214541916369,-0.008621757346113812,0,0,-0.8036888423675904,0.0031304357165602976,0.003217214541916369,-0.7950891040691466,-0.7946339003836105,0,0
1019.267059271828,399.01729906632625,50.53075884371071,0.7778470170469973,-0.0028811153584321183,-0.025737716335332124,-0.008621757346113812,0,0,-0.7864687743931111,0.0028811153584321183,0.025737716335332124,-0.7794604441990851,-0.7758188147147986,0,0
48.854583701372256,317.7208243859324,50.24476518910293,0.756242323976337,-0.0020118100177272755,-0.05469264721258099,-0.008621757346113812,0,0,-0.7648640813224508,0.0020118100177272755,0.05469264721258099,-0.759886685721047,-0.7521482230669385,0,0
47.14070323672423,254.878386734463,42.65710812266905,0.7345937837741885,-0.0005469725958909936,-0.08043036354791329,-0.008621757346113812,0,0,-0.7432155411203023,0.0005469725958909936,0.08043036354791329,-0.7400094581193183,-0.7286293659809236,0,0
48.584237987391454,133.48121220361529,44.22514953619365,0.7129050366779212,0.0013769270228184464,-0.09651643625749595,-0.008621757346113812,0,0,-0.721526794024035,-0.0013769270228184464,0.09651643625749595,-0.7193735577083633,-0.7057174471422898,0,0
58.50920899708927,196.81893899271049,54.67822383804812,0.6916100358691668,0.003438650532130343,-0.09651643625749595,-0.008621757346113812,0,0,-0.7002317932152806,-0.003438650532130343,0.09651643625749595,-0.6979789844881821,-0.6843228739221086,0,0
67.75651089553122,288.9697116820819,50.38742144020711,0.6701510906305626,0.005376961210117273,-0.08364757808982982,-0.008621757346113812,0,0,-0.6787728479766764,-0.005376961210117273,0.08364757808982982,-0.6755222693350841,-0.6636869735111536,0,0
71.79211210149265,284.7075611688845,53.867377246779164,0.648575924427919,0.006801972712220063,-0.04825821812874792,-0.008621757346113812,0,0,-0.6571976817740328,-0.006801972712220063,0.04825821812874792,-0.6513964740016882,-0.6445684187186512,0,0
417.22151175368833,528.3325926770696,53.548770921812995,0.6269612120327,0.007370006623870687,-0.004289619389221885,-0.008621757346113812,0,0,-0.6355829693788139,-0.007370006623870687,0.004289619389221885,-0.6266637404209113,-0.6260568021735299,0,0
353.40072554933454,1411.3480414449798,50.53075884371071,0.6055706246785111,0.006957046678468908,0.04289619389222067,-0.008621757346113812,0,0,-0.6141923820246249,-0.006957046678468908,-0.04289619389222067,-0.6019310068401345,-0.6080003893139443,0,0
189.41093412341306,1411.3480414449798,52.30584039894111,0.5841438774999534,0.0055879883679447045,0.08471998293713569,-0.008621757346113812,0,0,-0.5927656348460673,-0.0055879883679447045,-0.08471998293713569,-0.5775017423830481,-0.5894887727688229,0,0
1284.2268420173286,624.3377665398167,56.0199058821893,0.5630158679269687,0.0033822218916475643,0.12332655744013415,-0.008621757346113812,0,0,-0.5716376252730825,-0.0033822218916475643,-0.12332655744013415,-0.5535276816114975,-0.5709771562237016,0,0
1284.2268420173286,346.8640580657511,59.255959637469736,0.5421139792149594,0.0005634064880094825,0.1447746543862444,-0.008621757346113812,0,0,-0.5507357365610732,-0.0005634064880094825,-0.1447746543862444,-0.5309192318965542,-0.5514033977456635,0,0
1284.2268420173286,448.2028325964311,68.23833891011859,0.5210999952831198,-0.002546364174994804,0.1490642737754665,-0.008621757346113812,0,0,-0.5297217526292336,0.002546364174994804,-0.1490642737754665,-0.5093729241145277,-0.530464028211018,0,0
437.33222201576723,367.3069052663625,77.49266392626436,0.5000601055584356,-0.005475738619688496,0.12761617682935625,-0.008621757346113812,0,0,-0.5086818629045494,0.005475738619688496,-0.12761617682935625,-0.4896474310746443,-0.5077038439342294,0,0
150.1726803268919,602.1580731583105,88.18202887947652,0.4786326788666765,-0.007735996217199004,0.0825751732425247,-0.008621757346113812,0,0,-0.4872544362127903,0.007735996217199004,-0.0825751732425247,-0.4712875490913682,-0.4829711103534525,0,0
353.40072554933454,346.8640580657511,76.88563626605912,0.4572713628178169,-0.008928447446570004,0.028954930877249055,-0.008621757346113812,0,0,-0.4658931201639307,0.008928447446570004,-0.028954930877249055,-0.4536863399173184,-0.45778317308713984,0,0
72.86976705815192,437.33222201576723,30.26697313093551,0.43519401263323,-0.00889293362990753,-0.0321721454191652,-0.008621757346113812,0,0,-0.4438157699793438,0.00889293362990753,0.0321721454191652,-0.4359333961814233,-0.43138135932606514,0,0
71.527220004475,204.85569342211394,21.740789092600608,0.4133129881293319,-0.00749484934813547,-0.09544403141019048,-0.008621757346113812,0,0,-0.42193474547544574,0.00749484934813547,0.09544403141019048,-0.41848392156921876,-0.40497954556499044,0,0
88.5727896902875,258.2405371440609,23.389564303261636,0.39222319264731403,-0.004949516208691629,-0.1447746543862441,-0.008621757346113812,0,0,-0.40084494999342785,0.004949516208691629,0.1447746543862441,-0.4007309778333237,-0.38024681198421356,0,0
80.99613175561399,512.8513118946122,19.099517867391533,0.3711122261372232,-0.0014775057992140314,-0.18123641919463154,-0.008621757346113812,0,0,-0.37973398348333703,0.0014775057992140314,0.18123641919463154,-0.3819158921645118,-0.35627275121266294,0,0
88.18202887947652,512.8513118946122,24.954583122703667,0.35002092632749054,0.0025395687143357102,-0.1951776822096032,-0.008621757346113812,0,0,-0.35864268367360436,-0.0025395687143357102,0.1951776822096032,-0.3614317263154021,-0.3338160360595649,0,0
84.8062010048873,191.20821604693444,25.354659483658537,0.32884864161509186,0.006536785132663101,-0.178019204652715,-0.008621757346113812,0,0,-0.3374703989612057,-0.006536785132663101,0.178019204652715,-0.33867154203861355,-0.3134836047723005,0,0
95.30295822324965,323.12240163650586,28.355061199586004,0.3071053328851223,0.009897593417957703,-0.12868858167666142,-0.008621757346113812,0,0,-0.31572709023123613,-0.009897593417957703,0.12868858167666142,-0.31318013564861036,-0.2949719882271791,0,0
90.16911060094986,346.8640580657511,27.321922058316176,0.2847578264001809,0.012109608194780972,-0.06863391022755269,-0.008621757346113812,0,0,-0.2933795837462947,-0.012109608194780972,0.06863391022755269,-0.2864748527638451,-0.2767638408057483,0,0
139.88023555455067,167.46934895889862,28.29625192435787,0.2627709383803436,0.012911644391226412,-0.004289619389221941,-0.008621757346113812,0,0,-0.2713926957264574,-0.012911644391226412,0.004289619389221941,-0.25992130444092515,-0.25931436619354375,0,0
448.2028325964311,280.5772654118684,25.053809401176977,0.24085482816442794,0.012265126021061102,0.06327188599102537,-0.008621757346113812,0,0,-0.24947658551054175,-0.012265126021061102,-0.06327188599102537,-0.23321602155615992,-0.2421683607050297,0,0
624.3377665398167,602.1580731583105,23.710579061410876,0.21925554066189348,0.010197320193786667,0.12761617682935616,-0.008621757346113812,0,0,-0.2278772980080073,-0.010197320193786667,-0.12761617682935616,-0.20696594235693044,-0.22502235521651565,0,0
254.878386734463,624.3377665398167,22.58943126976108,0.19774979827920236,0.006790535064366801,0.1865984434311594,-0.008621757346113812,0,0,-0.20637155562531617,-0.006790535064366801,-0.1865984434311594,-0.1810193322813915,-0.20742114604246584,0,0
1284.2268420173286,1411.3480414449798,22.37340035638271,0.17697925820457122,0.002336002622882612,0.235929066407213,-0.008621757346113812,0,0,-0.18560101555068503,-0.002336002622882612,-0.235929066407213,-0.1562865987006146,-0.18966820230657078,0,0
1180.1265773010464,1411.3480414449798,30.658107400064964,0.1572515851691552,-0.00258605778502069,0.2530875439641012,-0.008621757346113812,0,0,-0.165873342515269,0.00258605778502069,-0.2530875439641012,-0.13474029091858808,-0.1705496475140684,0,0
769.566351540633,1411.3480414449798,27.210360375618606,0.13706616237443733,-0.0075533985586007345,0.22949463732337996,-0.008621757346113812,0,0,-0.14568791972055115,0.0075533985586007345,-0.22949463732337996,-0.1156217361260857,-0.14809293236097038,0,0
360.20900612823414,1411.3480414449798,26.23381622464695,0.11610035326073512,-0.011815160105367201,0.17158477556888224,-0.008621757346113812,0,0,-0.12472211060684893,0.011815160105367201,-0.17158477556888224,-0.0983239960757264,-0.1226015259709672,0,0
218.28532251964043,437.33222201576723,26.989108340162986,0.09913638421627605,-0.014306998477089612,0.12010934289821762,-0.008621757346113812,0,0,-0.10775814156238986,0.014306998477089612,-0.12010934289821762,-0.08481962007149851,-0.10181389099816698,0,0
648.3999468665874,346.8640580657511,35.495445821510074,0.07813079697567045,-0.016204358929485276,0.060054671449108914,-0.008621757346113812,0,0,-0.08675255432178426,0.016204358929485276,-0.060054671449108914,-0.06797708370667499,-0.07647421917000906,0,0
160.8439044330725,261.6981137825328,72.59760196071355,0.05735187544615873,-0.01680617936182449,-0.0021448096946108386,-0.008621757346113812,0,0,-0.06597363279227254,0.01680617936182449,0.0021448096946108386,-0.051589751027387235,-0.05128628190369639,0,0
95.7560002023429,703.2691653992177,37.72022963544492,0.03998756074181496,-0.01623801868905298,-0.06327188599102507,-0.008621757346113812,0,0,-0.048609318087928774,0.01623801868905298,0.06327188599102507,-0.03854057870869513,-0.029588239559824637,0,0
128.44498763419128,512.8513118946122,24.660015279911583,0.026390843551835,-0.01496576185628784,-0.1233265574401338,-0.008621757346113812,0,0,-0.03501260089794881,0.01496576185628784,0.1233265574401338,-0.029133035874289195,-0.011683561262084308,0,0
149.07502982648927,602.1580731583105,24.75769029437472,0.017912229833535614,-0.013697106872100292,-0.1737295852634929,-0.008621757346113812,0,0,-0.026533987179649426,0.013697106872100292,0.1737295852634929,-0.024125795333395712,0.000455203685536254,0,0
72.32728403086773,1411.3480414449798,25.609067445845334,0.009886290171097593,-0.012047724981719106,-0.2316394470179906,-0.008621757346113812,0,0,-0.018508047517211405,0.012047724981719106,0.2316394470179906,-0.020028962163573773,0.012745703195002072,0,0
45.52376917564831,1411.3480414449798,26.28680469382479,0.005026685511744387,-0.010840786545360458,-0.2552323536587119,-0.008621757346113812,0,0,-0.013648442857858198,0.010840786545360458,0.2552323536587119,-0.01669080180297812,0.01942202391619338,0,0
54.027895775402335,1411.3480414449798,26.824785427057037,0.002817774302947475,-0.010292178165197436,-0.2316394470179906,-0.008621757346113812,0,0,-0.011439531649061287,0.010292178165197436,0.2316394470179906,-0.012745703195001437,0.02002896216357441,0,0
177.7453057985956,1411.3480414449798,25.86691420803121,0.00044564842632138736,-0.009775454444448932,-0.1973224919042142,-0.008621757346113812,0,0,-0.0090674057724352,0.009775454444448932,0.1973224919042142,-0.007890197215953212,0.02002896216357441,0,0
185.91929651913173,1284.2268420173286,25.71178945415557,-0.0008959844831087943,-0.009520670822012073,-0.17801920465271495,-0.008621757346113812,0,0,-0.007725772863005018,0.009520670822012073,0.17801920465271495,-0.0051589751027385855,0.02002896216357441,0,0
196.81893899271049,1411.3480414449798,25.763358222779125,-0.0010453498189226024,-0.009493961765203557,-0.17587439495810392,-0.008621757346113812,0,0,-0.007576407527191209,0.009493961765203557,0.17587439495810392,-0.004855505979048071,0.02002896216357441,0,0
179.3202830877122,198.76603234393832,24.466187237839733,-0.0010453498189226024,-0.009493961765203557,-0.17587439495810392,-0.008621757346113812,0,0,-0.007576407527191209,0.009493961765203557,0.17587439495810392,-0.004855505979048071,0.02002896216357441,0,0
168.8620920208621,1180.1265773010464,25.609067445845334,-0.0010453498189226024,-0.009493961765203557,-0.17587439495810392,-0.008621757346113812,0,0,-0.007576407527191209,0.009493961765203557,0.17587439495810392,-0.004855505979048071,0.02002896216357441,0,0
145.87739303694283,851.4899528953961,25.66035938867435,-0.0010453498189226024,-0.009493961765203557,-0.17587439495810392,-0.008621757346113812,0,0,-0.007576407527191209,0.009493961765203557,0.17587439495810392,-0.004855505979048071,0.02002896216357441,0,0
104.1428794944386,437.33222201576723,25.004130828076164,-0.0010453498189226024,-0.009493961765203557,-0.17587439495810392,-0.008621757346113812,0,0,-0.007576407527191209,0.009493961765203557,0.17587439495810392,-0.004855505979048071,0.02002896216357441,0,0
167.46934895889862,194.9110753588243,25.763358222779125,-0.0010453498189226024,-0.009493961765203557,-0.17587439495810392,-0.008621757346113812,0,0,-0.007576407527191209,0.009493961765203557,0.17587439495810392,-0.004855505979048071,0.02002896216357441,0,0
213.60849807698625,312.50933522689996,25.66035938867435,-0.0009706457654585346,-0.009507196141298815,-0.17480199011079842,-0.008621757346113812,0,0,-0.007651111580655278,0.009507196141298815,0.17480199011079842,-0.004855505979048071,0.01987722760172915,0,0
157.11931592309642,407.8990969411948,23.66437137022323,-0.0009706457654585346,-0.009507196141298815,-0.17480199011079842,-0.008621757346113812,0,0,-0.007651111580655278,0.009507196141298815,0.17480199011079842,-0.004855505979048071,0.01987722760172915,0,0
265.2554052777127,1411.3480414449798,25.609067445845334,-0.0009706457654585346,-0.009507196141298815,-0.17480199011079842,-0.008621757346113812,0,0,-0.007651111580655278,0.009507196141298815,0.17480199011079842,-0.004855505979048071,0.01987722760172915,0,0
150.1726803268919,624.3377665398167,24.660015279911583,-0.0009706457654585346,-0.009507196141298815,-0.17480199011079842,-0.008621757346113812,0,0,-0.007651111580655278,0.009507196141298815,0.17480199011079842,-0.004855505979048071,0.01987722760172915,0,0
176.198566643824,390.5444991736698,25.203635736394993,-0.0009706457654585346,-0.009507196141298815,-0.17480199011079842,-0.008621757346113812,0,0,-0.007651111580655278,0.009507196141298815,0.17480199011079842,-0.004855505979048071,0.01987722760172915,0,0
196.81893899271049,1411.3480414449798,25.15356131134849,-0.0009706457654585346,-0.009507196141298815,-0.17480199011079842,-0.008621757346113812,0,0,-0.007651111580655278,0.009507196141298815,0.17480199011079842,-0.004855505979048071,0.01987722760172915,0,0
