FDist,LDist,RDist,XEst,YEst,ThetaEst,XDes,YDes,ThetaDes,XError,YError,ThetaError,SL,SR,RW,LW
129.25786434407527,258.2405371440609,25.203635736394993,0.0,0.0,0.0,0,0,0,0.0,0.0,0.0,0.0,0.0,0,0
139.88023555455067,153.56624101955603,25.203635736394993,0.0,0.0,0.0,0,0,0,0.0,0.0,0.0,0.0,0.0,0,0
144.84210166738234,204.85569342211394,25.15356131134849,0.0,0.0,0.0,0,0,0,0.0,0.0,0.0,0.0,0.0,0,0
140.84502956740286,133.48121220361529,25.15356131134849,0.0,0.0,0.0,0,0,0,0.0,0.0,0.0,0.0,0.0,0,0
118.73212177360972,167.46934895889862,24.37002602209273,0.0,0.0,0.0,0,0,0,0.0,0.0,0.0,0.0,0.0,0,0
134.3591943699604,189.41093412341306,24.32213184643946,0.0,0.0,0.0,0,0,0,0.0,0.0,0.0,0.0,0.0,0,0
134.3591943699604,206.97300472647143,25.203635736394993,0.0,0.0,0.0,0,0,0,0.0,0.0,0.0,0.0,0.0,0,0
123.77355272308415,167.46934895889862,25.25384320516452,0.0,0.0,0.0,0,0,0,0.0,0.0,0.0,0.0,0.0,0,0
128.44498763419128,258.2405371440609,24.855878172379555,0.0,0.0,0.0,0,0,0,0.0,0.0,0.0,0.0,0.0,0,0
133.48121220361529,209.13650375320472,25.15356131134849,0.0,0.0,0.0,0,0,0,0.0,0.0,0.0,0.0,0.0,0,0
137.98997206957193,328.72509627198025,24.22671386331148,0.0,0.0,0.0,0,0,0,0.0,0.0,0.0,0.0,0.0,0,0
82.00312876373096,170.27879631253745,23.344165399617317,0.0,0.0,0.0,0,0,0,0.0,0.0,0.0,0.0,0.0,0,0
129.25786434407527,239.3652489782259,24.905165748622878,0.0,0.0,0.0,0,0,0,0.0,0.0,0.0,0.0,0.0,0,0
133.48121220361529,194.9110753588243,25.053809401176977,0.0,0.0,0.0,0,0,0,0.0,0.0,0.0,0.0,0.0,0,0
133.48121220361529,185.91929651913173,24.954583122703667,0.0,0.0,0.0,0,0,0,0.0,0.0,0.0,0.0,0.0,0,0
104.68049512451793,185.91929651913173,24.17918906549187,0.0,0.0,0.0,0,0,0,0.0,0.0,0.0,0.0,0.0,0,0
129.25786434407527,47.787928988589464,25.405269406077494,0.0,0.0,0.0,0,0,0,0.0,0.0,0.0,0.0,0.0,0,0
137.98997206957193,39.29331088815539,23.344165399617317,0.0,0.0,0.0,0,0,0,0.0,0.0,0.0,0.0,0.0,0,0
152.41788953728954,26.446644470518727,25.203635736394993,0.0,0.0,0.0,0,0,0,0.0,0.0,0.0,0.0,0.0,0,0
117.36537105675751,22.033164800444176,25.004130828076164,0.0,0.0,0.0,0,0,0,0.0,0.0,0.0,0.0,0.0,0,0
123.02757911911826,20.197102771620948,25.004130828076164,0.0,0.0,0.0,0,0,0,0.0,0.0,0.0,0.0,0.0,0,0
133.48121220361529,19.099517867391533,24.954583122703667,0.0,0.0,0.0,0,0,0,0.0,0.0,0.0,0.0,0.0,0,0
150.1726803268919,19.93438562175379,25.053809401176977,0.0,0.0,0.0,0,0,0,0.0,0.0,0.0,0.0,0.0,0,0
132.61463364415852,19.97166324722388,25.203635736394993,0.0,0.0,0.0,0,0,0,0.0,0.0,0.0,0.0,0.0,0,0
120.13062066766372,20.197102771620948,25.15356131134849,0.0,0.0,0.0,0,0,0,0.0,0.0,0.0,0.0,0.0,0,0
147.99350743133397,20.696236055220425,24.5628489666094,0.0,0.0,0.0,0,0,0,0.0,0.0,0.0,0.0,0.0,0,0
151.28683687310368,21.010896801842307,24.905165748622878,0.0,0.0,0.0,0,0,0,0.0,0.0,0.0,0.0,0.0,0,0
145.87739303694283,22.159982088780858,25.203635736394993,0.0,0.0,0.0,0,0,0,0.0,0.0,0.0,0.0,0.0,0,0
88.96683466233691,28.355061199586004,22.94064078706048,0.0,0.0,0.0,0,0,0,0.0,0.0,0.0,0.0,0.0,0,0
129.25786434407527,30.724001887465562,24.905165748622878,0.0,0.0,0.0,0,0,0,0.0,0.0,0.0,0.0,0.0,0,0
110.97077873540402,29.882946467274657,24.22671386331148,0.0,0.0,0.0,0,0,0,0.0,0.0,0.0,0.0,0.0,0,0
93.53102222430564,31.59957383146636,25.405269406077494,0.0,0.0,0.0,0,0,0,0.0,0.0,0.0,0.0,0.0,0,0
145.87739303694283,30.922914202681703,25.004130828076164,0.0,0.0,0.0,0,0,0,0.0,0.0,0.0,0.0,0.0,0,0
138.92864283985838,29.381623897205223,25.25384320516452,0.0,0.0,0.0,0,0,0,0.0,0.0,0.0,0.0,0.0,0,0
145.87739303694283,30.989631238220753,25.053809401176977,0.0,0.0,0.0,0,0,0,0.0,0.0,0.0,0.0,0.0,0,0
151.28683687310368,30.202480579810853,25.203635736394993,0.0,0.0,0.0,0,0,0,0.0,0.0,0.0,0.0,0.0,0,0
151.28683687310368,30.724001887465562,25.15356131134849,0.0,0.0,0.0,0,0,0,0.0,0.0,0.0,0.0,0.0,0,0
123.77355272308415,31.056556411796677,25.203635736394993,0.0,0.0,0.0,0,0,0,0.0,0.0,0.0,0.0,0.0,0,0
123.77355272308415,24.5628489666094,25.203635736394993,0.0,0.0,0.0,0,0,0,0.0,0.0,0.0,0.0,0.0,0,0
128.44498763419128,22.632955363231254,24.5628489666094,0.0,0.0,0.0,0,0,0,0.0,0.0,0.0,0.0,0.0,0,0
127.64222867598318,23.1188681289847,25.25384320516452,0.0,0.0,0.0,0,0,0,0.0,0.0,0.0,0.0,0.0,0,0
123.02757911911826,23.80334702660077,24.855878172379555,0.0,0.0,0.0,0,0,0,0.0,0.0,0.0,0.0,0.0,0,0
134.3591943699604,23.61828058878553,24.17918906549187,0.0,0.0,0.0,0,0,0,0.0,0.0,0.0,0.0,0.0,0,0
123.77355272308415,27.660416147404213,25.004130828076164,0.0,0.0,0.0,0,0,0,0.0,0.0,0.0,0.0,0.0,0,0
102.56164513946942,31.59957383146636,24.514455284677474,0.0,0.0,0.0,0,0,0,0.0,0.0,0.0,0.0,0.0,0,0
128.44498763419128,31.258590930792266,25.15356131134849,0.0,0.0,0.0,0,0,0,0.0,0.0,0.0,0.0,0.0,0,0
133.48121220361529,30.989631238220753,25.203635736394993,0.0,0.0,0.0,0,0,0,0.0,0.0,0.0,0.0,0.0,0,0
129.25786434407527,28.952686402369643,25.10361938144616,0.0,0.0,0.0,0,0,0,0.0,0.0,0.0,0.0,0.0,0,0
139.88023555455067,29.946465878260994,25.10361938144616,0.0,0.0,0.0,0,0,0,0.0,0.0,0.0,0.0,0.0,0,0
134.3591943699604,28.532517899129083,25.053809401176977,0.0,0.0,0.0,0,0,0,0.0,0.0,0.0,0.0,0.0,0,0
144.84210166738234,29.946465878260994,25.10361938144616,0.0,0.0,0.0,0,0,0,0.0,0.0,0.0,0.0,0.0,0,0
159.58252707905322,159.58252707905322,24.514455284677474,0.0,0.0,0.0,0,0,0,0.0,0.0,0.0,0.0,0.0,0,0
134.3591943699604,127.64222867598318,25.10361938144616,0.0,0.0,0.0,0,0,0,0.0,0.0,0.0,0.0,0.0,0,0
123.77355272308415,276.5725757314533,23.710579061410876,0.0,0.0,0.0,0,0,0,0.0,0.0,0.0,0.0,0.0,0,0
135.24881572421333,390.5444991736698,24.954583122703667,0.0,0.0,0.0,0,0,0,0.0,0.0,0.0,0.0,0.0,0,0
146.92774685951784,194.9110753588243,25.25384320516452,0.0,0.0,0.0,0,0,0,0.0,0.0,0.0,0.0,0.0,0,0
176.198566643824,512.8513118946122,25.203635736394993,0.0,0.0,0.0,0,0,0,0.0,0.0,0.0,0.0,0.0,0,0
88.18202887947652,129.25786434407527,22.58943126976108,0.0,0.0,0.0,0,0,0,0.0,0.0,0.0,0.0,0.0,0,0
150.1726803268919,133.48121220361529,24.905165748622878,0.0,0.0,0.0,0,0,0,0.0,0.0,0.0,0.0,0.0,0,0
137.0639518589543,239.3652489782259,25.15356131134849,0.0,0.0,0.0,0,0,0,0.0,0.0,0.0,0.0,0.0,0,0
129.25786434407527,166.09994149545804,24.954583122703667,0.0,0.0,0.0,0,0,0,0.0,0.0,0.0,0.0,0.0,0,0
152.41788953728954,193.04122344313365,25.15356131134849,0.0,0.0,0.0,0,0,0,0.0,0.0,0.0,0.0,0.0,0,0
134.3591943699604,239.3652489782259,24.855878172379555,0.0,0.0,0.0,0,0,0,0.0,0.0,0.0,0.0,0.0,0,0
123.02757911911826,562.6000187683081,24.514455284677474,0.0,0.0,0.0,0,0,0,0.0,0.0,0.0,0.0,0.0,0,0
155.91651753124995,139.88023555455067,25.25384320516452,0.0,0.0,0.0,0,0,0,0.0,0.0,0.0,0.0,0.0,0,0
135.24881572421333,211.34777997197892,25.354659483658537,0.0,0.0,0.0,0,0,0,0.0,0.0,0.0,0.0,0.0,0,0
145.87739303694283,41.69564725646781,25.15356131134849,0.0,0.0,0.0,0,0,0,0.0,0.0,0.0,0.0,0.0,0,0
123.77355272308415,39.87305607130267,25.25384320516452,0.0,0.0,0.0,0,0,0,0.0,0.0,0.0,0.0,0.0,0,0
160.8439044330725,32.51192153438282,25.10361938144616,0.0,0.0,0.0,0,0,0,0.0,0.0,0.0,0.0,0.0,0,0
117.36537105675751,30.074083981884726,24.514455284677474,0.0,0.0,0.0,0,0,0,0.0,0.0,0.0,0.0,0.0,0,0
134.3591943699604,31.737482110528177,25.25384320516452,0.0,0.0,0.0,0,0,0,0.0,0.0,0.0,0.0,0.0,0,0
127.64222867598318,31.945994776763527,25.25384320516452,0.0,0.0,0.0,0,0,0,0.0,0.0,0.0,0.0,0.0,0,0
118.73212177360972,31.462535589252198,24.954583122703667,0.0,0.0,0.0,0,0,0,0.0,0.0,0.0,0.0,0.0,0,0
128.44498763419128,31.056556411796677,24.855878172379555,0.0,0.0,0.0,0,0,0,0.0,0.0,0.0,0.0,0.0,0,0
144.84210166738234,31.462535589252198,24.905165748622878,0.0,0.0,0.0,0,0,0,0.0,0.0,0.0,0.0,0.0,0,0
140.84502956740286,31.39434006392785,24.855878172379555,0.0,0.0,0.0,0,0,0,0.0,0.0,0.0,0.0,0.0,0,0
100.02692680886574,28.952686402369643,24.32213184643946,0.0,0.0,0.0,0,0,0,0.0,0.0,0.0,0.0,0.0,0,0
117.36537105675751,38.72664396960077,25.405269406077494,0.0,0.0,0.0,0,0,0,0.0,0.0,0.0,0.0,0.0,0,0
140.84502956740286,47.14070323672423,25.203635736394993,0.0,0.0,0.0,0,0,0,0.0,0.0,0.0,0.0,0.0,0,0
114.72272976706012,93.53102222430564,24.32213184643946,0.0,0.0,0.0,0,0,0,0.0,0.0,0.0,0.0,0.0,0,0
137.98997206957193,184.22292190812155,25.15356131134849,0.0,0.0,0.0,0,0,0,0.0,0.0,0.0,0.0,0.0,0,0
147.99350743133397,242.3065498311679,24.905165748622878,0.0,0.0,0.0,0,0,0,0.0,0.0,0.0,0.0,0.0,0,0
129.25786434407527,123.77355272308415,25.203635736394993,0.0,0.0,0.0,0,0,0,0.0,0.0,0.0,0.0,0.0,0,0
137.98997206957193,206.97300472647143,24.905165748622878,0.0,0.0,0.0,1.0,0,0,1.0,0.0,0.0,0.0,0.0,0,0
136.15031850713706,218.28532251964043,25.15356131134849,0.0020484162904377376,-1.0983658848473439e-06,-0.0010724048473055134,1.0,0,0,0.9979515837095623,1.0983658848473439e-06,0.0010724048473055134,-0.002124283865833598,-0.001972549303988341,0,0
91.82083615681199,302.6164596847404,23.849908233631425,0.017752923122772737,2.4164039782277293e-05,0.004289619389222038,1.0,0,0,0.9822470768772272,-2.4164039782277293e-05,-0.004289619389222038,-0.017449474612204557,-0.018056412859585584,0,0
123.02757911911826,437.33222201576723,25.10361938144616,0.03990554495909644,0.0001904632168531535,0.0107240484730551,1.0,0,0,0.9600944550409035,-0.0001904632168531535,-0.0107240484730551,-0.03914751695607631,-0.04066486257452888,0,0
89.36420701132127,302.6164596847404,28.831755768193197,0.06220924296808976,0.0004296583250619518,0.0107240484730551,1.0,0,0,0.9377907570319103,-0.0004296583250619518,-0.0107240484730551,-0.061452497547329094,-0.06296984316578166,0,0
119.42733126216413,390.5444991736698,44.45675008456414,0.08466466681387894,0.0006704806108776126,0.0107240484730551,1.0,0,0,0.915335333186121,-0.0006704806108776126,-0.0107240484730551,-0.08390921270042713,-0.0854265583188797,0,0
122.29045980286173,248.42442609070224,58.14195534124432,0.10674089984233968,0.0008953976559216553,0.009651643625749603,1.0,0,0,0.8932591001576603,-0.0008953976559216553,-0.009651643625749603,-0.10606245872983465,-0.10742806978644197,0,0
123.77355272308415,258.2405371440609,43.09587104878454,0.12889333060031993,0.0010854533118504262,0.007506833931138582,1.0,0,0,0.8711066693996801,-0.0010854533118504262,-0.007506833931138582,-0.12836743932108743,-0.12942958125400422,0,0
121.56203207857888,239.3652489782259,26.824785427057037,0.15104595243664365,0.0012517524889213028,0.007506833931138582,1.0,0,0,0.8489540475633564,-0.0012517524889213028,-0.007506833931138582,-0.15052068535049495,-0.15158282728341174,0,0
107.45140018288424,206.97300472647143,34.85094051287913,0.1731226170913739,0.0014293197343157264,0.00857923877844408,1.0,0,0,0.8268773829086261,-0.0014293197343157264,-0.00857923877844408,-0.17252219681805722,-0.17373607331281926,0,0
105.77203060255431,288.9697116820819,30.074083981884726,0.19504687128085527,0.0016762027716682663,0.01394126301497162,1.0,0,0,0.8049531287191447,-0.0016762027716682663,-0.01394126301497162,-0.19406850460008374,-0.19604105390407203,0,0
108.02276929750369,242.3065498311679,26.87940715229901,0.21750105549491383,0.002013347767933436,0.016086072709582643,1.0,0,0,0.7824989445050862,-0.002013347767933436,-0.016086072709582643,-0.2163734851913365,-0.21864950361901533,0,0
99.53441397948464,68.23833891011859,22.85218781026422,0.239500087326255,0.0023436587440040417,0.013941263014971622,1.0,0,0,0.7604999126737451,-0.0023436587440040417,-0.013941263014971622,-0.23852673122074403,-0.24049928052473235,0,0
106.32612268515561,64.98920973082122,26.71599641697457,0.26142406415020447,0.0026140533113521596,0.010724048473055102,1.0,0,0,0.7385759358497955,-0.0026140533113521596,-0.010724048473055102,-0.2606799772501516,-0.2621973228686041,0,0
80.66556470717478,58.880520330140875,27.43411484917406,0.28372776215919776,0.002853248419560958,0.010724048473055102,1.0,0,0,0.7162722378408022,-0.002853248419560958,-0.010724048473055102,-0.28298495784140437,-0.2845023034598569,0,0
93.96808322544976,63.680115630491734,26.989108340162986,0.3059557218751393,0.003079711286220424,0.009651643625749579,1.0,0,0,0.6940442781248607,-0.003079711286220424,-0.009651643625749579,-0.30528993843265717,-0.30665554948926443,0,0
92.2427776670329,87.41019065628254,22.202459096284322,0.3278808333836596,0.003232545634706772,0.004289619389222039,1.0,0,0,0.6721191666163404,-0.003232545634706772,-0.004289619389222039,-0.32759491902390997,-0.3282018572712909,0,0
92.2427776670329,61.397967211159504,19.786108976753717,0.34980632312472,0.003314841526344964,0.0032172145419165164,1.0,0,0,0.6501936768752801,-0.003314841526344964,-0.0032172145419165164,-0.34959643049147227,-0.3500516341770079,0,0
80.66556470717478,53.867377246779164,18.373059168895537,0.37165604977369016,0.003361705103747042,0.0010724048473054956,1.0,0,0,0.6283439502263098,-0.003361705103747042,-0.0010724048473054956,-0.3715979419590345,-0.37174967652087965,0,0
84.08878225753256,35.41390242737805,18.784143038865714,0.3933540796406229,0.00338497418507354,0.0010724048473054956,1.0,0,0,0.606645920359377,-0.00338497418507354,-0.0010724048473054956,-0.39329598430290624,-0.3934477188647514,0,0
85.16922919230018,36.8399334734816,20.541072037014736,0.4149761769954028,0.003442943428994996,0.00428961938922204,1.0,0,0,0.5850238230045972,-0.003442943428994996,-0.00428961938922204,-0.4146905575230875,-0.4152974957704684,0,0
79.36799805452281,37.63074993470196,21.782257748458605,0.4369016667364632,0.0035252393206331883,0.0032172145419165172,1.0,0,0,0.5630983332635369,-0.0035252393206331883,-0.0032172145419165172,-0.4366920689906497,-0.43714727267618536,0,0
75.99135610686974,39.58151945793042,22.89635959460729,0.4585996591725933,0.00357177745652553,0.0010724048473055208,1.0,0,0,0.5414003408274066,-0.00357177745652553,-0.0010724048473055208,-0.4585418458963667,-0.45869358045821185,0,0
67.75651089553122,37.36426621567546,25.405269406077494,0.4802218311272139,0.003560183594407697,-0.002144809694611023,1.0,0,0,0.519778168872786,-0.003560183594407697,0.002144809694611023,-0.4803916228020837,-0.4800881536783931,0,0
72.59760196071355,48.44999661828506,24.905165748622878,0.5022231401720009,0.0034658057736633155,-0.006434429083833064,1.0,0,0,0.49777685982799913,-0.0034658057736633155,0.006434429083833064,-0.5026966033933364,-0.5017861960222648,0,0
57.77869068170988,145.87739303694283,581.6409617069837,0.5239965208050297,0.003314029102329122,-0.007506833931138562,1.0,0,0,0.4760034791949703,-0.003314029102329122,0.007506833931138562,-0.5245463802990534,-0.5234842383661366,0,0
64.3287418393918,104.1428794944386,25.354659483658537,0.5458454936074212,0.003126576948536362,-0.009651643625749582,1.0,0,0,0.4541545063925788,-0.003126576948536362,0.009651643625749582,-0.5465478917666157,-0.5451822807100083,0,0
57.06386143042885,50.819497486764014,323.12240163650586,0.5674674168962397,0.003022232589481797,4.85722573273506e-17,1.0,0,0,0.4325325831037603,-0.003022232589481797,-4.85722573273506e-17,-0.5674872613012611,-0.567487261301261,0,0
72.86976705815192,43.20669553443567,52.92110467639207,0.5893169927752006,0.0031159595287038044,0.008579238778444132,1.0,0,0,0.41068300722479945,-0.0031159595287038044,-0.008579238778444132,-0.5887300999595971,-0.589943976454359,0,0
53.23336332033228,40.46635602354186,26.446644470518727,0.6109372251618456,0.003405797414922225,0.018230882404193762,1.0,0,0,0.38906277483815443,-0.003405797414922225,-0.018230882404193762,-0.6096694694942426,-0.6122489570456118,0,0
61.599435781669065,39.19797072143669,34.457033820303465,0.6324034403614137,0.0038317320545894935,0.021448096946110305,1.0,0,0,0.3675965596385863,-0.0038317320545894935,-0.021448096946110305,-0.6309123081525786,-0.6339469993894835,0,0
48.31637032889038,38.44807213279861,27.831840782090417,0.6541720884303238,0.004310377644403389,0.022520501793415804,1.0,0,0,0.3458279115696762,-0.004310377644403389,-0.022520501793415804,-0.6526103504964503,-0.6557967762952005,0,0
45.16350334108189,40.46635602354186,28.771556813350443,0.675486133126239,0.0047561596820771025,0.01930328725149926,1.0,0,0,0.32451386687376105,-0.0047561596820771025,-0.01930328725149926,-0.6741566582784768,-0.6768878803916912,0,0
54.67822383804812,40.167981003823776,32.29799013034805,0.696649790882755,0.005130682922066602,0.01608607270958272,1.0,0,0,0.303350209117245,-0.005130682922066602,-0.01608607270958272,-0.695551231498658,-0.6978272499263367,0,0
46.75927786047718,43.654616942576325,26.87940715229901,0.718041952870473,0.005451881871211123,0.013941263014971674,1.0,0,0,0.281958047129527,-0.005451881871211123,-0.013941263014971674,-0.7170975392806845,-0.7190700885846727,0,0
48.44999661828506,43.76776822876407,28.952686402369643,0.7395104643280889,0.005739685807350817,0.012868858167666126,1.0,0,0,0.26048953567191113,-0.005739685807350817,-0.012868858167666126,-0.738643847062711,-0.7404646618048539,0,0
48.18335473866846,46.3829042936969,28.592015692053423,0.7609797906066262,0.005958419565933168,0.0075068339311385865,1.0,0,0,0.23902020939337376,-0.005958419565933168,-0.0075068339311385865,-0.760493623968428,-0.7615557659013447,0,0
45.64490144276858,47.787928988589464,30.01017807866701,0.7823741669881088,0.006050193860588049,0.001072404847305499,1.0,0,0,0.2176258330118912,-0.006050193860588049,-0.001072404847305499,-0.782343400874145,-0.7824951354359901,0,0
41.80075928277381,50.24476518910293,28.592015692053423,0.8038443574819181,0.005946581742649656,-0.010724048473055128,1.0,0,0,0.19615564251808193,-0.005946581742649656,0.010724048473055128,-0.8046483814653977,-0.8031310358469451,0,0
40.36651046494504,50.96490904549061,28.355061199586004,0.8250857181198631,0.005695997399851118,-0.012868858167666124,1.0,0,0,0.1749142818801369,-0.005695997399851118,0.012868858167666124,-0.826042954685579,-0.8242221399434358,0,0
38.72664396960077,46.63326386384414,26.500217937724948,0.8461753547532513,0.005447202945215428,-0.01072404847305508,1.0,0,0,0.15382464524674866,-0.005447202945215428,0.01072404847305508,-0.8469823242202245,-0.8454649786017718,0,0
34.69257006062114,47.919138344411984,26.824785427057037,0.8678721494150612,0.00521451654743408,-0.01072404847305508,1.0,0,0,0.1321278505849388,-0.00521451654743408,0.01072404847305508,-0.8686803665640962,-0.8671630209456436,0,0
28.771556813350443,54.67822383804812,25.55791304847336,0.8896444032160076,0.004945993222766572,-0.0139412630149716,1.0,0,0,0.11035559678399243,-0.004945993222766572,0.0139412630149716,-0.8906818780316584,-0.8887093287276701,0,0
21.99109567138421,52.766140948375714,24.32213184643946,0.9108848477428197,0.004627072280353574,-0.016086072709582594,1.0,0,0,0.08911515225718025,-0.004627072280353574,0.016086072709582594,-0.9120764512518397,-0.9098004328241608,0,0
22.76417078542179,60.01951173605402,35.495445821510074,0.9319742054407901,0.004355661344562663,-0.009651643625749506,1.0,0,0,0.06802579455920987,-0.004355661344562663,0.009651643625749506,-0.9327123516627946,-0.9313467406061873,0,0
19.897191673617044,64.3287418393918,36.8399334734816,0.95048530039991,0.004216699018517138,-0.005362024236527464,1.0,0,0,0.04951469960009003,-0.004216699018517138,0.005362024236527464,-0.9509204990842255,-0.9501618262749991,0,0
25.405269406077494,60.213094273732246,86.2760268879407,0.9649000754863338,0.00420124053791562,0.003217214541916631,1.0,0,0,0.03509992451366617,-0.00420124053791562,-0.003217214541916631,-0.9647283442121439,-0.9651835478976796,0,0
21.250766618660897,60.01951173605402,139.88023555455067,0.9753696097454728,0.004257378972377042,0.0075068339311386845,1.0,0,0,0.02463039025452718,-0.004257378972377042,-0.0075068339311386845,-0.9748945598557761,-0.9759567017886929,0,0
20.387324852120102,74.54267433246892,129.25786434407527,0.982728430257518,0.004324459726023299,0.010724048473055216,1.0,0,0,0.017271569742482007,-0.004324459726023299,-0.010724048473055216,-0.9820260842625032,-0.9835434298809558,0,0
18.3055648241262,68.97275209823704,89.76495072901147,0.9862940074133175,0.0043607865339857395,0.009651643625749703,1.0,0,0,0.01370599258668248,-0.0043607865339857395,-0.009651643625749703,-0.9856677137467893,-0.9870333248033967,0,0
20.084001131964996,63.043003529206196,105.77203060255431,0.9862940074133175,0.0043607865339857395,0.009651643625749703,1.0,0,0,0.01370599258668248,-0.0043607865339857395,-0.009651643625749703,-0.9856677137467893,-0.9870333248033967,0,0
19.8600811104764,64.767717284378,93.53102222430564,0.9862940074133175,0.0043607865339857395,0.009651643625749703,1.0,0,0,0.01370599258668248,-0.0043607865339857395,-0.009651643625749703,-0.9856677137467893,-0.9870333248033967,0,0
19.897191673617044,67.51788505098841,99.04654639912101,0.9862940074133175,0.0043607865339857395,0.009651643625749703,1.0,0,0,0.01370599258668248,-0.0043607865339857395,-0.009651643625749703,-0.9856677137467893,-0.9870333248033967,0,0
19.38510129674627,57.59853319318177,66.81098138696464,0.9862940074133175,0.0043607865339857395,0.009651643625749703,1.0,0,0,0.01370599258668248,-0.0043607865339857395,-0.009651643625749703,-0.9856677137467893,-0.9870333248033967,0,0
19.97166324722388,70.74309622023037,105.22351709380416,0.9862940074133175,0.0043607865339857395,0.009651643625749703,1.0,0,0,0.01370599258668248,-0.0043607865339857395,-0.009651643625749703,-0.9856677137467893,-0.9870333248033967,0,0
19.8600811104764,390.5444991736698,93.53102222430564,0.9862940074133175,0.0043607865339857395,0.009651643625749703,1.0,0,0,0.01370599258668248,-0.0043607865339857395,-0.009651643625749703,-0.9856677137467893,-0.9870333248033967,0,0
20.15931686442059,900.238757316699,76.58539900875073,0.9862940074133175,0.0043607865339857395,0.009651643625749703,1.0,0,0,0.01370599258668248,-0.0043607865339857395,-0.009651643625749703,-0.9856677137467893,-0.9870333248033967,0,0
19.897191673617044,448.2028325964311,98.56325615049124,0.9862940074133175,0.0043607865339857395,0.009651643625749703,1.0,0,0,0.01370599258668248,-0.0043607865339857395,-0.009651643625749703,-0.9856677137467893,-0.9870333248033967,0,0
19.97166324722388,399.01729906632625,105.22351709380416,0.9862940074133175,0.0043607865339857395,0.009651643625749703,1.0,0,0,0.01370599258668248,-0.0043607865339857395,-0.009651643625749703,-0.9856677137467893,-0.9870333248033967,0,0
17.358129317117793,276.5725757314533,77.18804967871625,0.9862940074133175,0.0043607865339857395,0.009651643625749703,1.0,0,0,0.01370599258668248,-0.0043607865339857395,-0.009651643625749703,-0.9856677137467893,-0.9870333248033967,0,0
19.67576893443448,407.8990969411948,81.32922784467303,0.9862940074133175,0.0043607865339857395,0.009651643625749703,1.0,0,0,0.01370599258668248,-0.0043607865339857395,-0.009651643625749703,-0.9856677137467893,-0.9870333248033967,0,0
20.084001131964996,484.6780696502813,88.5727896902875,0.9862940074133175,0.0043607865339857395,0.009651643625749703,1.0,0,0,0.01370599258668248,-0.0043607865339857395,-0.009651643625749703,-0.9856677137467893,-0.9870333248033967,0,0
20.084001131964996,399.01729906632625,86.2760268879407,0.9862940074133175,0.0043607865339857395,0.009651643625749703,1.0,0,0,0.01370599258668248,-0.0043607865339857395,-0.009651643625749703,-0.9856677137467893,-0.9870333248033967,0,0
20.046470706490737,512.8513118946122,84.08878225753256,0.9862940074133175,0.0043607865339857395,0.009651643625749703,1.0,0,0,0.01370599258668248,-0.0043607865339857395,-0.009651643625749703,-0.9856677137467893,-0.9870333248033967,0,0
20.15931686442059,648.3999468665874,83.73432085224402,0.9862940074133175,0.0043607865339857395,0.009651643625749703,1.0,0,0,0.01370599258668248,-0.0043607865339857395,-0.009651643625749703,-0.9856677137467893,-0.9870333248033967,0,0
20.046470706490737,528.3325926770696,82.00312876373096,0.9862940074133175,0.0043607865339857395,0.009651643625749703,1.0,0,0,0.01370599258668248,-0.0043607865339857395,-0.009651643625749703,-0.9856677137467893,-0.9870333248033967,0,0
19.566163838158445,334.5408252723781,84.08878225753256,0.9862940074133175,0.0043607865339857395,0.009651643625749703,1.0,0,0,0.01370599258668248,-0.0043607865339857395,-0.009651643625749703,-0.9856677137467893,-0.9870333248033967,0,0
19.8600811104764,225.71785045590883,93.09781934285294,0.9862940074133175,0.0043607865339857395,0.009651643625749703,1.0,0,0,0.01370599258668248,-0.0043607865339857395,-0.009651643625749703,-0.9856677137467893,-0.9870333248033967,0,0
19.897191673617044,399.01729906632625,80.33749690282312,0.9862940074133175,0.0043607865339857395,0.009651643625749703,1.0,0,0,0.01370599258668248,-0.0043607865339857395,-0.009651643625749703,-0.9856677137467893,-0.9870333248033967,0,0
19.566163838158445,328.72509627198025,82.00312876373096,0.9862940074133175,0.0043607865339857395,0.009651643625749703,1.0,0,0,0.01370599258668248,-0.0043607865339857395,-0.009651643625749703,-0.9856677137467893,-0.9870333248033967,0,0
19.97166324722388,448.2028325964311,90.57673222463723,0.9862940074133175,0.0043607865339857395,0.009651643625749703,1.0,0,0,0.01370599258668248,-0.0043607865339857395,-0.009651643625749703,-0.9856677137467893,-0.9870333248033967,0,0
19.897191673617044,528.3325926770696,80.33749690282312,0.9862940074133175,0.0043607865339857395,0.009651643625749703,1.0,0,0,0.01370599258668248,-0.0043607865339857395,-0.009651643625749703,-0.9856677137467893,-0.9870333248033967,0,0
20.009024843758404,312.50933522689996,87.02903054016306,0.9862940074133175,0.0043607865339857395,0.009651643625749703,1.0,0,0,0.01370599258668248,-0.0043607865339857395,-0.009651643625749703,-0.9856677137467893,-0.9870333248033967,0,0
19.897191673617044,353.40072554933454,88.18202887947652,0.9862940074133175,0.0043607865339857395,0.009651643625749703,1.0,0,0,0.01370599258668248,-0.0043607865339857395,-0.009651643625749703,-0.9856677137467893,-0.9870333248033967,0,0
20.23497444201862,528.3325926770696,80.33749690282312,0.9862940074133175,0.0043607865339857395,0.009651643625749703,1.0,0,0,0.01370599258668248,-0.0043607865339857395,-0.009651643625749703,-0.9856677137467893,-0.9870333248033967,0,0
20.121616418144527,459.67991945810627,82.00312876373096,0.9862940074133175,0.0043607865339857395,0.009651643625749703,-0.01370599258668248,0,0,-1.0,-0.0043607865339857395,-0.009651643625749703,-0.9856677137467893,-0.9870333248033967,0,0
20.046470706490737,390.5444991736698,93.96808322544976,0.9815904091016916,0.004320432250877576,0.007506833931138677,-0.01370599258668248,0,0,-0.9952964016883741,-0.004320432250877576,-0.007506833931138677,-0.9811156768914315,-0.9821778188243484,0,0
24.70878894042906,242.3065498311679,74.828338960275,0.9617893932154188,0.00420364001671066,0.004289619389222133,-0.01370599258668248,0,0,-0.9754953858021013,-0.00420364001671066,-0.004289619389222133,-0.9615419184133934,-0.9621488566607744,0,0
26.60780897647566,1019.267059271828,40.46635602354186,0.939939729387328,0.004133344717976989,0.0021448096946111127,-0.01370599258668248,0,0,-0.9536457219740104,-0.004133344717976989,-0.0021448096946111127,-0.9398438760695217,-0.9401473451932122,0,0
26.393218193002895,1411.3480414449798,33.613559426012365,0.918165822892675,0.0041216694954232394,-0.0010724048473054063,-0.01370599258668248,0,0,-0.9318718154793575,-0.0041216694954232394,0.0010724048473054063,-0.9182975682874952,-0.91814583372565,0,0
25.506895622634566,407.8990969411948,26.770315400455452,0.8964678928411681,0.004191476632360145,-0.005362024236527473,-0.01370599258668248,0,0,-0.9101738854278506,-0.004191476632360145,0.005362024236527473,-0.896902995067314,-0.8961443222580877,0,0
26.661827824936275,254.878386734463,26.128272755325845,0.8745431595630131,0.00439133578497631,-0.012868858167666059,-0.01370599258668248,0,0,-0.8882491521496956,-0.00439133578497631,0.012868858167666059,-0.8755084218471327,-0.8736876071049897,0,0
34.69257006062114,648.3999468665874,27.717394716872157,0.853074969092627,0.004702162486959901,-0.0160860727095826,-0.01370599258668248,0,0,-0.8667809616793095,-0.004702162486959901,0.0160860727095826,-0.8542655831887968,-0.851989564761118,0,0
40.869665833746936,703.2691653992177,28.120842178481034,0.8318356605253294,0.00508941672800875,-0.02037569209880469,-0.01370599258668248,0,0,-0.8455416531120119,-0.00508941672800875,0.02037569209880469,-0.8333262136541513,-0.8304432569790915,0,0
42.5485367221777,312.50933522689996,29.135426468315842,0.8102157513943753,0.0054024400851300355,-0.008579238778444064,-0.01370599258668248,0,0,-0.8239217439810578,-0.0054024400851300355,0.008579238778444064,-0.8108694985010533,-0.8096556220062913,0,0
41.80075928277381,280.5772654118684,30.526926956734627,0.7888214857343956,0.005517157755551198,-0.0021448096946109765,-0.01370599258668248,0,0,-0.8025274783210781,-0.005517157755551198,0.0021448096946109765,-0.7890197215953363,-0.7887162524716458,0,0
37.81003834541127,162.1258003695371,31.945994776763527,0.7671993883796158,0.0054591885116297405,0.007506833931138654,-0.01370599258668248,0,0,-0.7809053809662982,-0.0054591885116297405,-0.007506833931138654,-0.7667147410040835,-0.7677768829370003,0,0
37.276083951504475,167.46934895889862,31.87626906490098,0.7455028557280006,0.0052032345043426615,0.016086072709582736,-0.01370599258668248,0,0,-0.759208848314683,-0.0052032345043426615,-0.016086072709582736,-0.7444097604128308,-0.7466857788405096,0,0
40.167981003823776,182.55823066529945,27.889309733104497,0.7238088557872273,0.004784416971062846,0.022520501793415797,-0.01370599258668248,0,0,-0.7375148483739098,-0.004784416971062846,-0.022520501793415797,-0.7222565143834233,-0.7254429401821736,0,0
46.01147903511478,225.71785045590883,30.26697313093551,0.7023452330386754,0.004243386639858835,0.027882526029943337,-0.01370599258668248,0,0,-0.7160512256253578,-0.004243386639858835,-0.027882526029943337,-0.7004067374777063,-0.7043518360856829,0,0
43.9954973922686,206.97300472647143,34.93053395250103,0.6808822028357036,0.003679338931096984,0.024665311488026795,-0.01370599258668248,0,0,-0.694588195422386,-0.003679338931096984,-0.024665311488026795,-0.6791638988193703,-0.6826537937418111,0,0
54.67822383804812,239.3652489782259,28.120842178481034,0.6591886645114116,0.0032372568924134986,0.016086072709582712,-0.01370599258668248,0,0,-0.672894657098094,-0.0032372568924134986,-0.016086072709582712,-0.6580727947228796,-0.6603488131505584,0,0
60.99849051546361,225.71785045590883,30.396551423726756,0.6377201530537957,0.0029494529562738036,0.010724048473055171,-0.01370599258668248,0,0,-0.6514261456404782,-0.0029494529562738036,-0.010724048473055171,-0.6369816906263889,-0.6384990362448414,0,0
56.36420238587991,206.97300472647143,30.074083981884726,0.6165540610655422,0.0027565093452706518,0.007506833931138627,-0.01370599258668248,0,0,-0.6302600536522247,-0.0027565093452706518,-0.007506833931138627,-0.6160423210917434,-0.6171044630246602,0,0
56.53772243679344,448.2028325964311,27.94694360726399,0.5951599307315842,0.0026188484310144967,0.005362024236527582,-0.01370599258668248,0,0,-0.6088659233182667,-0.0026188484310144967,-0.005362024236527582,-0.5947994824334074,-0.5955581552426337,0,0
69.22073170815571,272.6876389629632,70.48517871055273,0.5736895673933291,0.002561285988804769,4.2500725161431774e-17,-0.01370599258668248,0,0,-0.5873955599800116,-0.002561285988804769,-4.2500725161431774e-17,-0.5737083783369167,-0.5737083783369167,0,0
77.49266392626436,265.2554052777127,317.7208243859324,0.551991574957199,0.00260782412469711,-0.004289619389222024,-0.01370599258668248,0,0,-0.5656975675438815,-0.00260782412469711,0.004289619389222024,-0.5523138051167354,-0.5517068668693544,0,0
68.23833891011859,184.22292190812155,30.26697313093551,0.5304457132024327,0.0027464613574940877,-0.008579238778444066,-0.01370599258668248,0,0,-0.5441517057891152,-0.0027464613574940877,0.008579238778444066,-0.5310709664583995,-0.5298570899636375,0,0
75.99135610686974,261.6981137825328,1284.2268420173286,0.5132249322300719,0.0029403798678021382,-0.01394126301497163,-0.01370599258668248,0,0,-0.5269309248167544,-0.0029403798678021382,0.01394126301497163,-0.5142284300935759,-0.5122558807895876,0,0
71.00273031673345,108.6000844939372,22.94064078706048,0.491757087436452,0.0032742289781627454,-0.017158477556888173,-0.01370599258668248,0,0,-0.5054630800231346,-0.0032742289781627454,0.017158477556888173,-0.4929855914352399,-0.4905578384457159,0,0
73.6975442509615,138.92864283985838,28.711534351575374,0.4702147937889709,0.0036901177175035394,-0.021448096946110214,-0.01370599258668248,0,0,-0.4839207863756534,-0.0036901177175035394,0.021448096946110214,-0.4717427527769039,-0.4687080615399989,0,0
75.69750294678715,239.3652489782259,24.660015279911583,0.44859836577105683,0.004188609642371088,-0.024665311488026757,-0.01370599258668248,0,0,-0.4623043583577393,-0.004188609642371088,0.024665311488026757,-0.4503481795567227,-0.4468582846342819,0,0
75.99135610686974,193.04122344313365,21.09047995583375,0.42698141559809727,0.004663919722848299,-0.019303287251499192,-0.01370599258668248,0,0,-0.44068740818477975,-0.004663919722848299,0.019303287251499192,-0.42834666808916044,-0.4256154459759459,0,0
82.68751571021457,307.4777105974586,20.197102771620948,0.41014105828825276,0.0049348383031802496,-0.01286885816766613,-0.01370599258668248,0,0,-0.42384705087493524,-0.0049348383031802496,0.01286885816766613,-0.41104892803880116,-0.40922811329665815,0,0
84.08878225753256,158.34116103748556,18.853694991318818,0.3888990013970388,0.005117083452700988,-0.004289619389222047,-0.01370599258668248,0,0,-0.4026049939837213,-0.005117083452700988,0.004289619389222047,-0.3891991511330842,-0.38859221288570317,0,0
99.04654639912101,307.4777105974586,19.93438562175379,0.36765616273870283,0.005117083452700988,0.004289619389222036,-0.01370599258668248,0,0,-0.3813621553253853,-0.005117083452700988,-0.004289619389222036,-0.3673493742273672,-0.3679563124747482,0,0
93.09781934285294,302.6164596847404,18.373059168895537,0.34648970560764003,0.004969537489975413,0.009651643625749625,-0.01370599258668248,0,0,-0.3601956981943225,-0.004969537489975413,-0.009651643625749625,-0.3458030664453407,-0.34716867750194796,0,0
105.77203060255431,225.71785045590883,23.208649349752903,0.32524926108082786,0.004650616547562414,0.020375692098804753,-0.01370599258668248,0,0,-0.33895525366751034,-0.004650616547562414,-0.020375692098804753,-0.3238015549777784,-0.3266845116528383,0,0
87.79450977305973,307.4777105974586,20.696236055220425,0.3040123342983824,0.0041494827319536924,0.02681012118263784,-0.01370599258668248,0,0,-0.3177183268850649,-0.0041494827319536924,-0.02681012118263784,-0.30210351263390667,-0.30589687668003807,0,0
84.08878225753256,528.3325926770696,27.154814473847836,0.2826274054645481,0.0035071572338313075,0.033244550266470926,-0.01370599258668248,0,0,-0.2963333980512306,-0.0035071572338313075,-0.033244550266470926,-0.2802537357281897,-0.2849575071453926,0,0
95.7560002023429,334.5408252723781,26.71599641697457,0.2615495073107821,0.0027609123487746094,0.037534169655692964,-0.01370599258668248,0,0,-0.27525549989746456,-0.0027609123487746094,-0.037534169655692964,-0.25885916250800844,-0.26416987217259236,0,0
93.53102222430564,220.70517709223105,27.94694360726399,0.24031996960195295,0.0020092987954800938,0.03324455026647087,-0.01370599258668248,0,0,-0.25402596218863543,-0.0020092987954800938,-0.03324455026647087,-0.23791979297336296,-0.24262356439056587,0,0
129.25786434407527,437.33222201576723,23.344165399617317,0.21885819854023697,0.0013992183041256646,0.023592906640721265,-0.01370599258668248,0,0,-0.23256419112691945,-0.0013992183041256646,-0.023592906640721265,-0.21713215800056276,-0.22047031836115835,0,0
110.97077873540402,225.71785045590883,27.210360375618606,0.1979968827121233,0.0010971782226928445,0.005362024236527551,-0.01370599258668248,0,0,-0.21170287529880577,-0.0010971782226928445,-0.005362024236527551,-0.1975583995225246,-0.19831707233175083,0,0
103.08353533160607,317.7208243859324,30.331663097801872,0.17713345543996728,0.0011531134580556536,-0.010724048473055144,-0.01370599258668248,0,0,-0.19083944802664976,-0.0011531134580556536,0.010724048473055144,-0.1778329064826412,-0.17631556086418856,0,0
116.02925942608664,280.5772654118684,29.505828159201656,0.15596979768345118,0.0015276366980451527,-0.02466531148802679,-0.01370599258668248,0,0,-0.16967579027013366,-0.0015276366980451527,0.02466531148802679,-0.157652209757222,-0.15416231483478104,0,0
89.36420701132127,261.6981137825328,43.09587104878454,0.13496580129435415,0.0022148878175111304,-0.04075138419760946,-0.01370599258668248,0,0,-0.14867179388103663,-0.0022148878175111304,0.04075138419760946,-0.13777498215549333,-0.13200906880537353,0,0
103.08353533160607,340.5824855543227,50.819497486764014,0.11389409891832401,0.0031193384712306462,-0.045041003586831496,-0.01370599258668248,0,0,-0.1276000915050065,-0.0031193384712306462,0.045041003586831496,-0.11698734718269312,-0.11061449558519229,0,0
92.2427776670329,448.2028325964311,38.44807213279861,0.09267384213725928,0.004098571032867529,-0.047185813281442494,-0.01370599258668248,0,0,-0.10637983472394176,-0.004098571032867529,0.047185813281442494,-0.09589624308620238,-0.08921992236501106,0,0
139.88023555455067,239.3652489782259,33.240292574490965,0.07152782977022332,0.0050402919391866405,-0.041823789044914905,-0.01370599258668248,0,0,-0.0852338223569058,-0.0050402919391866405,0.041823789044914905,-0.07434993530417588,-0.06843228739221084,0,0
130.08105893503551,258.2405371440609,27.26606267467261,0.05128512827702443,0.005789572661123587,-0.0321721454191653,-0.01370599258668248,0,0,-0.06499112086370691,-0.005789572661123587,0.0321721454191653,-0.05341056576953042,-0.04885852891417269,0,0
123.77355272308415,220.70517709223105,25.15356131134849,0.034068724164228306,0.006223543986859665,-0.018230882404193627,-0.01370599258668248,0,0,-0.04777471675091079,-0.006223543986859665,0.018230882404193627,-0.035202418348099576,-0.03262293079673019,0,0
120.13062066766372,225.71785045590883,21.658147754059783,0.020792501590951015,0.0063445659650874465,8.673617379884035e-17,-0.01370599258668248,0,0,-0.034498494177633496,-0.0063445659650874465,-8.673617379884035e-17,-0.0206359004109549,-0.020635900410954887,0,0
129.25786434407527,1411.3480414449798,23.389564303261636,0.01032330446752632,0.0062435178676992185,0.019303287251499324,-0.01370599258668248,0,0,-0.024029297054208802,-0.0062435178676992185,-0.019303287251499324,-0.008800604587024852,-0.011531826700239466,0,0
109.77294326259755,1411.3480414449798,23.61828058878553,0.002891200862929999,0.006036238327228271,0.03646176480838753,-0.01370599258668248,0,0,-0.01659719344961248,-0.006036238327228271,-0.03646176480838753,-0.0001517345618452029,-0.005310709664583928,0,0
111.57932338755117,133.48121220361529,23.756904125116755,-0.0004440403192232994,0.005896664511916169,0.04718581328144266,-0.01370599258668248,0,0,-0.01326195226745918,-0.005896664511916169,-0.04718581328144266,0.003945098607976737,-0.0027312221132145586,0,0
97.6101426547749,89.36420701132127,22.89635959460729,-0.0011260331644919134,0.005863360630994335,0.050403027823359196,-0.01370599258668248,0,0,-0.012579959422190567,-0.005863360630994335,-0.050403027823359196,0.004855505979048279,-0.0022760184276787877,0,0
101.02616679983112,95.30295822324965,23.756904125116755,-0.0011260331644919134,0.005863360630994335,0.050403027823359196,-0.01370599258668248,0,0,-0.012579959422190567,-0.005863360630994335,-0.050403027823359196,0.004855505979048279,-0.0022760184276787877,0,0
114.72272976706012,64.98920973082122,23.61828058878553,-0.0011260331644919134,0.005863360630994335,0.050403027823359196,-0.01370599258668248,0,0,-0.012579959422190567,-0.005863360630994335,-0.050403027823359196,0.004855505979048279,-0.0022760184276787877,0,0
120.13062066766372,72.32728403086773,23.756904125116755,-0.0011260331644919134,0.005863360630994335,0.050403027823359196,-0.01370599258668248,0,0,-0.012579959422190567,-0.005863360630994335,-0.050403027823359196,0.004855505979048279,-0.0022760184276787877,0,0
103.08353533160607,79.6887422048836,23.80334702660077,-0.0011260331644919134,0.005863360630994335,0.050403027823359196,-0.01370599258668248,0,0,-0.012579959422190567,-0.005863360630994335,-0.050403027823359196,0.004855505979048279,-0.0022760184276787877,0,0
116.02925942608664,194.9110753588243,23.61828058878553,-0.0011260331644919134,0.005863360630994335,0.050403027823359196,-0.01370599258668248,0,0,-0.012579959422190567,-0.005863360630994335,-0.050403027823359196,0.004855505979048279,-0.0022760184276787877,0,0
98.08447665807216,268.9169663380496,22.720324710149534,-0.0011260331644919134,0.005863360630994335,0.050403027823359196,-0.01370599258668248,0,0,-0.012579959422190567,-0.005863360630994335,-0.050403027823359196,0.004855505979048279,-0.0022760184276787877,0,0
107.45140018288424,602.1580731583105,23.480705112311483,-0.0011260331644919134,0.005863360630994335,0.050403027823359196,-0.01370599258668248,0,0,-0.012579959422190567,-0.005863360630994335,-0.050403027823359196,0.004855505979048279,-0.0022760184276787877,0,0
93.53102222430564,151.28683687310368,23.66437137022323,-0.0011260331644919134,0.005863360630994335,0.050403027823359196,-0.01370599258668248,0,0,-0.012579959422190567,-0.005863360630994335,-0.050403027823359196,0.004855505979048279,-0.0022760184276787877,0,0
108.02276929750369,158.34116103748556,23.66437137022323,-0.0011260331644919134,0.005863360630994335,0.050403027823359196,-0.01370599258668248,0,0,-0.012579959422190567,-0.005863360630994335,-0.050403027823359196,0.004855505979048279,-0.0022760184276787877,0,0
95.7560002023429,276.5725757314533,22.416395940132503,-0.0011260331644919134,0.005863360630994335,0.050403027823359196,-0.01370599258668248,0,0,-0.012579959422190567,-0.005863360630994335,-0.050403027823359196,0.004855505979048279,-0.0022760184276787877,0,0
116.02925942608664,223.1819809443389,23.61828058878553,-0.0011260331644919134,0.005863360630994335,0.050403027823359196,-0.01370599258668248,0,0,-0.012579959422190567,-0.005863360630994335,-0.050403027823359196,0.004855505979048279,-0.0022760184276787877,0,0
105.22351709380416,280.5772654118684,23.710579061410876,-0.0011260331644919134,0.005863360630994335,0.050403027823359196,-0.01370599258668248,0,0,-0.012579959422190567,-0.005863360630994335,-0.050403027823359196,0.004855505979048279,-0.0022760184276787877,0,0
