FDist,LDist,RDist,XEst,YEst,ThetaEst,XDes,YDes,ThetaDes,XError,YError,ThetaError,SL,SR,RW,LW
102.56164513946942,185.91929651913173,30.724001887465562,0.0,0.0,0.0,0,0,0,0.0,0.0,0.0,0.0,0.0,0,0
123.77355272308415,206.97300472647143,29.882946467274657,0.0,0.0,0.0,0,0,0,0.0,0.0,0.0,0.0,0.0,0,0
110.97077873540402,218.28532251964043,28.29625192435787,0.0,0.0,0.0,0,0,0,0.0,0.0,0.0,0.0,0.0,0,0
110.97077873540402,185.91929651913173,30.13818450719404,0.0,0.0,0.0,0,0,0,0.0,0.0,0.0,0.0,0.0,0,0
106.88588226030939,353.40072554933454,28.952686402369643,0.0,0.0,0.0,0,0,0,0.0,0.0,0.0,0.0,0.0,0,0
120.13062066766372,134.3591943699604,30.01017807866701,0.0,0.0,0.0,0,0,0,0.0,0.0,0.0,0.0,0.0,0,0
120.13062066766372,399.01729906632625,30.202480579810853,0.0,0.0,0.0,0,0,0,0.0,0.0,0.0,0.0,0.0,0,0
119.42733126216413,261.6981137825328,30.01017807866701,0.0,0.0,0.0,0,0,0,0.0,0.0,0.0,0.0,0.0,0,0
120.13062066766372,123.77355272308415,30.074083981884726,0.0,0.0,0.0,0,0,0,0.0,0.0,0.0,0.0,0.0,0,0
84.8062010048873,142.81538054950164,29.25815894523266,0.0,0.0,0.0,0,0,0,0.0,0.0,0.0,0.0,0.0,0,0
124.52854747504531,184.22292190812155,29.946465878260994,0.0,0.0,0.0,0,0,0,0.0,0.0,0.0,0.0,0.0,0,0
127.64222867598318,284.7075611688845,30.01017807866701,0.0,0.0,0.0,0,0,0,0.0,0.0,0.0,0.0,0.0,0,0
110.36868736531008,223.1819809443389,28.711534351575374,0.0,0.0,0.0,1.0,0,0,1.0,0.0,0.0,0.0,0.0,0,0
98.08447665807216,307.4777105974586,29.135426468315842,0.004627898148659108,7.444477032341106e-06,0.003217214541916537,1.0,0,0,0.9953721018513408,-7.444477032341106e-06,-0.003217214541916537,-0.004400302293512454,-0.004855505979048225,0,0
160.8439044330725,242.3065498311679,51.55362639757167,0.02678094035927221,0.00010247317929909774,0.005362024236527558,1.0,0,0,0.9732190596407277,-0.00010247317929909774,-0.005362024236527558,-0.02640181376107472,-0.027160486570301005,0,0
168.8620920208621,1093.1463157010076,151.28683687310368,0.044685453926754035,0.00017927719893935288,0.0032172145419165125,1.0,0,0,0.955314546073246,-0.00017927719893935288,-0.0032172145419165125,-0.044458226620660304,-0.04491343030619607,0,0
137.98997206957193,147.99350743133397,52.611946269889565,0.06699038321424441,0.0002271171008706408,0.0010724048473054917,1.0,0,0,0.9330096167857556,-0.0002271171008706408,-0.0010724048473054917,-0.06691494177375834,-0.06706667633560359,0,0
124.52854747504531,225.71785045590883,50.67478248141688,0.0892194677643611,0.0001913592029939855,-0.004289619389222073,1.0,0,0,0.9107805322356389,-0.0001913592029939855,0.004289619389222073,-0.08952339148870164,-0.08891645324132061,0,0
120.13062066766372,900.238757316699,29.882946467274657,0.10712388867129452,9.53543440599614e-05,-0.006434429083833118,1.0,0,0,0.8928761113287055,-9.53543440599614e-05,0.006434429083833118,-0.10757980434828723,-0.10666939697721568,0,0
111.57932338755117,769.566351540633,44.45675008456414,0.1293526153175702,-3.575724448757144e-05,-0.005362024236527595,1.0,0,0,0.8706473846824299,3.575724448757144e-05,0.005362024236527595,-0.12973305037769475,-0.12897437756846847,0,0
168.8620920208621,1411.3480414449798,41.07371114311431,0.151657595908823,-3.575724448757241e-05,0.0053620242365275085,1.0,0,0,0.848342404091177,3.575724448757241e-05,-0.0053620242365275085,-0.15127935815972127,-0.15203803096894752,0,0
196.81893899271049,242.3065498311679,31.668418679204336,0.17396102457866522,0.00022735631545089155,0.018230882404193682,1.0,0,0,0.8260389754213348,-0.00022735631545089155,-0.018230882404193682,-0.1726739313799025,-0.17525341893127186,0,0
228.31501027837746,346.8640580657511,28.17914317773628,0.1961857632835185,0.0006683416490993338,0.0214480969461102,1.0,0,0,0.8038142367164816,-0.0006683416490993338,-0.0214480969461102,-0.19467544284746477,-0.19771013408436988,0,0
115.37236097408694,471.8179059817352,30.856404298200047,0.21825925428137774,0.0010826453679811869,0.01608607270958266,1.0,0,0,0.7817407457186223,-0.0010826453679811869,-0.01608607270958266,-0.2171321580005628,-0.21940817642824165,0,0
174.67928447558052,254.878386734463,27.377939217964773,0.2404860380546043,0.0014044553456532458,0.012868858167666142,1.0,0,0,0.7595139619453957,-0.0014044553456532458,-0.012868858167666142,-0.23958887315366084,-0.24140968789580391,0,0
111.57932338755117,166.09994149545804,26.60780897647566,0.2627891717351917,0.0016914870547270885,0.012868858167666142,1.0,0,0,0.7372108282648083,-0.0016914870547270885,-0.012868858167666142,-0.26189385374491364,-0.2637146684870567,0,0
152.41788953728954,562.6000187683081,20.046470706490737,0.2851688581386141,0.0019194957430019774,0.007506833931138578,1.0,0,0,0.714831141861386,-0.0019194957430019774,-0.007506833931138578,-0.2846540380217022,-0.28571617995461895,0,0
128.44498763419128,1019.267059271828,24.131786407761517,0.3073219003492272,0.002014524445268734,0.0010724048473055156,1.0,0,0,0.6926780996507729,-0.002014524445268734,-0.0010724048473055156,-0.3072624877366455,-0.3074142222984907,0,0
133.48121220361529,334.5408252723781,20.23497444201862,0.3297786025891296,0.00199044175970005,-0.003217214541916551,1.0,0,0,0.6702213974108704,-0.00199044175970005,0.003217214541916551,-0.33002267201343405,-0.32956746832789824,0,0
124.52854747504531,312.50933522689996,23.943387448052704,0.3473796498249592,0.0019149395031045446,-0.005362024236527572,1.0,0,0,0.6526203501750407,-0.0019149395031045446,0.005362024236527572,-0.34777561574932914,-0.34701694294010277,0,0
123.02757911911826,346.8640580657511,26.33993847596105,0.36953227166128294,0.001748640326033668,-0.009651643625749613,1.0,0,0,0.630467728338717,-0.001748640326033668,0.009651643625749613,-0.3702323309024272,-0.36886671984581976,0,0
119.42733126216413,448.2028325964311,22.033164800444176,0.3916089363160132,0.0015710730806392445,-0.006434429083833069,1.0,0,0,0.6083910636839869,-0.0015710730806392445,0.006434429083833069,-0.3920821078081442,-0.39117170043707256,0,0
85.90410486184942,459.67991945810627,28.414041435834406,0.4139134551748205,0.0014275542551381475,-0.006434429083833069,1.0,0,0,0.5860865448251795,-0.0014275542551381475,0.006434429083833069,-0.414387088399397,-0.41347668102832535,0,0
119.42733126216413,261.6981137825328,32.65570094258199,0.4359896882032812,0.0012026372100941048,-0.01394126301497163,1.0,0,0,0.5640103117967188,-0.0012026372100941048,0.01394126301497163,-0.4369955381143403,-0.43502298881035184,0,0
107.45140018288424,280.5772654118684,25.609067445845334,0.4535131934988967,0.0009489235416905362,-0.015013667862277154,1.0,0,0,0.5464868065011033,-0.0009489235416905362,0.015013667862277154,-0.4545967472883901,-0.4524724634225564,0,0
97.14019014961423,245.3252030939217,60.40777364647001,0.4755134398342982,0.0007129827886954631,-0.006434429083833047,1.0,0,0,0.5244865601657018,-0.0007129827886954631,0.006434429083833047,-0.47599132050857135,-0.4750809131374997,0,0
90.57673222463723,1284.2268420173286,80.33749690282312,0.4973631664832684,0.0006661192112933851,0.0021448096946110363,1.0,0,0,0.5026368335167316,-0.0006661192112933851,-0.0021448096946110363,-0.49723415916690733,-0.4975376282905978,0,0
83.03372126641216,602.1580731583105,648.3999468665874,0.5189849654395433,0.0007936509612457626,0.009651643625749596,1.0,0,0,0.4810150345604567,-0.0007936509612457626,-0.009651643625749596,-0.518325263263398,-0.5196908743200053,0,0
346.8640580657511,258.2405371440609,171.72011046907937,0.5406802005324061,0.0011426721953671035,0.022520501793415745,1.0,0,0,0.45931979946759394,-0.0011426721953671035,-0.022520501793415745,-0.5391128982361982,-0.5422993240349485,0,0
185.91929651913173,1570.544100534677,40.97148724743448,0.5622955096608064,0.001687526062480683,0.02788252602994331,1.0,0,0,0.43770449033919356,-0.001687526062480683,-0.02788252602994331,-0.5603557368945342,-0.5643008355025108,0,0
353.40072554933454,1284.2268420173286,32.29799013034805,0.5841374344171696,0.0022732510550966508,0.02573771633533229,1.0,0,0,0.4158625655828304,-0.0022732510550966508,-0.02573771633533229,-0.5823572483620965,-0.5859988778463825,0,0
353.40072554933454,312.50933522689996,31.462535589252198,0.605828290440205,0.0028316474594514618,0.02573771633533229,1.0,0,0,0.39417170955979497,-0.0028316474594514618,-0.02573771633533229,-0.6040552907059682,-0.6076969201902542,0,0
399.01729906632625,448.2028325964311,41.906294265999335,0.6274423812441984,0.0034228607623705736,0.028954930877248833,1.0,0,0,0.3725576187558016,-0.0034228607623705736,-0.028954930877248833,-0.6254498639261494,-0.6295466970959712,0,0
261.6981137825328,734.7683303247097,39.10299164548677,0.6491332372672338,0.003981257166725385,0.02252050179341577,1.0,0,0,0.3508667627327662,-0.003981257166725385,-0.02252050179341577,-0.6476031099555569,-0.6507895357543072,0,0
126.84939257625024,512.8513118946122,37.452770077611675,0.6664290278104952,0.004240949934118828,0.007506833931138598,1.0,0,0,0.3335709721895048,-0.004240949934118828,-0.007506833931138598,-0.665962991938833,-0.6670251338717497,0,0
528.3325926770696,268.9169663380496,37.900177953656964,0.6880511997651158,0.004252543796236662,-0.00643442908383305,1.0,0,0,0.31194880023488425,-0.004252543796236662,0.00643442908383305,-0.6885714416537763,-0.6876610342827046,0,0
85.16922919230018,399.01729906632625,42.332717273451834,0.7098228275566381,0.003937323783977683,-0.02252050179341572,1.0,0,0,0.29017717244336194,-0.003937323783977683,0.02252050179341572,-0.7114833604924101,-0.7082969346936596,0,0
53.23336332033228,239.3652489782259,41.176340005486864,0.7316627548762986,0.003281331785895249,-0.037534169655692895,1.0,0,0,0.2683372451237014,-0.003281331785895249,0.037534169655692895,-0.734395279331044,-0.7290845696664598,0,0
49.96147607113843,268.9169663380496,40.36651046494504,0.753267447946959,0.0024120264451904035,-0.042896193892220456,1.0,0,0,0.246732552053041,-0.0024120264451904035,0.042896193892220456,-0.7563967907986062,-0.7503274083247958,0,0
46.63326386384414,382.4520830402873,40.46635602354186,0.7748702268314979,0.001496385184358076,-0.04182378904491496,1.0,0,0,0.22512977316850213,-0.001496385184358076,0.04182378904491496,-0.7779430985806327,-0.7720254506686676,0,0
62.417090148203904,239.3652489782259,43.20669553443567,0.7964767347022224,0.0006734197627651066,-0.0343169551137764,1.0,0,0,0.20352326529777764,-0.0006734197627651066,0.0343169551137764,-0.7990342026771234,-0.7941786966980751,0,0
194.9110753588243,407.8990969411948,51.25784283159802,0.8181669794255552,9.176230482008248e-05,-0.01930328725149923,1.0,0,0,0.18183302057444484,-9.176230482008248e-05,0.01930328725149923,-0.8196701030880784,-0.8169388809748637,0,0
242.3065498311679,390.5444991736698,64.1112337943502,0.8353882951527846,-4.675235052195955e-05,0.003217214541916525,1.0,0,0,0.16461170484721543,4.675235052195955e-05,-0.003217214541916525,-0.8352987629581399,-0.8357539666436755,0,0
176.198566643824,648.3999468665874,55.51020841703632,0.8573112885992727,0.00029417483284982694,0.027882526029943327,1.0,0,0,0.14268871140072725,-0.00029417483284982694,-0.027882526029943327,-0.8554794596835591,-0.8594245582915356,0,0
160.8439044330725,1019.267059271828,62.624502623767405,0.878844105418228,0.0010565257226199784,0.0428961938922205,1.0,0,0,0.121155894581772,-0.0010565257226199784,-0.0428961938922205,-0.8759636255326688,-0.8820330080064789,0,0
769.566351540633,851.4899528953961,89.76495072901147,0.9005168868611918,0.0021032282027817666,0.05362024236527563,1.0,0,0,0.0994831131388082,-0.0021032282027817666,-0.05362024236527563,-0.8969029950673143,-0.9044897231595769,0,0
900.238757316699,353.40072554933454,75.99135610686974,0.9221785566139412,0.00335905664618922,0.06219948114371971,1.0,0,0,0.07782144338605879,-0.00335905664618922,-0.06219948114371971,-0.917994099163805,-0.9267947037508296,0,0
268.9169663380496,261.6981137825328,87.02903054016306,0.9426981432726377,0.004648058455447661,0.06327188599102523,1.0,0,0,0.05730185672736232,-0.004648058455447661,-0.06327188599102523,-0.9384782650129148,-0.9474306041617846,0,0
437.33222201576723,280.5772654118684,83.38264517783642,0.959133232564711,0.005609719981895892,0.0536202423652756,1.0,0,0,0.04086676743528905,-0.005609719981895892,-0.0536202423652756,-0.9556242705014288,-0.9632109985936913,0,0
167.46934895889862,528.3325926770696,91.40254728973653,0.9719421074393672,0.006180153075687755,0.03538935996108189,1.0,0,0,0.028057892560632847,-0.006180153075687755,-0.03538935996108189,-0.9697355847530378,-0.9747428252939309,0,0
648.3999468665874,544.8761250677193,87.02903054016306,0.981195339823147,0.0063985042382029836,0.011796453320360611,1.0,0,0,0.018804660176853005,-0.0063985042382029836,-0.011796453320360611,-0.9806604732058963,-0.9823295533861938,0,0
153.56624101955603,284.7075611688845,76.28731360165042,0.9865060464339347,0.00640419946789828,-0.009651643625749641,1.0,0,0,0.013493953566065309,-0.00640419946789828,0.009651643625749641,-0.9874885284889329,-0.9861229174323252,0,0
138.92864283985838,245.3252030939217,75.69750294678715,0.9873405230604518,0.006393907633154926,-0.015013667862277206,1.0,0,0,0.012659476939548164,-0.006393907633154926,0.015013667862277206,-0.9887024049836949,-0.9865781211178609,0,0
135.24881572421333,353.40072554933454,73.14379906825155,0.9873405230604518,0.006393907633154926,-0.015013667862277206,1.0,0,0,0.012659476939548164,-0.006393907633154926,0.015013667862277206,-0.9887024049836949,-0.9865781211178609,0,0
129.25786434407527,448.2028325964311,74.25900132173959,0.9873405230604518,0.006393907633154926,-0.015013667862277206,1.0,0,0,0.012659476939548164,-0.006393907633154926,0.015013667862277206,-0.9887024049836949,-0.9865781211178609,0,0
124.52854747504531,265.2554052777127,74.25900132173959,0.9873405230604518,0.006393907633154926,-0.015013667862277206,1.0,0,0,0.012659476939548164,-0.006393907633154926,0.015013667862277206,-0.9887024049836949,-0.9865781211178609,0,0
107.45140018288424,220.70517709223105,68.48157158520587,0.9873405230604518,0.006393907633154926,-0.015013667862277206,1.0,0,0,0.012659476939548164,-0.006393907633154926,0.015013667862277206,-0.9887024049836949,-0.9865781211178609,0,0
120.13062066766372,185.91929651913173,72.59760196071355,0.9873405230604518,0.006393907633154926,-0.015013667862277206,1.0,0,0,0.012659476939548164,-0.006393907633154926,0.015013667862277206,-0.9887024049836949,-0.9865781211178609,0,0
94.40905615911757,206.97300472647143,69.22073170815571,0.9873405230604518,0.006393907633154926,-0.015013667862277206,1.0,0,0,0.012659476939548164,-0.006393907633154926,0.015013667862277206,-0.9887024049836949,-0.9865781211178609,0,0
107.45140018288424,284.7075611688845,76.28731360165042,0.9873405230604518,0.006393907633154926,-0.015013667862277206,1.0,0,0,0.012659476939548164,-0.006393907633154926,0.015013667862277206,-0.9887024049836949,-0.9865781211178609,0,0
104.1428794944386,346.8640580657511,72.32728403086773,0.9873405230604518,0.006393907633154926,-0.015013667862277206,1.0,0,0,0.012659476939548164,-0.006393907633154926,0.015013667862277206,-0.9887024049836949,-0.9865781211178609,0,0
105.22351709380416,544.8761250677193,73.14379906825155,0.9873405230604518,0.006393907633154926,-0.015013667862277206,1.0,0,0,0.012659476939548164,-0.006393907633154926,0.015013667862277206,-0.9887024049836949,-0.9865781211178609,0,0
119.42733126216413,225.71785045590883,75.69750294678715,0.9873405230604518,0.006393907633154926,-0.015013667862277206,1.0,0,0,0.012659476939548164,-0.006393907633154926,0.015013667862277206,-0.9887024049836949,-0.9865781211178609,0,0
139.88023555455067,220.70517709223105,74.25900132173959,0.9873405230604518,0.006393907633154926,-0.015013667862277206,1.0,0,0,0.012659476939548164,-0.006393907633154926,0.015013667862277206,-0.9887024049836949,-0.9865781211178609,0,0
120.84213728458607,251.60762066022812,72.32728403086773,0.9873405230604518,0.006393907633154926,-0.015013667862277206,1.0,0,0,0.012659476939548164,-0.006393907633154926,0.015013667862277206,-0.9887024049836949,-0.9865781211178609,0,0
120.13062066766372,33.840516440659265,74.25900132173959,0.9873405230604518,0.006393907633154926,-0.015013667862277206,1.0,0,0,0.012659476939548164,-0.006393907633154926,0.015013667862277206,-0.9887024049836949,-0.9865781211178609,0,0
135.24881572421333,33.99309161106534,75.69750294678715,0.9873405230604518,0.006393907633154926,-0.015013667862277206,1.0,0,0,0.012659476939548164,-0.006393907633154926,0.015013667862277206,-0.9887024049836949,-0.9865781211178609,0,0
114.72272976706012,32.800418117764416,76.58539900875073,0.9873405230604518,0.006393907633154926,-0.015013667862277206,1.0,0,0,0.012659476939548164,-0.006393907633154926,0.015013667862277206,-0.9887024049836949,-0.9865781211178609,0,0
129.25786434407527,185.91929651913173,74.25900132173959,0.9873405230604518,0.006393907633154926,-0.015013667862277206,1.0,0,0,0.012659476939548164,-0.006393907633154926,0.015013667862277206,-0.9887024049836949,-0.9865781211178609,0,0
134.3591943699604,284.7075611688845,76.28731360165042,0.9873405230604518,0.006393907633154926,-0.015013667862277206,1.0,0,0,0.012659476939548164,-0.006393907633154926,0.015013667862277206,-0.9887024049836949,-0.9865781211178609,0,0
115.37236097408694,225.71785045590883,76.58539900875073,0.9873405230604518,0.006393907633154926,-0.015013667862277206,1.0,0,0,0.012659476939548164,-0.006393907633154926,0.015013667862277206,-0.9887024049836949,-0.9865781211178609,0,0
129.25786434407527,317.7208243859324,74.54267433246892,0.9873405230604518,0.006393907633154926,-0.015013667862277206,1.0,0,0,0.012659476939548164,-0.006393907633154926,0.015013667862277206,-0.9887024049836949,-0.9865781211178609,0,0
137.98997206957193,239.3652489782259,73.9772983740448,0.9873405230604518,0.006393907633154926,-0.015013667862277206,1.0,0,0,0.012659476939548164,-0.006393907633154926,0.015013667862277206,-0.9887024049836949,-0.9865781211178609,0,0
119.42733126216413,225.71785045590883,76.58539900875073,0.9873405230604518,0.006393907633154926,-0.015013667862277206,1.0,0,0,0.012659476939548164,-0.006393907633154926,0.015013667862277206,-0.9887024049836949,-0.9865781211178609,0,0
133.48121220361529,288.9697116820819,72.86976705815192,0.9873405230604518,0.006393907633154926,-0.015013667862277206,1.0,0,0,0.012659476939548164,-0.006393907633154926,0.015013667862277206,-0.9887024049836949,-0.9865781211178609,0,0
133.48121220361529,265.2554052777127,74.54267433246892,0.9873405230604518,0.006393907633154926,-0.015013667862277206,-0.012659476939548164,0,0,-1.0,-0.006393907633154926,0.015013667862277206,-0.9887024049836949,-0.9865781211178609,0,0
116.02925942608664,258.2405371440609,76.28731360165042,0.9824854191299839,0.006456390726286647,-0.010724048473055152,-0.012659476939548164,0,0,-0.995144896069532,-0.006456390726286647,0.010724048473055152,-0.9835434298809561,-0.9820260842625033,0,0
223.1819809443389,297.9167592848756,71.79211210149265,0.96253232711572,0.006445691828963875,0.011796453320360651,-0.012659476939548164,0,0,-0.9751918040552682,-0.006445691828963875,-0.011796453320360651,-0.9619971220989296,-0.9636662022792272,0,0
146.92774685951784,900.238757316699,75.69750294678715,0.9407642048661012,0.005943701715149886,0.03431695511377641,-0.012659476939548164,0,0,-0.9534236818056494,-0.005943701715149886,-0.03431695511377641,-0.93862999957476,-0.943485505553808,0,0
223.1819809443389,307.4777105974586,67.04513494735056,0.91900607237874,0.005114961097615913,0.041823789044914995,-0.012659476939548164,0,0,-0.9316655493182882,-0.005114961097615913,-0.041823789044914995,-0.9163250189835073,-0.922242666895472,0,0
471.8179059817352,297.9167592848756,74.25900132173959,0.8974063511028534,0.004129823920958993,0.049330622976053555,-0.012659476939548164,0,0,-0.9100658280424015,-0.004129823920958993,-0.049330622976053555,-0.8941717729540998,-0.9011515627989812,0,0
448.2028325964311,261.6981137825328,76.88563626605912,0.8758087924387068,0.003098361754145248,0.04611340843413701,-0.012659476939548164,0,0,-0.888468269378255,-0.003098361754145248,-0.04611340843413701,-0.8727771997339185,-0.8793017858932642,0,0
261.6981137825328,265.2554052777127,56.53772243679344,0.8585269645907396,0.002356582081310537,0.03967897935030395,-0.012659476939548164,0,0,-0.8711864415302878,-0.002356582081310537,-0.03967897935030395,-0.855934663369095,-0.8615488421573692,0,0
1019.267059271828,1411.3480414449798,60.40777364647001,0.8368380173008113,0.0017284045497447907,0.018230882404193693,-0.012659476939548164,0,0,-0.8494974942403595,-0.0017284045497447907,-0.018230882404193693,-0.8357539666436757,-0.8383334541950448,0,0
367.3069052663625,1093.1463157010076,82.68751571021457,0.819769412785039,0.0014995851658881438,0.008579238778444086,-0.012659476939548164,0,0,-0.8324288897245872,-0.0014995851658881438,-0.008579238778444086,-0.819366633964388,-0.8205805104591497,0,0
177.7453057985956,448.2028325964311,78.73363637499943,0.7982990494467839,0.0014420227236784172,-0.0032172145419165406,-0.012659476939548164,0,0,-0.810958526386332,-0.0014420227236784172,0.0032172145419165406,-0.798730733553433,-0.798275529867897,0,0
204.85569342211394,317.7208243859324,43.88139400932728,0.7767539806217699,0.001673081943852903,-0.01823088240419371,-0.012659476939548164,0,0,-0.7894134575613181,-0.001673081943852903,0.01823088240419371,-0.7782465677043233,-0.7756670801529537,0,0
82.68751571021457,312.50933522689996,45.766561441787665,0.7549120558654068,0.002258806936468871,-0.035389359961081904,-0.012659476939548164,0,0,-0.7675715328049549,-0.002258806936468871,0.035389359961081904,-0.7576106672933683,-0.7526034267524746,0,0
50.96490904549061,284.7075611688845,41.48668155431983,0.7332320277299903,0.0031427874815036115,-0.04611340843413703,-0.012659476939548164,0,0,-0.7458915046695385,-0.0031427874815036115,0.04611340843413703,-0.7366712977587229,-0.7301467115993766,0,0
56.36420238587991,280.5772654118684,41.176340005486864,0.7114088312625699,0.00422021347616628,-0.05254783751797012,-0.012659476939548164,0,0,-0.7240683082021181,-0.00422021347616628,0.05254783751797012,-0.7152767245385416,-0.7078417310081239,0,0
62.21088813178245,223.1819809443389,37.0134486413167,0.6897407391594166,0.005359874024624903,-0.05254783751797012,-0.012659476939548164,0,0,-0.7024002160989647,-0.005359874024624903,0.05254783751797012,-0.6935786821946699,-0.6861436886642521,0,0
61.802071720251114,211.34777997197892,37.18822146772475,0.6681420867696128,0.006368174276159121,-0.04075138419760949,-0.012659476939548164,0,0,-0.680801563709161,-0.006368174276159121,0.04075138419760949,-0.6711219670415719,-0.6653560536914519,0,0
108.02276929750369,407.8990969411948,43.88139400932728,0.646226682485332,0.007038195212884236,-0.020375692098804757,-0.012659476939548164,0,0,-0.6588861594248802,-0.007038195212884236,0.020375692098804757,-0.6477548445174023,-0.6448718878423422,0,0
353.40072554933454,242.3065498311679,39.00837153363536,0.6244544286843856,0.0073067185375517455,-0.004289619389222087,-0.012659476939548164,0,0,-0.6371139056239338,-0.0073067185375517455,0.004289619389222087,-0.6248429256787684,-0.6242359874313872,0,0
353.40072554933454,346.8640580657511,37.36426621567546,0.602984682645593,0.00713403286591387,0.020375692098804715,-0.012659476939548164,0,0,-0.6156441595851412,-0.00713403286591387,-0.020375692098804715,-0.6016275377164441,-0.6045104943915038,0,0
261.6981137825328,1411.3480414449798,43.9954973922686,0.5813740726423704,0.006426933338665482,0.045041003586831496,-0.012659476939548164,0,0,-0.5940335495819186,-0.006426933338665482,-0.045041003586831496,-0.5782604151922744,-0.5846332667897751,0,0
261.6981137825328,648.3999468665874,41.59095555144303,0.5600127565935108,0.005234482109294487,0.06648910053294173,-0.012659476939548164,0,0,-0.572672233533059,-0.005234482109294487,-0.06648910053294173,-0.5553484963536406,-0.5647560391880464,0,0
242.3065498311679,1019.267059271828,48.05094550934816,0.5383706991423959,0.0036767944515491155,0.07721314900599685,-0.012659476939548164,0,0,-0.551030176081944,-0.0036767944515491155,-0.07721314900599685,-0.5328917812005426,-0.5438166696534009,0,0
284.7075611688845,1411.3480414449798,92.2427776670329,0.5168940457982876,0.001945684930225897,0.08364757808982991,-0.012659476939548164,0,0,-0.5295535227378357,-0.001945684930225897,-0.08364757808982991,-0.5108902697329804,-0.5227255655569102,0,0
159.58252707905322,648.3999468665874,168.8620920208621,0.49541739245417926,0.0002145754089026787,0.07721314900599685,-0.012659476939548164,0,0,-0.5080768693937274,-0.0002145754089026787,-0.07721314900599685,-0.4897991656364896,-0.500724054089348,0,0
1093.1463157010076,1411.3480414449798,40.167981003823776,0.47376885225203075,-0.0012502620129336056,0.05790986175449764,-0.012659476939548164,0,0,-0.4864283291915789,0.0012502620129336056,-0.05790986175449764,-0.4694667343492252,-0.4776604006888689,0,0
417.22151175368833,353.40072554933454,113.44477390085575,0.45224236493263303,-0.0021742331843592976,0.02788252602994327,-0.012659476939548164,0,0,-0.4649018418721812,0.0021742331843592976,-0.02788252602994327,-0.4500447104330323,-0.4539898090410088,0,0
116.02925942608664,602.1580731583105,28.355061199586004,0.4305446345115188,-0.002290578055779342,-0.017158477556888267,-0.012659476939548164,0,0,-0.443204111451067,0.002290578055779342,0.017158477556888267,-0.43153309388791095,-0.42910534089838664,0,0
85.90410486184942,236.49825525583836,27.26606267467261,0.40901350231659483,-0.0014820451606386807,-0.05790986175449776,-0.012659476939548164,0,0,-0.421672979256143,0.0014820451606386807,0.05790986175449776,-0.41286974278094435,-0.40467607644130027,0,0
71.79211210149265,166.09994149545804,19.823053641380127,0.38797520545351644,9.51010484512944e-06,-0.08364757808983006,-0.012659476939548164,0,0,-0.4006346823930646,-9.51010484512944e-06,0.08364757808983006,-0.3935994534265967,-0.38176415760266647,0,0
77.49266392626436,191.20821604693444,24.660015279911583,0.3665141939009959,0.0019248069957720037,-0.09437162656288518,-0.012659476939548164,0,0,-0.37917367084054404,-0.0019248069957720037,0.09437162656288518,-0.37281181845379646,-0.35945917701141367,0,0
77.18804967871625,206.97300472647143,21.010896801842307,0.34514037829168537,0.003959462153442673,-0.09544403141019073,-0.012659476939548164,0,0,-0.35779985523123353,-0.003959462153442673,0.09544403141019073,-0.3514172452336152,-0.3379128692293872,0,0
79.36799805452281,242.3065498311679,20.89221469509625,0.3234537068658934,0.005906619778919593,-0.08364757808983007,-0.012659476939548164,0,0,-0.3361131838054416,-0.005906619778919593,0.08364757808983007,-0.3288087955186719,-0.3169734996947417,0,0
80.99613175561399,448.2028325964311,27.154814473847836,0.30173349151598583,0.007434816592930217,-0.05683745690719225,-0.012659476939548164,0,0,-0.314392968455534,-0.007434816592930217,0.05683745690719225,-0.3051382038708118,-0.29709627209301304,0,0
113.44477390085575,272.6876389629632,19.566163838158445,0.2800516172782872,0.008272295605845246,-0.020375692098804826,-0.012659476939548164,0,0,-0.29271109421783537,-0.008272295605845246,0.020375692098804826,-0.2808606739755707,-0.27797771730051063,0,0
851.4899528953961,390.5444991736698,19.67576893443448,0.2585053218859484,0.008249189245367187,0.022520501793415686,-0.012659476939548164,0,0,-0.27116479882549654,-0.008249189245367187,-0.022520501793415686,-0.25627967495663906,-0.2594661007553893,0,0
1284.2268420173286,191.20821604693444,22.720324710149534,0.23697983781581416,0.007302133500327028,0.0654166956856362,-0.012659476939548164,0,0,-0.24963931475536233,-0.007302133500327028,-0.0654166956856362,-0.23169867593770743,-0.24095448421026794,0,0
1284.2268420173286,367.3069052663625,27.154814473847836,0.21566199819568466,0.005491753097170493,0.10402327018863464,-0.012659476939548164,0,0,-0.22832147513523282,-0.005491753097170493,-0.10402327018863464,-0.20757288060431156,-0.2222911331033013,0,0
1093.1463157010076,734.7683303247097,27.94694360726399,0.19471747201582923,0.0030095171876811633,0.13190579621857795,-0.012659476939548164,0,0,-0.2073769489553774,-0.0030095171876811633,-0.13190579621857795,-0.1845092272038325,-0.20317257831079893,0,0
254.878386734463,602.1580731583105,26.446644470518727,0.17351791530155564,0.00012740712871495618,0.13834022530241105,-0.012659476939548164,0,0,-0.1861773922411038,-0.00012740712871495618,-0.13834022530241105,-0.1626594502981155,-0.18223320877615345,0,0
1284.2268420173286,1411.3480414449798,29.31979943667244,0.15307011591757544,-0.002652500445890748,0.13190579621857795,-0.012659476939548164,0,0,-0.1657295928571236,0.002652500445890748,-0.13190579621857795,-0.1424787535726963,-0.16114210467966272,0,0
1284.2268420173286,648.3999468665874,28.004743143301148,0.13250098576328498,-0.0050790629565553875,0.1029508653413291,-0.012659476939548164,0,0,-0.14516046270283314,0.0050790629565553875,-0.1029508653413291,-0.12381540246572968,-0.13838192040287417,0,0
1093.1463157010076,284.7075611688845,33.388857821495826,0.11147806453208034,-0.006773599741512621,0.05790986175449757,-0.012659476939548164,0,0,-0.1241375414716285,0.006773599741512621,-0.05790986175449757,-0.10591072416798936,-0.11410439050763305,0,0
248.42442609070224,200.75362703878065,31.39434006392785,0.09024549801737308,-0.007434140022362849,0.004289619389221927,-0.012659476939548164,0,0,-0.10290497495692125,0.007434140022362849,-0.004289619389221927,-0.0884612495557848,-0.08906818780316564,0,0
73.9772983740448,1093.1463157010076,44.92590039496099,0.07340723251189613,-0.007054869713127045,-0.049330622976053715,-0.012659476939548164,0,0,-0.08606670945144429,0.007054869713127045,0.049330622976053715,-0.0754120772370927,-0.06843228739221069,0,0
110.36868736531008,194.9110753588243,37.276083951504475,0.05284164671949599,-0.005352792515617924,-0.11581972350899551,-0.012659476939548164,0,0,-0.06550112365904415,0.005352792515617924,0.11581972350899551,-0.05947994824334071,-0.043092615564052764,0,0
118.73212177360972,145.87739303694283,27.6035995904869,0.038937195569110475,-0.003439677288170979,-0.15764351255391051,-0.012659476939548164,0,0,-0.05159667250865864,0.003439677288170979,0.15764351255391051,-0.048403325228636954,-0.026098344637383978,0,0
106.88588226030939,648.3999468665874,26.553939227512814,0.0255526599059129,-0.0011424588039018876,-0.1823088240419373,-0.012659476939548164,0,0,-0.03821213684546106,0.0011424588039018876,0.1823088240419373,-0.03656802940470691,-0.01077315389101302,0,0
160.8439044330725,1411.3480414449798,27.044189133291546,0.015109332782611411,0.0007944116516884951,-0.18445363373654833,-0.012659476939548164,0,0,-0.027768809722159574,-0.0007944116516884951,0.18445363373654833,-0.026098344637384176,2.3071822230491534e-16,0,0
151.28683687310368,293.3703955349555,27.546944329386996,0.007558559004306735,0.0020987057910719625,-0.15764351255391051,-0.012659476939548164,0,0,-0.0202180359438549,-0.0020987057910719625,0.15764351255391051,-0.016539067241132983,0.005765913350119997,0,0
127.64222867598318,155.91651753124995,26.770315400455452,0.003502087030081688,0.002672358250039965,-0.1233265574401341,-0.012659476939548164,0,0,-0.016161563969629852,-0.002672358250039965,0.1233265574401341,-0.01001448108178693,0.007434993530417825,0,0
130.08105893503551,703.2691653992177,26.446644470518727,-0.00034973133060677746,0.0030390275540724885,-0.06648910053294192,-0.012659476939548164,0,0,-0.012309745608941387,-0.0030390275540724885,0.06648910053294192,-0.0021242838658335657,0.007283258968572568,0,0
110.97077873540402,528.3325926770696,28.892132026161015,-0.003760696417639237,0.003183602489993383,-0.01823088240419385,-0.012659476939548164,0,0,-0.008898780521908928,-0.003183602489993383,0.01823088240419385,0.004703771417202999,0.007283258968572568,0,0
245.3252030939217,185.91929651913173,30.526926956734627,-0.0061125790833512425,0.0031873857488130975,0.01501366786227705,-0.012659476939548164,0,0,-0.006546897856196922,-0.0031873857488130975,-0.01501366786227705,0.009407542834405966,0.007283258968572568,0,0
1284.2268420173286,261.6981137825328,44.92590039496099,-0.007781059446684539,0.0031426428674327113,0.038606574502998335,-0.012659476939548164,0,0,-0.004878417492863625,-0.0031426428674327113,-0.038606574502998335,0.01274570319500162,0.007283258968572568,0,0
955.6520228707801,312.50933522689996,45.64490144276858,-0.007781059446684539,0.0031426428674327113,0.038606574502998335,-0.012659476939548164,0,0,-0.004878417492863625,-0.0031426428674327113,-0.038606574502998335,0.01274570319500162,0.007283258968572568,0,0
769.566351540633,268.9169663380496,40.66722061663911,-0.007705250278633725,0.0031456117652141117,0.039678979350303845,-0.012659476939548164,0,0,-0.0049542266609144394,-0.0031456117652141117,-0.039678979350303845,0.01274570319500162,0.007131524406727312,0,0
528.3325926770696,284.7075611688845,45.88875276428319,-0.007705250278633725,0.0031456117652141117,0.039678979350303845,-0.012659476939548164,0,0,-0.0049542266609144394,-0.0031456117652141117,-0.039678979350303845,0.01274570319500162,0.007131524406727312,0,0
471.8179059817352,544.8761250677193,47.01299362275322,-0.007705250278633725,0.0031456117652141117,0.039678979350303845,-0.012659476939548164,0,0,-0.0049542266609144394,-0.0031456117652141117,-0.039678979350303845,0.01274570319500162,0.007131524406727312,0,0
1180.1265773010464,648.3999468665874,41.906294265999335,-0.007705250278633725,0.0031456117652141117,0.039678979350303845,-0.012659476939548164,0,0,-0.0049542266609144394,-0.0031456117652141117,-0.039678979350303845,0.01274570319500162,0.007131524406727312,0,0
602.1580731583105,407.8990969411948,38.44807213279861,-0.007705250278633725,0.0031456117652141117,0.039678979350303845,-0.012659476939548164,0,0,-0.0049542266609144394,-0.0031456117652141117,-0.039678979350303845,0.01274570319500162,0.007131524406727312,0,0
769.566351540633,284.7075611688845,47.65731322735808,-0.007705250278633725,0.0031456117652141117,0.039678979350303845,-0.012659476939548164,0,0,-0.0049542266609144394,-0.0031456117652141117,-0.039678979350303845,0.01274570319500162,0.007131524406727312,0,0
648.3999468665874,239.3652489782259,44.45675008456414,-0.007705250278633725,0.0031456117652141117,0.039678979350303845,-0.012659476939548164,0,0,-0.0049542266609144394,-0.0031456117652141117,-0.039678979350303845,0.01274570319500162,0.007131524406727312,0,0
734.7683303247097,261.6981137825328,48.854583701372256,-0.007705250278633725,0.0031456117652141117,0.039678979350303845,-0.012659476939548164,0,0,-0.0049542266609144394,-0.0031456117652141117,-0.039678979350303845,0.01274570319500162,0.007131524406727312,0,0
1019.267059271828,353.40072554933454,49.820833293006025,-0.007705250278633725,0.0031456117652141117,0.039678979350303845,-0.012659476939548164,0,0,-0.0049542266609144394,-0.0031456117652141117,-0.039678979350303845,0.01274570319500162,0.007131524406727312,0,0
769.566351540633,312.50933522689996,42.5485367221777,-0.007781059446684539,0.0031426428674327113,0.03860657450299833,-0.012659476939548164,0,0,-0.004878417492863625,-0.0031426428674327113,-0.03860657450299833,0.01274570319500162,0.007283258968572568,0,0
242.3065498311679,437.33222201576723,40.97148724743448,-0.007781059446684539,0.0031426428674327113,0.03860657450299833,-0.012659476939548164,0,0,-0.004878417492863625,-0.0031426428674327113,-0.03860657450299833,0.01274570319500162,0.007283258968572568,0,0
1284.2268420173286,261.6981137825328,45.16350334108189,-0.007781059446684539,0.0031426428674327113,0.03860657450299833,-0.012659476939548164,0,0,-0.004878417492863625,-0.0031426428674327113,-0.03860657450299833,0.01274570319500162,0.007283258968572568,0,0
220.70517709223105,254.878386734463,40.66722061663911,-0.007781059446684539,0.0031426428674327113,0.03860657450299833,-0.012659476939548164,0,0,-0.004878417492863625,-0.0031426428674327113,-0.03860657450299833,0.01274570319500162,0.007283258968572568,0,0
1284.2268420173286,407.8990969411948,48.584237987391454,-0.007781059446684539,0.0031426428674327113,0.03860657450299833,-0.012659476939548164,0,0,-0.004878417492863625,-0.0031426428674327113,-0.03860657450299833,0.01274570319500162,0.007283258968572568,0,0
562.6000187683081,272.6876389629632,44.69032492014681,-0.007781059446684539,0.0031426428674327113,0.03860657450299833,-0.012659476939548164,0,0,-0.004878417492863625,-0.0031426428674327113,-0.03860657450299833,0.01274570319500162,0.007283258968572568,0,0
528.3325926770696,193.04122344313365,42.985502974536416,-0.007781059446684539,0.0031426428674327113,0.03860657450299833,-0.012659476939548164,0,0,-0.004878417492863625,-0.0031426428674327113,-0.03860657450299833,0.01274570319500162,0.007283258968572568,0,0
353.40072554933454,242.3065498311679,48.05094550934816,-0.007781059446684539,0.0031426428674327113,0.03860657450299833,-0.012659476939548164,0,0,-0.004878417492863625,-0.0031426428674327113,-0.03860657450299833,0.01274570319500162,0.007283258968572568,0,0
220.70517709223105,204.85569342211394,46.25855108998474,-0.007781059446684539,0.0031426428674327113,0.03860657450299833,-0.012659476939548164,0,0,-0.004878417492863625,-0.0031426428674327113,-0.03860657450299833,0.01274570319500162,0.007283258968572568,0,0
1019.267059271828,448.2028325964311,42.875588389285745,-0.007781059446684539,0.0031426428674327113,0.03860657450299833,-0.012659476939548164,0,0,-0.004878417492863625,-0.0031426428674327113,-0.03860657450299833,0.01274570319500162,0.007283258968572568,0,0
602.1580731583105,215.92040254306553,41.38282267374021,-0.007781059446684539,0.0031426428674327113,0.03860657450299833,-0.012659476939548164,0,0,-0.004878417492863625,-0.0031426428674327113,-0.03860657450299833,0.01274570319500162,0.007283258968572568,0,0
1284.2268420173286,265.2554052777127,46.63326386384414,-0.007781059446684539,0.0031426428674327113,0.03860657450299833,-0.012659476939548164,0,0,-0.004878417492863625,-0.0031426428674327113,-0.03860657450299833,0.01274570319500162,0.007283258968572568,0,0
769.566351540633,239.3652489782259,43.20669553443567,-0.007781059446684539,0.0031426428674327113,0.03860657450299833,-0.012659476939548164,0,0,-0.004878417492863625,-0.0031426428674327113,-0.03860657450299833,0.01274570319500162,0.007283258968572568,0,0
1093.1463157010076,242.3065498311679,42.012254864281495,-0.007781059446684539,0.0031426428674327113,0.03860657450299833,-0.012659476939548164,0,0,-0.004878417492863625,-0.0031426428674327113,-0.03860657450299833,0.01274570319500162,0.007283258968572568,0,0
248.42442609070224,228.31501027837746,43.09587104878454,-0.007781059446684539,0.0031426428674327113,0.03860657450299833,-0.012659476939548164,0,0,-0.004878417492863625,-0.0031426428674327113,-0.03860657450299833,0.01274570319500162,0.007283258968572568,0,0
1284.2268420173286,220.70517709223105,42.985502974536416,-0.007781059446684539,0.0031426428674327113,0.03860657450299833,-0.012659476939548164,0,0,-0.004878417492863625,-0.0031426428674327113,-0.03860657450299833,0.01274570319500162,0.007283258968572568,0,0
