FDist,LDist,RDist,XEst,YEst,ThetaEst,XDes,YDes,ThetaDes,XError,YError,ThetaError,SL,SR,RW,LW
1284.2268420173286,91.40254728973653,93.09781934285294,0.0,0.0,0.0,0,0,0,0.0,0.0,0.0,0.0,0.0,0,0
1284.2268420173286,90.98786202822609,98.56325615049124,0.0,0.0,0.0,0,0,0,0.0,0.0,0.0,0.0,0.0,0,0
1284.2268420173286,96.67455639633857,106.88588226030939,0.0,0.0,0.0,0,0,0,0.0,0.0,0.0,0.0,0.0,0,0
484.6780696502813,98.56325615049124,106.32612268515561,0.0,0.0,0.0,0,0,0,0.0,0.0,0.0,0.0,0.0,0,0
624.3377665398167,88.18202887947652,92.2427776670329,0.0,0.0,0.0,0,0,0,0.0,0.0,0.0,0.0,0.0,0,0
1284.2268420173286,97.6101426547749,105.77203060255431,0.0,0.0,0.0,0,0,0,0.0,0.0,0.0,0.0,0.0,0,0
323.12240163650586,99.04654639912101,106.32612268515561,0.0,0.0,0.0,0,0,0,0.0,0.0,0.0,0.0,0.0,0,0
1284.2268420173286,94.40905615911757,103.61058678886198,0.0,0.0,0.0,0,0,0,0.0,0.0,0.0,0.0,0.0,0,0
602.1580731583105,90.16911060094986,98.56325615049124,0.0,0.0,0.0,0,0,0,0.0,0.0,0.0,0.0,0.0,0,0
1284.2268420173286,94.8539958627646,105.22351709380416,0.0,0.0,0.0,0,0,0,0.0,0.0,0.0,0.0,0.0,0,0
1284.2268420173286,98.08447665807216,105.77203060255431,0.0,0.0,0.0,0,0,0,0.0,0.0,0.0,0.0,0.0,0,0
624.3377665398167,91.82083615681199,92.66842176880655,0.0,0.0,0.0,0,0,0,0.0,0.0,0.0,0.0,0.0,0,0
248.42442609070224,84.08878225753256,98.56325615049124,0.0,0.0,0.0,1.0,0,0,1.0,0.0,0.0,0.0,0.0,0,0
1284.2268420173286,95.30295822324965,99.53441397948464,0.0062969616857779945,1.688227103677503e-05,0.005362024236527564,1.0,0,0,0.993703038314222,-1.688227103677503e-05,-0.005362024236527564,-0.005917647911965024,-0.006676320721191309,0,0
1411.3480414449798,93.09781934285294,97.6101426547749,0.034821730659746725,0.0002922017247902044,0.013941263014971672,1.0,0,0,0.9651782693402533,-0.0002922017247902044,-0.013941263014971672,-0.03383680729149231,-0.03580935659548066,0,0
233.7026839645806,94.40905615911757,184.22292190812155,0.06379976569275472,0.0007273010105107965,0.01608607270958269,1.0,0,0,0.9362002343072453,-0.0007273010105107965,-0.01608607270958269,-0.06266637404209115,-0.06494239246977,0,0
1284.2268420173286,90.57673222463723,317.7208243859324,0.09277731746014485,0.0011934762253162246,0.01608607270958269,1.0,0,0,0.9072226825398552,-0.0011934762253162246,-0.01608607270958269,-0.09164767535453523,-0.09392369378221409,0,0
1284.2268420173286,83.73432085224402,261.6981137825328,0.1219065841582543,0.0016620921480525713,0.01608607270958269,1.0,0,0,0.8780934158417457,-0.0016620921480525713,-0.01608607270958269,-0.12078071122882458,-0.12305672965650344,0,0
213.60849807698625,68.97275209823704,198.76603234393832,0.1511885087638503,0.0020703456101260993,0.011796453320360625,1.0,0,0,0.8488114912361497,-0.0020703456101260993,-0.011796453320360625,-0.1503689507886497,-0.15203803096894752,0,0
900.238757316699,68.72637072202204,193.04122344313365,0.17485773930400644,0.0023241853167966613,0.009651643625749605,1.0,0,0,0.8251422606959935,-0.0023241853167966613,-0.009651643625749605,-0.17419127699835504,-0.17555688805496236,0,0
215.92040254306553,67.75651089553122,198.76603234393832,0.20436858001902786,0.00262484762099643,0.010724048473055128,1.0,0,0,0.7956314199809722,-0.00262484762099643,-0.010724048473055128,-0.2036277819963349,-0.20514512761478748,0,0
1284.2268420173286,81.32922784467303,323.12240163650586,0.23395436959531718,0.0030056039697678545,0.01501366786227717,1.0,0,0,0.7660456304046828,-0.0030056039697678545,-0.01501366786227717,-0.23291255243246953,-0.2350368362983031,0,0
1284.2268420173286,95.7560002023429,323.12240163650586,0.2634631739229431,0.0034644990366592904,0.01608607270958269,1.0,0,0,0.7365368260770568,-0.0034644990366592904,-0.01608607270958269,-0.2623490574304494,-0.2646250758581282,0,0
251.60762066022812,66.81098138696464,312.50933522689996,0.29236601090298425,0.003851966526656547,0.01072404847305515,1.0,0,0,0.7076339890970158,-0.003851966526656547,-0.01072404847305515,-0.291633827866584,-0.29315117348503655,0,0
1284.2268420173286,72.05879380612686,407.8990969411948,0.31565605743129166,0.004089250144623975,0.009651643625749651,1.0,0,0,0.6843439425687083,-0.004089250144623975,-0.009651643625749651,-0.31500095039075354,-0.31636656144736086,0,0
215.92040254306553,67.75651089553122,200.75362703878065,0.345090869769691,0.004404922600355316,0.011796453320360672,1.0,0,0,0.654909130230309,-0.004404922600355316,-0.011796453320360672,-0.34428572082688813,-0.345954801007186,0,0
1284.2268420173286,83.38264517783642,293.3703955349555,0.3745253266537005,0.004752160903947577,0.011796453320360672,1.0,0,0,0.6254746733462995,-0.004752160903947577,-0.011796453320360672,-0.37372222582486797,-0.37539130600516585,0,0
602.1580731583105,63.680115630491734,346.8640580657511,0.4040361673687219,0.005052823208147347,0.008579238778444152,1.0,0,0,0.5959638326312782,-0.005052823208147347,-0.008579238778444152,-0.40346219994653837,-0.40467607644130044,0,0
248.42442609070224,66.5782896093539,215.92040254306553,0.43354782265181663,0.0052585414142414305,0.005362024236527633,1.0,0,0,0.5664521773481834,-0.0052585414142414305,-0.005362024236527633,-0.43320217406820877,-0.433960846877435,0,0
1284.2268420173286,64.98920973082122,353.40072554933454,0.4632873692429942,0.0054180071121318445,0.005362024236527633,1.0,0,0,0.5367126307570058,-0.0054180071121318445,-0.005362024236527633,-0.46294214818987917,-0.4637008209991054,0,0
1284.2268420173286,72.32728403086773,417.22151175368833,0.4930267277214039,0.005609365546133309,0.007506833931138654,1.0,0,0,0.5069732722785961,-0.005609365546133309,-0.007506833931138654,-0.49253038774970426,-0.4935925296826211,0,0
1284.2268420173286,69.22073170815571,407.8990969411948,0.5224624033121353,0.005830338425254887,0.007506833931138654,1.0,0,0,0.47753759668786466,-0.005830338425254887,-0.007506833931138654,-0.5219668927476842,-0.5230290346806009,0,0
1284.2268420173286,72.05879380612686,471.8179059817352,0.5462838528258538,0.0060347133429317175,0.009651643625749676,1.0,0,0,0.4537161471741462,-0.0060347133429317175,-0.009651643625749676,-0.5456374843955443,-0.5470030954521515,0,0
1284.2268420173286,77.79950406996568,242.3065498311679,0.5755672592725345,0.006317355122582846,0.009651643625749676,1.0,0,0,0.4244327407274655,-0.006317355122582846,-0.009651643625749676,-0.5749222548316789,-0.5762878658882862,0,0
1284.2268420173286,73.9772983740448,317.7208243859324,0.5990852508306642,0.0065191265381236655,0.007506833931138631,1.0,0,0,0.4009147491693358,-0.0065191265381236655,-0.007506833931138631,-0.598592846479539,-0.5996549884124558,0,0
1284.2268420173286,67.75651089553122,427.0195773074906,0.628293444362776,0.0067227293899134385,0.006434429083833108,1.0,0,0,0.371706555637224,-0.0067227293899134385,-0.006434429083833108,-0.6278776169156737,-0.6287880242867452,0,0
602.1580731583105,63.466481404640184,280.5772654118684,0.6515086187341719,0.006822314262836821,0.0021448096946110416,1.0,0,0,0.3484913812658281,-0.006822314262836821,-0.0021448096946110416,-0.6513964740016885,-0.651699943125379,0,0
1284.2268420173286,68.97275209823704,360.20900612823414,0.6807933218123056,0.006885124474215997,0.0021448096946110416,1.0,0,0,0.31920667818769444,-0.006885124474215997,-0.0021448096946110416,-0.6806812444378232,-0.6809847135615137,0,0
1284.2268420173286,69.22073170815571,99.53441397948464,0.7099262069164266,0.006978851539194223,0.004289619389222087,1.0,0,0,0.2900737930835734,-0.006978851539194223,-0.004289619389222087,-0.7096625457502673,-0.7102694839976483,0,0
1411.3480414449798,84.44606393366254,149.07502982648927,0.73883113815271,0.0071493413522884545,0.007506833931138631,1.0,0,0,0.26116886184729005,-0.0071493413522884545,-0.007506833931138631,-0.7383403779390209,-0.7394025198719377,0,0
1411.3480414449798,101.5330368193872,180.92431015592842,0.7684182888226151,0.0074031828105494855,0.009651643625749651,1.0,0,0,0.2315817111773849,-0.0074031828105494855,-0.009651643625749651,-0.7677768829370007,-0.7691424939936081,0,0
1284.2268420173286,116.02925942608664,94.40905615911757,0.7977016952692958,0.007685824590200613,0.009651643625749651,1.0,0,0,0.2022983047307042,-0.007685824590200613,-0.009651643625749651,-0.7970616533731354,-0.7984272644297428,0,0
1284.2268420173286,92.2427776670329,69.47032576649053,0.826833910286927,0.007904519398403411,0.00536202423652761,1.0,0,0,0.173166089713073,-0.007904519398403411,-0.00536202423652761,-0.8264981583711153,-0.8272568311803417,0,0
1284.2268420173286,72.59760196071355,75.11601708077,0.8558908741998201,0.008013582811889321,0.0021448096946110663,1.0,0,0,0.14410912580017987,-0.008013582811889321,-0.0021448096946110663,-0.8557829288072499,-0.8560863979309405,0,0
1411.3480414449798,65.21205562750623,89.36420701132127,0.8852515076960944,0.008029326056238802,-0.0010724048473054774,1.0,0,0,0.1147484923039056,-0.008029326056238802,0.0010724048473054774,-0.8853711683670751,-0.8852194338052299,0,0
624.3377665398167,60.01951173605402,126.06628950603962,0.9137016357944889,0.007953050735289518,-0.004289619389222021,1.0,0,0,0.08629836420551107,-0.007953050735289518,0.004289619389222021,-0.9140490005558286,-0.9134420623084477,0,0
1411.3480414449798,72.59760196071355,93.96808322544976,0.9379789423266677,0.007848909691709512,-0.004289619389222021,1.0,0,0,0.062021057673332325,-0.007848909691709512,0.004289619389222021,-0.9383265304510697,-0.9377195922036888,0,0
1284.2268420173286,83.03372126641216,103.08353533160607,0.9577043899958768,0.007806602295443747,2.0816681711721685e-17,1.0,0,0,0.042295610004123185,-0.007806602295443747,-2.0816681711721685e-17,-0.9577485543672626,-0.9577485543672628,0,0
312.50933522689996,91.82083615681199,105.22351709380416,0.9729537112691355,0.007814779019253166,0.0010724048473055312,1.0,0,0,0.027046288730864454,-0.007814779019253166,-0.0010724048473055312,-0.9729220105517883,-0.9730737451136338,0,0
1284.2268420173286,94.40905615911757,102.56164513946942,0.9838785431831809,0.00784992666862,0.005362024236527573,1.0,0,0,0.01612145681681909,-0.00784992666862,-0.005362024236527573,-0.9835434298809562,-0.9843021026901828,0,0
1284.2268420173286,93.09781934285294,103.08353533160607,0.9911616513819751,0.007896789958579542,0.007506833931138587,1.0,0,0,0.008838348618024905,-0.007896789958579542,-0.007506833931138587,-0.9906749542876833,-0.9917370962206004,0,0
1284.2268420173286,92.2427776670329,106.32612268515561,0.9948790279045929,0.007926689597838396,0.0085792387784441,1.0,0,0,0.0051209720954070725,-0.007926689597838396,-0.0085792387784441,-0.9943165837719694,-0.9955304602667318,0,0
1284.2268420173286,92.66842176880655,103.08353533160607,0.9950307581911431,0.007927828633297785,0.006434429083833074,1.0,0,0,0.004969241808856939,-0.007927828633297785,-0.006434429083833074,-0.9946200528956599,-0.9955304602667318,0,0
1284.2268420173286,92.66842176880655,102.56164513946942,0.9950307581911431,0.007927828633297785,0.006434429083833074,1.0,0,0,0.004969241808856939,-0.007927828633297785,-0.006434429083833074,-0.9946200528956599,-0.9955304602667318,0,0
1284.2268420173286,92.2427776670329,103.08353533160607,0.9950307581911431,0.007927828633297785,0.006434429083833074,1.0,0,0,0.004969241808856939,-0.007927828633297785,-0.006434429083833074,-0.9946200528956599,-0.9955304602667318,0,0
1284.2268420173286,92.66842176880655,102.56164513946942,0.9950307581911431,0.007927828633297785,0.006434429083833074,1.0,0,0,0.004969241808856939,-0.007927828633297785,-0.006434429083833074,-0.9946200528956599,-0.9955304602667318,0,0
215.92040254306553,80.99613175561399,86.65098914560704,0.9950307581911431,0.007927828633297785,0.006434429083833074,1.0,0,0,0.004969241808856939,-0.007927828633297785,-0.006434429083833074,-0.9946200528956599,-0.9955304602667318,0,0
1411.3480414449798,92.66842176880655,100.02692680886574,0.9950307581911431,0.007927828633297785,0.006434429083833074,1.0,0,0,0.004969241808856939,-0.007927828633297785,-0.006434429083833074,-0.9946200528956599,-0.9955304602667318,0,0
1411.3480414449798,92.66842176880655,100.52415418066585,0.9950307581911431,0.007927828633297785,0.006434429083833074,1.0,0,0,0.004969241808856939,-0.007927828633297785,-0.006434429083833074,-0.9946200528956599,-0.9955304602667318,0,0
251.60762066022812,87.02903054016306,95.30295822324965,0.9950307581911431,0.007927828633297785,0.006434429083833074,1.0,0,0,0.004969241808856939,-0.007927828633297785,-0.006434429083833074,-0.9946200528956599,-0.9955304602667318,0,0
1284.2268420173286,92.2427776670329,99.53441397948464,0.9950307581911431,0.007927828633297785,0.006434429083833074,1.0,0,0,0.004969241808856939,-0.007927828633297785,-0.006434429083833074,-0.9946200528956599,-0.9955304602667318,0,0
1093.1463157010076,92.66842176880655,103.08353533160607,0.9950307581911431,0.007927828633297785,0.006434429083833074,1.0,0,0,0.004969241808856939,-0.007927828633297785,-0.006434429083833074,-0.9946200528956599,-0.9955304602667318,0,0
1284.2268420173286,92.2427776670329,97.14019014961423,0.9950307581911431,0.007927828633297785,0.006434429083833074,1.0,0,0,0.004969241808856939,-0.007927828633297785,-0.006434429083833074,-0.9946200528956599,-0.9955304602667318,0,0
624.3377665398167,85.53518482670935,64.54756552171673,0.9950307581911431,0.007927828633297785,0.006434429083833074,1.0,0,0,0.004969241808856939,-0.007927828633297785,-0.006434429083833074,-0.9946200528956599,-0.9955304602667318,0,0
1411.3480414449798,91.82083615681199,59.445249703111536,0.9950307581911431,0.007927828633297785,0.006434429083833074,1.0,0,0,0.004969241808856939,-0.007927828633297785,-0.006434429083833074,-0.9946200528956599,-0.9955304602667318,0,0
624.3377665398167,86.65098914560704,51.405375698086,0.9950307581911431,0.007927828633297785,0.006434429083833074,1.0,0,0,0.004969241808856939,-0.007927828633297785,-0.006434429083833074,-0.9946200528956599,-0.9955304602667318,0,0
1284.2268420173286,92.2427776670329,78.73363637499943,0.9950307581911431,0.007927828633297785,0.006434429083833074,1.0,0,0,0.004969241808856939,-0.007927828633297785,-0.006434429083833074,-0.9946200528956599,-0.9955304602667318,0,0
1284.2268420173286,92.66842176880655,90.98786202822609,0.9950307581911431,0.007927828633297785,0.006434429083833074,1.0,0,0,0.004969241808856939,-0.007927828633297785,-0.006434429083833074,-0.9946200528956599,-0.9955304602667318,0,0
1284.2268420173286,90.57673222463723,89.76495072901147,0.9950307581911431,0.007927828633297785,0.006434429083833074,1.0,0,0,0.004969241808856939,-0.007927828633297785,-0.006434429083833074,-0.9946200528956599,-0.9955304602667318,0,0
1284.2268420173286,93.09781934285294,99.53441397948464,0.9950307581911431,0.007927828633297785,0.006434429083833074,1.0,0,0,0.004969241808856939,-0.007927828633297785,-0.006434429083833074,-0.9946200528956599,-0.9955304602667318,0,0
251.60762066022812,86.2760268879407,90.98786202822609,0.9950307581911431,0.007927828633297785,0.006434429083833074,1.0,0,0,0.004969241808856939,-0.007927828633297785,-0.006434429083833074,-0.9946200528956599,-0.9955304602667318,0,0
624.3377665398167,87.41019065628254,87.79450977305973,0.9950307581911431,0.007927828633297785,0.006434429083833074,1.0,0,0,0.004969241808856939,-0.007927828633297785,-0.006434429083833074,-0.9946200528956599,-0.9955304602667318,0,0
602.1580731583105,84.8062010048873,90.98786202822609,0.9950307581911431,0.007927828633297785,0.006434429083833074,1.0,0,0,0.004969241808856939,-0.007927828633297785,-0.006434429083833074,-0.9946200528956599,-0.9955304602667318,0,0
624.3377665398167,87.79450977305973,85.16922919230018,0.9950307581911431,0.007927828633297785,0.006434429083833074,1.0,0,0,0.004969241808856939,-0.007927828633297785,-0.006434429083833074,-0.9946200528956599,-0.9955304602667318,0,0
624.3377665398167,91.82083615681199,91.40254728973653,0.9950307581911431,0.007927828633297785,0.006434429083833074,1.0,0,0,0.004969241808856939,-0.007927828633297785,-0.006434429083833074,-0.9946200528956599,-0.9955304602667318,0,0
1284.2268420173286,92.2427776670329,86.2760268879407,0.9950307581911431,0.007927828633297785,0.006434429083833074,1.0,0,0,0.004969241808856939,-0.007927828633297785,-0.006434429083833074,-0.9946200528956599,-0.9955304602667318,0,0
251.60762066022812,86.2760268879407,84.08878225753256,0.9950307581911431,0.007927828633297785,0.006434429083833074,1.0,0,0,0.004969241808856939,-0.007927828633297785,-0.006434429083833074,-0.9946200528956599,-0.9955304602667318,0,0
1284.2268420173286,94.40905615911757,86.65098914560704,0.9950307581911431,0.007927828633297785,0.006434429083833074,1.0,0,0,0.004969241808856939,-0.007927828633297785,-0.006434429083833074,-0.9946200528956599,-0.9955304602667318,0,0
1180.1265773010464,94.8539958627646,91.82083615681199,0.9950307581911431,0.007927828633297785,0.006434429083833074,1.0,0,0,0.004969241808856939,-0.007927828633297785,-0.006434429083833074,-0.9946200528956599,-0.9955304602667318,0,0
1180.1265773010464,91.82083615681199,94.40905615911757,0.9950307581911431,0.007927828633297785,0.006434429083833074,1.0,0,0,0.004969241808856939,-0.007927828633297785,-0.006434429083833074,-0.9946200528956599,-0.9955304602667318,0,0
1411.3480414449798,92.66842176880655,122.29045980286173,0.9950307581911431,0.007927828633297785,0.006434429083833074,1.0,0,0,0.004969241808856939,-0.007927828633297785,-0.006434429083833074,-0.9946200528956599,-0.9955304602667318,0,0
1284.2268420173286,92.66842176880655,120.84213728458607,0.9950307581911431,0.007927828633297785,0.006434429083833074,1.0,0,0,0.004969241808856939,-0.007927828633297785,-0.006434429083833074,-0.9946200528956599,-0.9955304602667318,0,0
288.9697116820819,92.66842176880655,144.84210166738234,0.9950307581911431,0.007927828633297785,0.006434429083833074,1.0,0,0,0.004969241808856939,-0.007927828633297785,-0.006434429083833074,-0.9946200528956599,-0.9955304602667318,0,0
1284.2268420173286,93.53102222430564,139.88023555455067,0.9950307581911431,0.007927828633297785,0.006434429083833074,1.0,0,0,0.004969241808856939,-0.007927828633297785,-0.006434429083833074,-0.9946200528956599,-0.9955304602667318,0,0
602.1580731583105,86.65098914560704,114.72272976706012,0.9950307581911431,0.007927828633297785,0.006434429083833074,1.0,0,0,0.004969241808856939,-0.007927828633297785,-0.006434429083833074,-0.9946200528956599,-0.9955304602667318,0,0
1284.2268420173286,92.66842176880655,137.0639518589543,0.9950307581911431,0.007927828633297785,0.006434429083833074,1.0,0,0,0.004969241808856939,-0.007927828633297785,-0.006434429083833074,-0.9946200528956599,-0.9955304602667318,0,0
1284.2268420173286,92.66842176880655,120.84213728458607,0.9950307581911431,0.007927828633297785,0.006434429083833074,1.0,0,0,0.004969241808856939,-0.007927828633297785,-0.006434429083833074,-0.9946200528956599,-0.9955304602667318,0,0
1284.2268420173286,92.2427776670329,102.56164513946942,0.9950307581911431,0.007927828633297785,0.006434429083833074,1.0,0,0,0.004969241808856939,-0.007927828633297785,-0.006434429083833074,-0.9946200528956599,-0.9955304602667318,0,0
1411.3480414449798,93.09781934285294,123.02757911911826,0.9950307581911431,0.007927828633297785,0.006434429083833074,1.0,0,0,0.004969241808856939,-0.007927828633297785,-0.006434429083833074,-0.9946200528956599,-0.9955304602667318,0,0
215.92040254306553,81.32922784467303,110.97077873540402,0.9950307581911431,0.007927828633297785,0.006434429083833074,1.0,0,0,0.004969241808856939,-0.007927828633297785,-0.006434429083833074,-0.9946200528956599,-0.9955304602667318,0,0
624.3377665398167,92.2427776670329,98.56325615049124,0.9950307581911431,0.007927828633297785,0.006434429083833074,1.0,0,0,0.004969241808856939,-0.007927828633297785,-0.006434429083833074,-0.9946200528956599,-0.9955304602667318,0,0
1284.2268420173286,93.53102222430564,116.69355260679126,0.9950307581911431,0.007927828633297785,0.006434429083833074,1.0,0,0,0.004969241808856939,-0.007927828633297785,-0.006434429083833074,-0.9946200528956599,-0.9955304602667318,0,0
251.60762066022812,86.65098914560704,111.57932338755117,0.9950307581911431,0.007927828633297785,0.006434429083833074,1.0,0,0,0.004969241808856939,-0.007927828633297785,-0.006434429083833074,-0.9946200528956599,-0.9955304602667318,0,0
1284.2268420173286,92.2427776670329,109.18344276436585,0.9950307581911431,0.007927828633297785,0.006434429083833074,1.0,0,0,0.004969241808856939,-0.007927828633297785,-0.006434429083833074,-0.9946200528956599,-0.9955304602667318,0,0
1284.2268420173286,92.2427776670329,120.84213728458607,0.9950307581911431,0.007927828633297785,0.006434429083833074,1.0,0,0,0.004969241808856939,-0.007927828633297785,-0.006434429083833074,-0.9946200528956599,-0.9955304602667318,0,0
1411.3480414449798,93.09781934285294,130.08105893503551,0.9950307581911431,0.007927828633297785,0.006434429083833074,1.0,0,0,0.004969241808856939,-0.007927828633297785,-0.006434429083833074,-0.9946200528956599,-0.9955304602667318,0,0
624.3377665398167,86.65098914560704,114.72272976706012,0.9950307581911431,0.007927828633297785,0.006434429083833074,1.0,0,0,0.004969241808856939,-0.007927828633297785,-0.006434429083833074,-0.9946200528956599,-0.9955304602667318,0,0
1411.3480414449798,92.2427776670329,103.61058678886198,0.9950307581911431,0.007927828633297785,0.006434429083833074,1.0,0,0,0.004969241808856939,-0.007927828633297785,-0.006434429083833074,-0.9946200528956599,-0.9955304602667318,0,0
1019.267059271828,93.09781934285294,100.52415418066585,0.9950307581911431,0.007927828633297785,0.006434429083833074,1.0,0,0,0.004969241808856939,-0.007927828633297785,-0.006434429083833074,-0.9946200528956599,-0.9955304602667318,0,0
1284.2268420173286,93.09781934285294,102.56164513946942,0.9950307581911431,0.007927828633297785,0.006434429083833074,1.0,0,0,0.004969241808856939,-0.007927828633297785,-0.006434429083833074,-0.9946200528956599,-0.9955304602667318,0,0
624.3377665398167,87.41019065628254,92.2427776670329,0.9950307581911431,0.007927828633297785,0.006434429083833074,1.0,0,0,0.004969241808856939,-0.007927828633297785,-0.006434429083833074,-0.9946200528956599,-0.9955304602667318,0,0
602.1580731583105,85.53518482670935,96.21317986298715,0.9950307581911431,0.007927828633297785,0.006434429083833074,1.0,0,0,0.004969241808856939,-0.007927828633297785,-0.006434429083833074,-0.9946200528956599,-0.9955304602667318,0,0
1284.2268420173286,93.09781934285294,104.68049512451793,0.9950307581911431,0.007927828633297785,0.006434429083833074,1.0,0,0,0.004969241808856939,-0.007927828633297785,-0.006434429083833074,-0.9946200528956599,-0.9955304602667318,0,0
1284.2268420173286,93.09781934285294,103.61058678886198,0.9950307581911431,0.007927828633297785,0.006434429083833074,1.0,0,0,0.004969241808856939,-0.007927828633297785,-0.006434429083833074,-0.9946200528956599,-0.9955304602667318,0,0
1284.2268420173286,92.2427776670329,105.77203060255431,0.9950307581911431,0.007927828633297785,0.006434429083833074,1.0,0,0,0.004969241808856939,-0.007927828633297785,-0.006434429083833074,-0.9946200528956599,-0.9955304602667318,0,0
251.60762066022812,87.02903054016306,95.7560002023429,0.9950307581911431,0.007927828633297785,0.006434429083833074,1.0,0,0,0.004969241808856939,-0.007927828633297785,-0.006434429083833074,-0.9946200528956599,-0.9955304602667318,0,0
562.6000187683081,92.66842176880655,95.7560002023429,0.9950307581911431,0.007927828633297785,0.006434429083833074,1.0,0,0,0.004969241808856939,-0.007927828633297785,-0.006434429083833074,-0.9946200528956599,-0.9955304602667318,0,0
1284.2268420173286,90.57673222463723,107.45140018288424,0.9950307581911431,0.007927828633297785,0.006434429083833074,1.0,0,0,0.004969241808856939,-0.007927828633297785,-0.006434429083833074,-0.9946200528956599,-0.9955304602667318,0,0
1284.2268420173286,94.8539958627646,102.56164513946942,0.9950307581911431,0.007927828633297785,0.006434429083833074,1.0,0,0,0.004969241808856939,-0.007927828633297785,-0.006434429083833074,-0.9946200528956599,-0.9955304602667318,0,0
1284.2268420173286,92.66842176880655,103.61058678886198,0.9950307581911431,0.007927828633297785,0.006434429083833074,1.0,0,0,0.004969241808856939,-0.007927828633297785,-0.006434429083833074,-0.9946200528956599,-0.9955304602667318,0,0
1284.2268420173286,92.2427776670329,103.61058678886198,0.9950307581911431,0.007927828633297785,0.006434429083833074,1.0,0,0,0.004969241808856939,-0.007927828633297785,-0.006434429083833074,-0.9946200528956599,-0.9955304602667318,0,0
1284.2268420173286,89.76495072901147,103.61058678886198,0.9950307581911431,0.007927828633297785,0.006434429083833074,1.0,0,0,0.004969241808856939,-0.007927828633297785,-0.006434429083833074,-0.9946200528956599,-0.9955304602667318,0,0
769.566351540633,93.53102222430564,105.77203060255431,0.9950307581911431,0.007927828633297785,0.006434429083833074,1.0,0,0,0.004969241808856939,-0.007927828633297785,-0.006434429083833074,-0.9946200528956599,-0.9955304602667318,0,0
218.28532251964043,93.09781934285294,104.1428794944386,0.9950307581911431,0.007927828633297785,0.006434429083833074,1.0,0,0,0.004969241808856939,-0.007927828633297785,-0.006434429083833074,-0.9946200528956599,-0.9955304602667318,0,0
1284.2268420173286,89.76495072901147,103.08353533160607,0.9950307581911431,0.007927828633297785,0.006434429083833074,1.0,0,0,0.004969241808856939,-0.007927828633297785,-0.006434429083833074,-0.9946200528956599,-0.9955304602667318,0,0
602.1580731583105,86.65098914560704,89.76495072901147,0.9950307581911431,0.007927828633297785,0.006434429083833074,1.0,0,0,0.004969241808856939,-0.007927828633297785,-0.006434429083833074,-0.9946200528956599,-0.9955304602667318,0,0
251.60762066022812,88.18202887947652,98.56325615049124,0.9950307581911431,0.007927828633297785,0.006434429083833074,1.0,0,0,0.004969241808856939,-0.007927828633297785,-0.006434429083833074,-0.9946200528956599,-0.9955304602667318,0,0
1284.2268420173286,91.82083615681199,102.04483787812359,0.9950307581911431,0.007927828633297785,0.006434429083833074,1.0,0,0,0.004969241808856939,-0.007927828633297785,-0.006434429083833074,-0.9946200528956599,-0.9955304602667318,0,0
1284.2268420173286,92.66842176880655,103.08353533160607,0.9950307581911431,0.007927828633297785,0.006434429083833074,1.0,0,0,0.004969241808856939,-0.007927828633297785,-0.006434429083833074,-0.9946200528956599,-0.9955304602667318,0,0
251.60762066022812,87.41019065628254,96.21317986298715,0.9950307581911431,0.007927828633297785,0.006434429083833074,1.0,0,0,0.004969241808856939,-0.007927828633297785,-0.006434429083833074,-0.9946200528956599,-0.9955304602667318,0,0
1284.2268420173286,91.82083615681199,103.08353533160607,0.9950307581911431,0.007927828633297785,0.006434429083833074,1.0,0,0,0.004969241808856939,-0.007927828633297785,-0.006434429083833074,-0.9946200528956599,-0.9955304602667318,0,0
1284.2268420173286,92.66842176880655,106.88588226030939,0.9950307581911431,0.007927828633297785,0.006434429083833074,1.0,0,0,0.004969241808856939,-0.007927828633297785,-0.006434429083833074,-0.9946200528956599,-0.9955304602667318,0,0
1284.2268420173286,92.66842176880655,102.56164513946942,0.9950307581911431,0.007927828633297785,0.006434429083833074,1.0,0,0,0.004969241808856939,-0.007927828633297785,-0.006434429083833074,-0.9946200528956599,-0.9955304602667318,0,0
137.98997206957193,92.2427776670329,104.1428794944386,0.9950307581911431,0.007927828633297785,0.006434429083833074,1.0,0,0,0.004969241808856939,-0.007927828633297785,-0.006434429083833074,-0.9946200528956599,-0.9955304602667318,0,0
1284.2268420173286,92.66842176880655,103.08353533160607,0.9950307581911431,0.007927828633297785,0.006434429083833074,1.0,0,0,0.004969241808856939,-0.007927828633297785,-0.006434429083833074,-0.9946200528956599,-0.9955304602667318,0,0
624.3377665398167,87.41019065628254,91.82083615681199,0.9950307581911431,0.007927828633297785,0.006434429083833074,1.0,0,0,0.004969241808856939,-0.007927828633297785,-0.006434429083833074,-0.9946200528956599,-0.9955304602667318,0,0
251.60762066022812,87.02903054016306,95.7560002023429,0.9950307581911431,0.007927828633297785,0.006434429083833074,1.0,0,0,0.004969241808856939,-0.007927828633297785,-0.006434429083833074,-0.9946200528956599,-0.9955304602667318,0,0
602.1580731583105,80.33749690282312,83.03372126641216,0.9950307581911431,0.007927828633297785,0.006434429083833074,1.0,0,0,0.004969241808856939,-0.007927828633297785,-0.006434429083833074,-0.9946200528956599,-0.9955304602667318,0,0
1284.2268420173286,94.8539958627646,106.32612268515561,0.9950307581911431,0.007927828633297785,0.006434429083833074,1.0,0,0,0.004969241808856939,-0.007927828633297785,-0.006434429083833074,-0.9946200528956599,-0.9955304602667318,0,0
1284.2268420173286,93.09781934285294,102.04483787812359,0.9950307581911431,0.007927828633297785,0.006434429083833074,1.0,0,0,0.004969241808856939,-0.007927828633297785,-0.006434429083833074,-0.9946200528956599,-0.9955304602667318,0,0
1284.2268420173286,91.40254728973653,102.56164513946942,0.9950307581911431,0.007927828633297785,0.006434429083833074,1.0,0,0,0.004969241808856939,-0.007927828633297785,-0.006434429083833074,-0.9946200528956599,-0.9955304602667318,0,0
1284.2268420173286,92.66842176880655,102.56164513946942,0.9950307581911431,0.007927828633297785,0.006434429083833074,1.0,0,0,0.004969241808856939,-0.007927828633297785,-0.006434429083833074,-0.9946200528956599,-0.9955304602667318,0,0
602.1580731583105,87.79450977305973,96.21317986298715,0.9950307581911431,0.007927828633297785,0.006434429083833074,1.0,0,0,0.004969241808856939,-0.007927828633297785,-0.006434429083833074,-0.9946200528956599,-0.9955304602667318,0,0
1411.3480414449798,93.09781934285294,102.04483787812359,0.9950307581911431,0.007927828633297785,0.006434429083833074,1.0,0,0,0.004969241808856939,-0.007927828633297785,-0.006434429083833074,-0.9946200528956599,-0.9955304602667318,0,0
602.1580731583105,85.90410486184942,96.21317986298715,0.9950307581911431,0.007927828633297785,0.006434429083833074,1.0,0,0,0.004969241808856939,-0.007927828633297785,-0.006434429083833074,-0.9946200528956599,-0.9955304602667318,0,0
624.3377665398167,92.66842176880655,89.76495072901147,0.9950307581911431,0.007927828633297785,0.006434429083833074,1.0,0,0,0.004969241808856939,-0.007927828633297785,-0.006434429083833074,-0.9946200528956599,-0.9955304602667318,0,0
399.01729906632625,89.36420701132127,95.30295822324965,0.9950307581911431,0.007927828633297785,0.006434429083833074,1.0,0,0,0.004969241808856939,-0.007927828633297785,-0.006434429083833074,-0.9946200528956599,-0.9955304602667318,0,0
624.3377665398167,87.41019065628254,92.2427776670329,0.9950307581911431,0.007927828633297785,0.006434429083833074,1.0,0,0,0.004969241808856939,-0.007927828633297785,-0.006434429083833074,-0.9946200528956599,-0.9955304602667318,0,0
251.60762066022812,87.41019065628254,98.56325615049124,0.9950307581911431,0.007927828633297785,0.006434429083833074,1.0,0,0,0.004969241808856939,-0.007927828633297785,-0.006434429083833074,-0.9946200528956599,-0.9955304602667318,0,0
1284.2268420173286,90.16911060094986,103.61058678886198,0.9950307581911431,0.007927828633297785,0.006434429083833074,1.0,0,0,0.004969241808856939,-0.007927828633297785,-0.006434429083833074,-0.9946200528956599,-0.9955304602667318,0,0
1284.2268420173286,92.66842176880655,102.56164513946942,0.9950307581911431,0.007927828633297785,0.006434429083833074,1.0,0,0,0.004969241808856939,-0.007927828633297785,-0.006434429083833074,-0.9946200528956599,-0.9955304602667318,0,0
1284.2268420173286,91.40254728973653,103.08353533160607,0.9950307581911431,0.007927828633297785,0.006434429083833074,1.0,0,0,0.004969241808856939,-0.007927828633297785,-0.006434429083833074,-0.9946200528956599,-0.9955304602667318,0,0
1284.2268420173286,92.2427776670329,103.61058678886198,0.9950307581911431,0.007927828633297785,0.006434429083833074,1.0,0,0,0.004969241808856939,-0.007927828633297785,-0.006434429083833074,-0.9946200528956599,-0.9955304602667318,0,0
1411.3480414449798,93.53102222430564,106.88588226030939,0.9950307581911431,0.007927828633297785,0.006434429083833074,1.0,0,0,0.004969241808856939,-0.007927828633297785,-0.006434429083833074,-0.9946200528956599,-0.9955304602667318,0,0
624.3377665398167,86.2760268879407,89.76495072901147,0.9950307581911431,0.007927828633297785,0.006434429083833074,1.0,0,0,0.004969241808856939,-0.007927828633297785,-0.006434429083833074,-0.9946200528956599,-0.9955304602667318,0,0
251.60762066022812,86.65098914560704,95.7560002023429,0.9950307581911431,0.007927828633297785,0.006434429083833074,1.0,0,0,0.004969241808856939,-0.007927828633297785,-0.006434429083833074,-0.9946200528956599,-0.9955304602667318,0,0
602.1580731583105,86.2760268879407,91.82083615681199,0.9950307581911431,0.007927828633297785,0.006434429083833074,1.0,0,0,0.004969241808856939,-0.007927828633297785,-0.006434429083833074,-0.9946200528956599,-0.9955304602667318,0,0
1019.267059271828,85.16922919230018,99.04654639912101,0.9950307581911431,0.007927828633297785,0.006434429083833074,1.0,0,0,0.004969241808856939,-0.007927828633297785,-0.006434429083833074,-0.9946200528956599,-0.9955304602667318,0,0
1284.2268420173286,93.96808322544976,103.08353533160607,0.9950307581911431,0.007927828633297785,0.006434429083833074,1.0,0,0,0.004969241808856939,-0.007927828633297785,-0.006434429083833074,-0.9946200528956599,-0.9955304602667318,0,0
1019.267059271828,93.09781934285294,105.77203060255431,0.9950307581911431,0.007927828633297785,0.006434429083833074,1.0,0,0,0.004969241808856939,-0.007927828633297785,-0.006434429083833074,-0.9946200528956599,-0.9955304602667318,0,0
1284.2268420173286,92.66842176880655,105.77203060255431,0.9950307581911431,0.007927828633297785,0.006434429083833074,1.0,0,0,0.004969241808856939,-0.007927828633297785,-0.006434429083833074,-0.9946200528956599,-0.9955304602667318,0,0
1411.3480414449798,92.66842176880655,106.32612268515561,0.9950307581911431,0.007927828633297785,0.006434429083833074,1.0,0,0,0.004969241808856939,-0.007927828633297785,-0.006434429083833074,-0.9946200528956599,-0.9955304602667318,0,0
624.3377665398167,86.2760268879407,98.56325615049124,0.9950307581911431,0.007927828633297785,0.006434429083833074,-0.004969241808856939,0,0,-1.0,-0.007927828633297785,-0.006434429083833074,-0.9946200528956599,-0.9955304602667318,0,0
1284.2268420173286,87.02903054016306,102.56164513946942,0.9884303816082406,0.007895976144744287,0.0032172145419165432,-0.004969241808856939,0,0,-0.9933996234170975,-0.007895976144744287,-0.0032172145419165432,-0.9882472012981591,-0.9887024049836952,0,0
1284.2268420173286,100.52415418066585,109.18344276436585,0.9608147548713477,0.007836745789972215,0.0010724048473055225,-0.004969241808856939,0,0,-0.9657839966802046,-0.007836745789972215,-0.0010724048473055225,-0.9607832456041676,-0.9609349801660132,0,0
1284.2268420173286,71.00273031673345,100.02692680886574,0.9305437141348789,0.00785297719693718,-0.002144809694611021,-0.004969241808856939,0,0,-0.9355129559437358,-0.00785297719693718,0.002144809694611021,-0.9307398023588067,-0.9304363332351165,0,0
1284.2268420173286,64.98920973082122,125.29273453547381,0.9053560086077435,0.007961023529651438,-0.006434429083833088,-0.004969241808856939,0,0,-0.9103252504166004,-0.007961023529651438,0.006434429083833088,-0.9058553342161846,-0.9049449268451134,0,0
1284.2268420173286,66.34704544306035,125.29273453547381,0.8739481102043057,0.008230486000728532,-0.01072404847305513,-0.004969241808856939,0,0,-0.8789173520131627,-0.008230486000728532,0.01072404847305513,-0.8747497490379069,-0.8732324034194547,0,0
624.3377665398167,62.21088813178245,239.3652489782259,0.8423891361507642,0.008568938942955948,-0.01072404847305513,-0.004969241808856939,0,0,-0.8473583779596211,-0.008568938942955948,0.01072404847305513,-0.8431889601740935,-0.8416716145556413,0,0
1093.1463157010076,81.6648832554738,211.34777997197892,0.8107530303094777,0.008755538029728374,-0.0010724048473055477,-0.004969241808856939,0,0,-0.8157222721183346,-0.008755538029728374,0.0010724048473055477,-0.8108694985010537,-0.8107177639392089,0,0
624.3377665398167,158.34116103748556,141.82331249922515,0.7793442649834714,0.008620805554596742,0.009651643625749556,-0.004969241808856939,0,0,-0.7843135067923284,-0.008620805554596742,-0.009651643625749556,-0.7787017713898592,-0.780067382446467,0,0
1284.2268420173286,239.3652489782259,189.41093412341306,0.7480904680368764,0.008151536167903331,0.020375692098804684,-0.004969241808856939,0,0,-0.7530597098457333,-0.008151536167903331,-0.020375692098804684,-0.7466857788405099,-0.7495687355155704,0,0
1284.2268420173286,242.3065498311679,168.8620920208621,0.7169158332681179,0.007499520447320073,0.021448096946110207,-0.004969241808856939,0,0,-0.7218850750769749,-0.007499520447320073,-0.021448096946110207,-0.715428459100387,-0.7184631503372927,0,0
1284.2268420173286,245.3252030939217,177.7453057985956,0.6916575525430655,0.006971244936482543,0.02037569209880471,-0.004969241808856939,0,0,-0.6966267943519224,-0.006971244936482543,-0.02037569209880471,-0.6902405218340744,-0.6931234785091348,0,0
734.7683303247097,340.5824855543227,173.18670720903205,0.6607108213622336,0.006307394647834714,0.022520501793415727,-0.004969241808856939,0,0,-0.6656800631710905,-0.006307394647834714,-0.022520501793415727,-0.6591349366557967,-0.6623213624545476,0,0
602.1580731583105,230.97580043058096,159.58252707905322,0.6292335079524854,0.00561527646047316,0.021448096946110204,-0.004969241808856939,0,0,-0.6342027497613424,-0.00561527646047316,-0.021448096946110204,-0.6277258823538285,-0.6307605735907342,0,0
1284.2268420173286,239.3652489782259,187.6483042942066,0.5974513730810399,0.004984652382661907,0.018230882404193637,-0.004969241808856939,0,0,-0.6024206148898968,-0.004984652382661907,-0.018230882404193637,-0.5961650934900151,-0.598744581041385,0,0
1284.2268420173286,242.3065498311679,211.34777997197892,0.5662748019773549,0.004432935351709637,0.017158477556888114,-0.004969241808856939,0,0,-0.5712440437862119,-0.004432935351709637,-0.017158477556888114,-0.5650595083117375,-0.567487261301262,0,0
1411.3480414449798,448.2028325964311,215.92040254306553,0.5354766710413329,0.003937471641733191,0.015013667862277069,-0.004969241808856939,0,0,-0.5404459128501898,-0.003937471641733191,-0.015013667862277069,-0.5344091268189956,-0.5365334106848296,0,0
1284.2268420173286,399.01729906632625,225.71785045590883,0.5054357154715622,0.0035508575029806707,0.010724048473055001,-0.004969241808856939,0,0,-0.5104049572804191,-0.0035508575029806707,-0.010724048473055001,-0.5046691526973252,-0.5061864983157782,0,0
1093.1463157010076,209.13650375320472,184.22292190812155,0.4747104605397211,0.003303727831555446,0.005362024236527437,-0.004969241808856939,0,0,-0.47967970234857804,-0.003303727831555446,-0.005362024236527437,-0.47432224032827375,-0.47508091313750056,0,0
734.7683303247097,206.97300472647143,141.82331249922515,0.45058501202953116,0.0031743653521443494,0.005362024236527437,-0.004969241808856939,0,0,-0.4555542538383881,-0.0031743653521443494,-0.005362024236527437,-0.4501964449948779,-0.4509551178041047,0,0
251.60762066022812,184.22292190812155,177.7453057985956,0.42039026829665194,0.0030124588527556187,0.005362024236527437,-0.004969241808856939,0,0,-0.4253595101055089,-0.0030124588527556187,-0.005362024236527437,-0.4200012671876717,-0.42075993999689854,0,0
1284.2268420173286,228.31501027837746,213.60849807698625,0.39573400102928485,0.0028405863155304897,0.008579238778443956,-0.004969241808856939,0,0,-0.4007032428381418,-0.0028405863155304897,-0.008579238778443956,-0.3951167990450496,-0.39633067553981216,0,0
1284.2268420173286,228.31501027837746,179.3202830877122,0.3644018274815062,0.002588575070348717,0.007506833931138482,-0.004969241808856939,0,0,-0.3693710692903631,-0.002588575070348717,-0.007506833931138482,-0.3638594793049266,-0.36492162123784394,0,0
1284.2268420173286,265.2554052777127,142.81538054950164,0.3332213835877119,0.0023377842186060806,0.008579238778444005,-0.004969241808856939,0,0,-0.33819062539656886,-0.0023377842186060806,-0.008579238778444005,-0.33260215956480366,-0.3338160360595662,0,0
1284.2268420173286,312.50933522689996,44.34070465302382,0.3021169431398629,0.002070925249665001,0.008579238778444005,-0.004969241808856939,0,0,-0.30708618494871986,-0.002070925249665001,-0.008579238778444005,-0.301496574386526,-0.30271045088128856,0,0
1284.2268420173286,280.5772654118684,37.900177953656964,0.27078451735087034,0.0018525149177450661,0.005362024236527486,-0.004969241808856939,0,0,-0.2757537591597273,-0.0018525149177450661,-0.005362024236527486,-0.27039098920824833,-0.2711496620174751,0,0
602.1580731583105,158.34116103748556,36.15817161555471,0.23907206686729557,0.0017844976422101068,-0.001072404847305552,-0.004969241808856939,0,0,-0.2440413086761525,-0.0017844976422101068,0.001072404847305552,-0.2391336694681254,-0.2389819349062806,0,0
251.60762066022812,180.92431015592842,125.29273453547381,0.20804235343066466,0.0017678594330655685,0.0021448096946109917,-0.004969241808856939,0,0,-0.2130115952395216,-0.0017678594330655685,-0.0021448096946109917,-0.20787634972800245,-0.20817981885169343,0,0
1284.2268420173286,223.1819809443389,140.84502956740286,0.177012747051349,0.0016846684830168833,0.00321721454191649,-0.004969241808856939,0,0,-0.18198198886020595,-0.0016846684830168833,-0.00321721454191649,-0.17677076454972476,-0.177225968235261,0,0
1284.2268420173286,346.8640580657511,45.52376917564831,0.14651425795797224,0.0015865479618678057,0.00321721454191649,-0.004969241808856939,0,0,-0.15148349976682918,-0.0015865479618678057,-0.00321721454191649,-0.1462721176188281,-0.14672732130436433,0,0
1284.2268420173286,220.70517709223105,39.67832560006777,0.11563631457265655,0.0015368774347831707,-5.377642775528102e-17,-0.004969241808856939,0,0,-0.12060555638151349,-0.0015368774347831707,5.377642775528102e-17,-0.11562173612608619,-0.11562173612608664,0,0
624.3377665398167,166.09994149545804,42.012254864281495,0.0850618399184005,0.0015860597994394588,-0.0032172145419165975,-0.004969241808856939,0,0,-0.09003108172725743,-0.0015860597994394588,0.0032172145419165975,-0.08527482375703478,-0.08481962007149947,0,0
1284.2268420173286,101.02616679983112,293.3703955349555,0.05706730021711817,0.0017511798546409594,-0.008579238778444137,-0.004969241808856939,0,0,-0.06203654202597511,-0.0017511798546409594,0.008579238778444137,-0.057659133501198,-0.056445257006436406,0,0
1284.2268420173286,95.30295822324965,145.87739303694283,0.033852993552132976,0.0019752430271105063,-0.010724048473055157,-0.004969241808856939,0,0,-0.038822235360989915,-0.0019752430271105063,0.010724048473055157,-0.03459548010071893,-0.033078134482266826,0,0
1284.2268420173286,97.6101426547749,100.02692680886574,0.016252432127984277,0.0021262461509991195,-0.006434429083833091,-0.004969241808856939,0,0,-0.021221673936841216,-0.0021262461509991195,0.006434429083833091,-0.016690801802978602,-0.015780394431907527,0,0
189.41093412341306,77.49266392626436,85.53518482670935,0.003962109302038455,0.0021921477914538306,-0.00428961938922207,-0.004969241808856939,0,0,-0.008931351110895394,-0.0021921477914538306,0.00428961938922207,-0.004248567731667527,-0.003641629484286965,0,0
1284.2268420173286,95.30295822324965,112.81620876492863,-0.002941788449838623,0.0022106572693375236,-0.0010724048473055264,-0.004969241808856939,0,0,-0.002027453359018316,-0.0022106572693375236,0.0010724048473055264,0.002882956675059554,0.003034691236904344,0,0
1411.3480414449798,90.16911060094986,111.57932338755117,-0.00741795738079516,0.0022082571364780423,0.0021448096946110108,-0.004969241808856939,0,0,0.0024487155719382214,-0.0022082571364780423,-0.0021448096946110108,0.0075867280922625215,0.007283258968571541,0,0
1284.2268420173286,92.2427776670329,112.19442975602797,-0.008404230756738905,0.002206670608585904,0.001072404847305498,-0.004969241808856939,0,0,0.0034349889478819656,-0.002206670608585904,-0.001072404847305498,0.008497135463334063,0.00834540090148834,0,0
624.3377665398167,86.2760268879407,104.68049512451793,-0.008404230756738905,0.002206670608585904,0.001072404847305498,-0.004969241808856939,0,0,0.0034349889478819656,-0.002206670608585904,-0.001072404847305498,0.008497135463334063,0.00834540090148834,0,0
624.3377665398167,84.8062010048873,98.08447665807216,-0.008328363573974,0.0022067926491929914,0.002144809694611011,-0.004969241808856939,0,0,0.0033591217651170614,-0.0022067926491929914,-0.002144809694611011,0.008497135463334063,0.008193666339643083,0,0
602.1580731583105,86.65098914560704,104.68049512451793,-0.008328363573974,0.0022067926491929914,0.002144809694611011,-0.004969241808856939,0,0,0.0033591217651170614,-0.0022067926491929914,-0.002144809694611011,0.008497135463334063,0.008193666339643083,0,0
1284.2268420173286,90.57673222463723,112.81620876492863,-0.008328363573974,0.0022067926491929914,0.002144809694611011,-0.004969241808856939,0,0,0.0033591217651170614,-0.0022067926491929914,-0.002144809694611011,0.008497135463334063,0.008193666339643083,0,0
251.60762066022812,84.44606393366254,104.68049512451793,-0.008328363573974,0.0022067926491929914,0.002144809694611011,-0.004969241808856939,0,0,0.0033591217651170614,-0.0022067926491929914,-0.002144809694611011,0.008497135463334063,0.008193666339643083,0,0
1284.2268420173286,90.16911060094986,32.583694610362,-0.008328363573974,0.0022067926491929914,0.002144809694611011,-0.004969241808856939,0,0,0.0033591217651170614,-0.0022067926491929914,-0.002144809694611011,0.008497135463334063,0.008193666339643083,0,0
135.24881572421333,90.57673222463723,23.344165399617317,-0.008328363573974,0.0022067926491929914,0.002144809694611011,-0.004969241808856939,0,0,0.0033591217651170614,-0.0022067926491929914,-0.002144809694611011,0.008497135463334063,0.008193666339643083,0,0
1284.2268420173286,92.2427776670329,23.344165399617317,-0.008328363573974,0.0022067926491929914,0.002144809694611011,-0.004969241808856939,0,0,0.0033591217651170614,-0.0022067926491929914,-0.002144809694611011,0.008497135463334063,0.008193666339643083,0,0
624.3377665398167,83.73432085224402,21.658147754059783,-0.008328363573974,0.0022067926491929914,0.002144809694611011,-0.004969241808856939,0,0,0.0033591217651170614,-0.0022067926491929914,-0.002144809694611011,0.008497135463334063,0.008193666339643083,0,0
1284.2268420173286,90.98786202822609,23.480705112311483,-0.008328363573974,0.0022067926491929914,0.002144809694611011,-0.004969241808856939,0,0,0.0033591217651170614,-0.0022067926491929914,-0.002144809694611011,0.008497135463334063,0.008193666339643083,0,0
251.60762066022812,84.44606393366254,24.514455284677474,-0.008328363573974,0.0022067926491929914,0.002144809694611011,-0.004969241808856939,0,0,0.0033591217651170614,-0.0022067926491929914,-0.002144809694611011,0.008497135463334063,0.008193666339643083,0,0
1411.3480414449798,93.09781934285294,24.954583122703667,-0.008328363573974,0.0022067926491929914,0.002144809694611011,-0.004969241808856939,0,0,0.0033591217651170614,-0.0022067926491929914,-0.002144809694611011,0.008497135463334063,0.008193666339643083,0,0
1180.1265773010464,92.66842176880655,24.70878894042906,-0.008328363573974,0.0022067926491929914,0.002144809694611011,-0.004969241808856939,0,0,0.0033591217651170614,-0.0022067926491929914,-0.002144809694611011,0.008497135463334063,0.008193666339643083,0,0
1284.2268420173286,92.2427776670329,24.37002602209273,-0.008328363573974,0.0022067926491929914,0.002144809694611011,-0.004969241808856939,0,0,0.0033591217651170614,-0.0022067926491929914,-0.002144809694611011,0.008497135463334063,0.008193666339643083,0,0
1284.2268420173286,90.57673222463723,23.80334702660077,-0.008328363573974,0.0022067926491929914,0.002144809694611011,-0.004969241808856939,0,0,0.0033591217651170614,-0.0022067926491929914,-0.002144809694611011,0.008497135463334063,0.008193666339643083,0,0
1284.2268420173286,90.57673222463723,24.22671386331148,-0.008328363573974,0.0022067926491929914,0.002144809694611011,-0.004969241808856939,0,0,0.0033591217651170614,-0.0022067926491929914,-0.002144809694611011,0.008497135463334063,0.008193666339643083,0,0
674.6059938250444,78.419964244608,22.632955363231254,-0.008328363573974,0.0022067926491929914,0.002144809694611011,-0.004969241808856939,0,0,0.0033591217651170614,-0.0022067926491929914,-0.002144809694611011,0.008497135463334063,0.008193666339643083,0,0
251.60762066022812,83.73432085224402,23.756904125116755,-0.008328363573974,0.0022067926491929914,0.002144809694611011,-0.004969241808856939,0,0,0.0033591217651170614,-0.0022067926491929914,-0.002144809694611011,0.008497135463334063,0.008193666339643083,0,0
1284.2268420173286,83.38264517783642,23.896588216502984,-0.008328363573974,0.0022067926491929914,0.002144809694611011,-0.004969241808856939,0,0,0.0033591217651170614,-0.0022067926491929914,-0.002144809694611011,0.008497135463334063,0.008193666339643083,0,0
602.1580731583105,84.44606393366254,22.85218781026422,-0.008328363573974,0.0022067926491929914,0.002144809694611011,-0.004969241808856939,0,0,0.0033591217651170614,-0.0022067926491929914,-0.002144809694611011,0.008497135463334063,0.008193666339643083,0,0
602.1580731583105,83.73432085224402,23.526447916444262,-0.008328363573974,0.0022067926491929914,0.002144809694611011,-0.004969241808856939,0,0,0.0033591217651170614,-0.0022067926491929914,-0.002144809694611011,0.008497135463334063,0.008193666339643083,0,0
1284.2268420173286,93.53102222430564,23.99030640367822,-0.008328363573974,0.0022067926491929914,0.002144809694611011,-0.004969241808856939,0,0,0.0033591217651170614,-0.0022067926491929914,-0.002144809694611011,0.008497135463334063,0.008193666339643083,0,0
1284.2268420173286,90.16911060094986,26.770315400455452,-0.008328363573974,0.0022067926491929914,0.002144809694611011,-0.004969241808856939,0,0,0.0033591217651170614,-0.0022067926491929914,-0.002144809694611011,0.008497135463334063,0.008193666339643083,0,0
1284.2268420173286,92.2427776670329,24.905165748622878,-0.008328363573974,0.0022067926491929914,0.002144809694611011,-0.004969241808856939,0,0,0.0033591217651170614,-0.0022067926491929914,-0.002144809694611011,0.008497135463334063,0.008193666339643083,0,0
251.60762066022812,87.02903054016306,21.250766618660897,-0.008328363573974,0.0022067926491929914,0.002144809694611011,-0.004969241808856939,0,0,0.0033591217651170614,-0.0022067926491929914,-0.002144809694611011,0.008497135463334063,0.008193666339643083,0,0
1284.2268420173286,89.36420701132127,21.29107368585003,-0.008328363573974,0.0022067926491929914,0.002144809694611011,-0.004969241808856939,0,0,0.0033591217651170614,-0.0022067926491929914,-0.002144809694611011,0.008497135463334063,0.008193666339643083,0,0
1284.2268420173286,89.76495072901147,20.931683493242176,-0.008328363573974,0.0022067926491929914,0.002144809694611011,-0.004969241808856939,0,0,0.0033591217651170614,-0.0022067926491929914,-0.002144809694611011,0.008497135463334063,0.008193666339643083,0,0
624.3377665398167,83.38264517783642,20.046470706490737,-0.008328363573974,0.0022067926491929914,0.002144809694611011,-0.004969241808856939,0,0,0.0033591217651170614,-0.0022067926491929914,-0.002144809694611011,0.008497135463334063,0.008193666339643083,0,0
1284.2268420173286,89.36420701132127,21.740789092600608,-0.008328363573974,0.0022067926491929914,0.002144809694611011,-0.004969241808856939,0,0,0.0033591217651170614,-0.0022067926491929914,-0.002144809694611011,0.008497135463334063,0.008193666339643083,0,0
624.3377665398167,83.38264517783642,21.010896801842307,-0.008328363573974,0.0022067926491929914,0.002144809694611011,-0.004969241808856939,0,0,0.0033591217651170614,-0.0022067926491929914,-0.002144809694611011,0.008497135463334063,0.008193666339643083,0,0
248.42442609070224,84.08878225753256,20.931683493242176,-0.008328363573974,0.0022067926491929914,0.002144809694611011,-0.004969241808856939,0,0,0.0033591217651170614,-0.0022067926491929914,-0.002144809694611011,0.008497135463334063,0.008193666339643083,0,0
220.70517709223105,90.57673222463723,21.865492873548824,-0.008328363573974,0.0022067926491929914,0.002144809694611011,-0.004969241808856939,0,0,0.0033591217651170614,-0.0022067926491929914,-0.002144809694611011,0.008497135463334063,0.008193666339643083,0,0
624.3377665398167,86.65098914560704,19.897191673617044,-0.008328363573974,0.0022067926491929914,0.002144809694611011,-0.004969241808856939,0,0,0.0033591217651170614,-0.0022067926491929914,-0.002144809694611011,0.008497135463334063,0.008193666339643083,0,0
1093.1463157010076,93.53102222430564,21.782257748458605,-0.008328363573974,0.0022067926491929914,0.002144809694611011,-0.004969241808856939,0,0,0.0033591217651170614,-0.0022067926491929914,-0.002144809694611011,0.008497135463334063,0.008193666339643083,0,0
1284.2268420173286,92.2427776670329,21.534920213973493,-0.008328363573974,0.0022067926491929914,0.002144809694611011,-0.004969241808856939,0,0,0.0033591217651170614,-0.0022067926491929914,-0.002144809694611011,0.008497135463334063,0.008193666339643083,0,0
1284.2268420173286,92.2427776670329,21.575898614386084,-0.008328363573974,0.0022067926491929914,0.002144809694611011,-0.004969241808856939,0,0,0.0033591217651170614,-0.0022067926491929914,-0.002144809694611011,0.008497135463334063,0.008193666339643083,0,0
251.60762066022812,84.44606393366254,21.130411066922797,-0.008328363573974,0.0022067926491929914,0.002144809694611011,-0.004969241808856939,0,0,0.0033591217651170614,-0.0022067926491929914,-0.002144809694611011,0.008497135463334063,0.008193666339643083,0,0
1284.2268420173286,89.76495072901147,20.197102771620948,-0.008328363573974,0.0022067926491929914,0.002144809694611011,-0.004969241808856939,0,0,0.0033591217651170614,-0.0022067926491929914,-0.002144809694611011,0.008497135463334063,0.008193666339643083,0,0
1284.2268420173286,91.82083615681199,21.250766618660897,-0.008328363573974,0.0022067926491929914,0.002144809694611011,-0.004969241808856939,0,0,0.0033591217651170614,-0.0022067926491929914,-0.002144809694611011,0.008497135463334063,0.008193666339643083,0,0
1411.3480414449798,92.2427776670329,20.15931686442059,-0.008328363573974,0.0022067926491929914,0.002144809694611011,-0.004969241808856939,0,0,0.0033591217651170614,-0.0022067926491929914,-0.002144809694611011,0.008497135463334063,0.008193666339643083,0,0
1284.2268420173286,89.76495072901147,22.546013685281594,-0.008328363573974,0.0022067926491929914,0.002144809694611011,-0.004969241808856939,0,0,0.0033591217651170614,-0.0022067926491929914,-0.002144809694611011,0.008497135463334063,0.008193666339643083,0,0
1284.2268420173286,90.16911060094986,24.660015279911583,-0.008328363573974,0.0022067926491929914,0.002144809694611011,-0.004969241808856939,0,0,0.0033591217651170614,-0.0022067926491929914,-0.002144809694611011,0.008497135463334063,0.008193666339643083,0,0
624.3377665398167,87.41019065628254,22.76417078542179,-0.008328363573974,0.0022067926491929914,0.002144809694611011,-0.004969241808856939,0,0,0.0033591217651170614,-0.0022067926491929914,-0.002144809694611011,0.008497135463334063,0.008193666339643083,0,0
1411.3480414449798,93.09781934285294,23.435077391437254,-0.008328363573974,0.0022067926491929914,0.002144809694611011,-0.004969241808856939,0,0,0.0033591217651170614,-0.0022067926491929914,-0.002144809694611011,0.008497135463334063,0.008193666339643083,0,0
1284.2268420173286,92.2427776670329,23.208649349752903,-0.008328363573974,0.0022067926491929914,0.002144809694611011,-0.004969241808856939,0,0,0.0033591217651170614,-0.0022067926491929914,-0.002144809694611011,0.008497135463334063,0.008193666339643083,0,0
1284.2268420173286,90.16911060094986,23.16370274985499,-0.008328363573974,0.0022067926491929914,0.002144809694611011,-0.004969241808856939,0,0,0.0033591217651170614,-0.0022067926491929914,-0.002144809694611011,0.008497135463334063,0.008193666339643083,0,0
1284.2268420173286,90.16911060094986,23.1188681289847,-0.008328363573974,0.0022067926491929914,0.002144809694611011,-0.004969241808856939,0,0,0.0033591217651170614,-0.0022067926491929914,-0.002144809694611011,0.008497135463334063,0.008193666339643083,0,0
1284.2268420173286,92.2427776670329,22.502702204181062,-0.008328363573974,0.0022067926491929914,0.002144809694611011,-0.004969241808856939,0,0,0.0033591217651170614,-0.0022067926491929914,-0.002144809694611011,0.008497135463334063,0.008193666339643083,0,0
581.6409617069837,85.16922919230018,22.28772229885734,-0.008328363573974,0.0022067926491929914,0.002144809694611011,-0.004969241808856939,0,0,0.0033591217651170614,-0.0022067926491929914,-0.002144809694611011,0.008497135463334063,0.008193666339643083,0,0
1284.2268420173286,90.16911060094986,22.245039036567718,-0.008328363573974,0.0022067926491929914,0.002144809694611011,-0.004969241808856939,0,0,0.0033591217651170614,-0.0022067926491929914,-0.002144809694611011,0.008497135463334063,0.008193666339643083,0,0
1093.1463157010076,92.2427776670329,22.459496422942998,-0.008328363573974,0.0022067926491929914,0.002144809694611011,-0.004969241808856939,0,0,0.0033591217651170614,-0.0022067926491929914,-0.002144809694611011,0.008497135463334063,0.008193666339643083,0,0
1284.2268420173286,90.16911060094986,22.117607626819968,-0.008328363573974,0.0022067926491929914,0.002144809694611011,-0.004969241808856939,0,0,0.0033591217651170614,-0.0022067926491929914,-0.002144809694611011,0.008497135463334063,0.008193666339643083,0,0
1284.2268420173286,89.76495072901147,22.89635959460729,-0.008328363573974,0.0022067926491929914,0.002144809694611011,-0.004969241808856939,0,0,0.0033591217651170614,-0.0022067926491929914,-0.002144809694611011,0.008497135463334063,0.008193666339643083,0,0
624.3377665398167,84.08878225753256,21.494038780723614,-0.008328363573974,0.0022067926491929914,0.002144809694611011,-0.004969241808856939,0,0,0.0033591217651170614,-0.0022067926491929914,-0.002144809694611011,0.008497135463334063,0.008193666339643083,0,0
251.60762066022812,84.08878225753256,21.99109567138421,-0.008328363573974,0.0022067926491929914,0.002144809694611011,-0.004969241808856939,0,0,0.0033591217651170614,-0.0022067926491929914,-0.002144809694611011,0.008497135463334063,0.008193666339643083,0,0
602.1580731583105,93.53102222430564,21.99109567138421,-0.008328363573974,0.0022067926491929914,0.002144809694611011,-0.004969241808856939,0,0,0.0033591217651170614,-0.0022067926491929914,-0.002144809694611011,0.008497135463334063,0.008193666339643083,0,0
1284.2268420173286,90.57673222463723,22.28772229885734,-0.008328363573974,0.0022067926491929914,0.002144809694611011,-0.004969241808856939,0,0,0.0033591217651170614,-0.0022067926491929914,-0.002144809694611011,0.008497135463334063,0.008193666339643083,0,0
1284.2268420173286,90.57673222463723,22.720324710149534,-0.008328363573974,0.0022067926491929914,0.002144809694611011,-0.004969241808856939,0,0,0.0033591217651170614,-0.0022067926491929914,-0.002144809694611011,0.008497135463334063,0.008193666339643083,0,0
1284.2268420173286,90.57673222463723,22.58943126976108,-0.008328363573974,0.0022067926491929914,0.002144809694611011,-0.004969241808856939,0,0,0.0033591217651170614,-0.0022067926491929914,-0.002144809694611011,0.008497135463334063,0.008193666339643083,0,0
1180.1265773010464,90.57673222463723,22.76417078542179,-0.008328363573974,0.0022067926491929914,0.002144809694611011,-0.004969241808856939,0,0,0.0033591217651170614,-0.0022067926491929914,-0.002144809694611011,0.008497135463334063,0.008193666339643083,0,0
1284.2268420173286,89.36420701132127,22.80812501336112,-0.008328363573974,0.0022067926491929914,0.002144809694611011,-0.004969241808856939,0,0,0.0033591217651170614,-0.0022067926491929914,-0.002144809694611011,0.008497135463334063,0.008193666339643083,0,0
1284.2268420173286,92.66842176880655,22.459496422942998,-0.008328363573974,0.0022067926491929914,0.002144809694611011,-0.004969241808856939,0,0,0.0033591217651170614,-0.0022067926491929914,-0.002144809694611011,0.008497135463334063,0.008193666339643083,0,0
1284.2268420173286,90.16911060094986,22.632955363231254,-0.008328363573974,0.0022067926491929914,0.002144809694611011,-0.004969241808856939,0,0,0.0033591217651170614,-0.0022067926491929914,-0.002144809694611011,0.008497135463334063,0.008193666339643083,0,0
1284.2268420173286,89.76495072901147,22.416395940132503,-0.008328363573974,0.0022067926491929914,0.002144809694611011,-0.004969241808856939,0,0,0.0033591217651170614,-0.0022067926491929914,-0.002144809694611011,0.008497135463334063,0.008193666339643083,0,0
1284.2268420173286,89.76495072901147,22.676586373412853,-0.008328363573974,0.0022067926491929914,0.002144809694611011,-0.004969241808856939,0,0,0.0033591217651170614,-0.0022067926491929914,-0.002144809694611011,0.008497135463334063,0.008193666339643083,0,0
1284.2268420173286,89.76495072901147,22.502702204181062,-0.008328363573974,0.0022067926491929914,0.002144809694611011,-0.004969241808856939,0,0,0.0033591217651170614,-0.0022067926491929914,-0.002144809694611011,0.008497135463334063,0.008193666339643083,0,0
1284.2268420173286,90.16911060094986,22.28772229885734,-0.008328363573974,0.0022067926491929914,0.002144809694611011,-0.004969241808856939,0,0,0.0033591217651170614,-0.0022067926491929914,-0.002144809694611011,0.008497135463334063,0.008193666339643083,0,0
1284.2268420173286,89.76495072901147,22.245039036567718,-0.008328363573974,0.0022067926491929914,0.002144809694611011,-0.004969241808856939,0,0,0.0033591217651170614,-0.0022067926491929914,-0.002144809694611011,0.008497135463334063,0.008193666339643083,0,0
1411.3480414449798,92.2427776670329,22.502702204181062,-0.008328363573974,0.0022067926491929914,0.002144809694611011,-0.004969241808856939,0,0,0.0033591217651170614,-0.0022067926491929914,-0.002144809694611011,0.008497135463334063,0.008193666339643083,0,0
851.4899528953961,90.57673222463723,22.720324710149534,-0.008328363573974,0.0022067926491929914,0.002144809694611011,-0.004969241808856939,0,0,0.0033591217651170614,-0.0022067926491929914,-0.002144809694611011,0.008497135463334063,0.008193666339643083,0,0
1284.2268420173286,90.16911060094986,22.459496422942998,-0.008328363573974,0.0022067926491929914,0.002144809694611011,-0.004969241808856939,0,0,0.0033591217651170614,-0.0022067926491929914,-0.002144809694611011,0.008497135463334063,0.008193666339643083,0,0
1411.3480414449798,90.98786202822609,22.85218781026422,-0.008328363573974,0.0022067926491929914,0.002144809694611011,-0.004969241808856939,0,0,0.0033591217651170614,-0.0022067926491929914,-0.002144809694611011,0.008497135463334063,0.008193666339643083,0,0
1284.2268420173286,92.66842176880655,23.208649349752903,-0.008328363573974,0.0022067926491929914,0.002144809694611011,-0.004969241808856939,0,0,0.0033591217651170614,-0.0022067926491929914,-0.002144809694611011,0.008497135463334063,0.008193666339643083,0,0
1284.2268420173286,89.76495072901147,24.37002602209273,-0.008328363573974,0.0022067926491929914,0.002144809694611011,-0.004969241808856939,0,0,0.0033591217651170614,-0.0022067926491929914,-0.002144809694611011,0.008497135463334063,0.008193666339643083,0,0
1411.3480414449798,93.09781934285294,114.0802412881919,-0.008328363573974,0.0022067926491929914,0.002144809694611011,-0.004969241808856939,0,0,0.0033591217651170614,-0.0022067926491929914,-0.002144809694611011,0.008497135463334063,0.008193666339643083,0,0
1284.2268420173286,92.66842176880655,112.81620876492863,-0.008328363573974,0.0022067926491929914,0.002144809694611011,-0.004969241808856939,0,0,0.0033591217651170614,-0.0022067926491929914,-0.002144809694611011,0.008497135463334063,0.008193666339643083,0,0
1284.2268420173286,89.76495072901147,113.44477390085575,-0.008328363573974,0.0022067926491929914,0.002144809694611011,-0.004969241808856939,0,0,0.0033591217651170614,-0.0022067926491929914,-0.002144809694611011,0.008497135463334063,0.008193666339643083,0,0
624.3377665398167,87.41019065628254,25.10361938144616,-0.008328363573974,0.0022067926491929914,0.002144809694611011,-0.004969241808856939,0,0,0.0033591217651170614,-0.0022067926491929914,-0.002144809694611011,0.008497135463334063,0.008193666339643083,0,0
1284.2268420173286,92.66842176880655,112.81620876492863,-0.008328363573974,0.0022067926491929914,0.002144809694611011,-0.004969241808856939,0,0,0.0033591217651170614,-0.0022067926491929914,-0.002144809694611011,0.008497135463334063,0.008193666339643083,0,0
1284.2268420173286,92.2427776670329,112.19442975602797,-0.008328363573974,0.0022067926491929914,0.002144809694611011,-0.004969241808856939,0,0,0.0033591217651170614,-0.0022067926491929914,-0.002144809694611011,0.008497135463334063,0.008193666339643083,0,0
1411.3480414449798,89.76495072901147,113.44477390085575,-0.008328363573974,0.0022067926491929914,0.002144809694611011,-0.004969241808856939,0,0,0.0033591217651170614,-0.0022067926491929914,-0.002144809694611011,0.008497135463334063,0.008193666339643083,0,0
1284.2268420173286,93.09781934285294,113.44477390085575,-0.008328363573974,0.0022067926491929914,0.002144809694611011,-0.004969241808856939,0,0,0.0033591217651170614,-0.0022067926491929914,-0.002144809694611011,0.008497135463334063,0.008193666339643083,0,0
1284.2268420173286,93.09781934285294,113.44477390085575,-0.008328363573974,0.0022067926491929914,0.002144809694611011,-0.004969241808856939,0,0,0.0033591217651170614,-0.0022067926491929914,-0.002144809694611011,0.008497135463334063,0.008193666339643083,0,0
1284.2268420173286,90.57673222463723,114.0802412881919,-0.008328363573974,0.0022067926491929914,0.002144809694611011,-0.004969241808856939,0,0,0.0033591217651170614,-0.0022067926491929914,-0.002144809694611011,0.008497135463334063,0.008193666339643083,0,0
1284.2268420173286,90.57673222463723,113.44477390085575,-0.008328363573974,0.0022067926491929914,0.002144809694611011,-0.004969241808856939,0,0,0.0033591217651170614,-0.0022067926491929914,-0.002144809694611011,0.008497135463334063,0.008193666339643083,0,0
1284.2268420173286,90.57673222463723,112.81620876492863,-0.008328363573974,0.0022067926491929914,0.002144809694611011,-0.004969241808856939,0,0,0.0033591217651170614,-0.0022067926491929914,-0.002144809694611011,0.008497135463334063,0.008193666339643083,0,0
624.3377665398167,87.41019065628254,100.52415418066585,-0.008328363573974,0.0022067926491929914,0.002144809694611011,-0.004969241808856939,0,0,0.0033591217651170614,-0.0022067926491929914,-0.002144809694611011,0.008497135463334063,0.008193666339643083,0,0
1284.2268420173286,92.2427776670329,112.81620876492863,-0.008328363573974,0.0022067926491929914,0.002144809694611011,-0.004969241808856939,0,0,0.0033591217651170614,-0.0022067926491929914,-0.002144809694611011,0.008497135463334063,0.008193666339643083,0,0
602.1580731583105,87.02903054016306,105.22351709380416,-0.008328363573974,0.0022067926491929914,0.002144809694611011,-0.004969241808856939,0,0,0.0033591217651170614,-0.0022067926491929914,-0.002144809694611011,0.008497135463334063,0.008193666339643083,0,0
251.60762066022812,91.40254728973653,104.1428794944386,-0.008328363573974,0.0022067926491929914,0.002144809694611011,-0.004969241808856939,0,0,0.0033591217651170614,-0.0022067926491929914,-0.002144809694611011,0.008497135463334063,0.008193666339643083,0,0
1180.1265773010464,92.66842176880655,114.0802412881919,-0.008328363573974,0.0022067926491929914,0.002144809694611011,-0.004969241808856939,0,0,0.0033591217651170614,-0.0022067926491929914,-0.002144809694611011,0.008497135463334063,0.008193666339643083,0,0
1411.3480414449798,92.2427776670329,114.0802412881919,-0.008328363573974,0.0022067926491929914,0.002144809694611011,-0.004969241808856939,0,0,0.0033591217651170614,-0.0022067926491929914,-0.002144809694611011,0.008497135463334063,0.008193666339643083,0,0
624.3377665398167,85.16922919230018,97.14019014961423,-0.008328363573974,0.0022067926491929914,0.002144809694611011,-0.004969241808856939,0,0,0.0033591217651170614,-0.0022067926491929914,-0.002144809694611011,0.008497135463334063,0.008193666339643083,0,0
215.92040254306553,85.16922919230018,105.22351709380416,-0.008328363573974,0.0022067926491929914,0.002144809694611011,-0.004969241808856939,0,0,0.0033591217651170614,-0.0022067926491929914,-0.002144809694611011,0.008497135463334063,0.008193666339643083,0,0
1284.2268420173286,89.76495072901147,114.0802412881919,-0.008328363573974,0.0022067926491929914,0.002144809694611011,-0.004969241808856939,0,0,0.0033591217651170614,-0.0022067926491929914,-0.002144809694611011,0.008497135463334063,0.008193666339643083,0,0
1284.2268420173286,92.66842176880655,112.81620876492863,-0.008328363573974,0.0022067926491929914,0.002144809694611011,-0.004969241808856939,0,0,0.0033591217651170614,-0.0022067926491929914,-0.002144809694611011,0.008497135463334063,0.008193666339643083,0,0
900.238757316699,90.16911060094986,113.44477390085575,-0.008328363573974,0.0022067926491929914,0.002144809694611011,-0.004969241808856939,0,0,0.0033591217651170614,-0.0022067926491929914,-0.002144809694611011,0.008497135463334063,0.008193666339643083,0,0
1284.2268420173286,92.66842176880655,116.69355260679126,-0.008328363573974,0.0022067926491929914,0.002144809694611011,-0.004969241808856939,0,0,0.0033591217651170614,-0.0022067926491929914,-0.002144809694611011,0.008497135463334063,0.008193666339643083,0,0
251.60762066022812,84.44606393366254,104.68049512451793,-0.008328363573974,0.0022067926491929914,0.002144809694611011,-0.004969241808856939,0,0,0.0033591217651170614,-0.0022067926491929914,-0.002144809694611011,0.008497135463334063,0.008193666339643083,0,0
1284.2268420173286,90.98786202822609,111.57932338755117,-0.008328363573974,0.0022067926491929914,0.002144809694611011,-0.004969241808856939,0,0,0.0033591217651170614,-0.0022067926491929914,-0.002144809694611011,0.008497135463334063,0.008193666339643083,0,0
1093.1463157010076,83.73432085224402,101.02616679983112,-0.008328363573974,0.0022067926491929914,0.002144809694611011,-0.004969241808856939,0,0,0.0033591217651170614,-0.0022067926491929914,-0.002144809694611011,0.008497135463334063,0.008193666339643083,0,0
624.3377665398167,89.36420701132127,98.56325615049124,-0.008328363573974,0.0022067926491929914,0.002144809694611011,-0.004969241808856939,0,0,0.0033591217651170614,-0.0022067926491929914,-0.002144809694611011,0.008497135463334063,0.008193666339643083,0,0
769.566351540633,83.38264517783642,104.68049512451793,-0.008328363573974,0.0022067926491929914,0.002144809694611011,-0.004969241808856939,0,0,0.0033591217651170614,-0.0022067926491929914,-0.002144809694611011,0.008497135463334063,0.008193666339643083,0,0
1284.2268420173286,90.98786202822609,113.44477390085575,-0.008328363573974,0.0022067926491929914,0.002144809694611011,-0.004969241808856939,0,0,0.0033591217651170614,-0.0022067926491929914,-0.002144809694611011,0.008497135463334063,0.008193666339643083,0,0
1284.2268420173286,92.66842176880655,114.0802412881919,-0.008328363573974,0.0022067926491929914,0.002144809694611011,-0.004969241808856939,0,0,0.0033591217651170614,-0.0022067926491929914,-0.002144809694611011,0.008497135463334063,0.008193666339643083,0,0
1180.1265773010464,89.76495072901147,112.81620876492863,-0.008328363573974,0.0022067926491929914,0.002144809694611011,-0.004969241808856939,0,0,0.0033591217651170614,-0.0022067926491929914,-0.002144809694611011,0.008497135463334063,0.008193666339643083,0,0
602.1580731583105,86.2760268879407,108.02276929750369,-0.008328363573974,0.0022067926491929914,0.002144809694611011,-0.004969241808856939,0,0,0.0033591217651170614,-0.0022067926491929914,-0.002144809694611011,0.008497135463334063,0.008193666339643083,0,0
624.3377665398167,84.8062010048873,98.56325615049124,-0.008328363573974,0.0022067926491929914,0.002144809694611011,-0.004969241808856939,0,0,0.0033591217651170614,-0.0022067926491929914,-0.002144809694611011,0.008497135463334063,0.008193666339643083,0,0
1284.2268420173286,90.16911060094986,112.81620876492863,-0.008328363573974,0.0022067926491929914,0.002144809694611011,-0.004969241808856939,0,0,0.0033591217651170614,-0.0022067926491929914,-0.002144809694611011,0.008497135463334063,0.008193666339643083,0,0
1284.2268420173286,90.98786202822609,111.57932338755117,-0.008328363573974,0.0022067926491929914,0.002144809694611011,-0.004969241808856939,0,0,0.0033591217651170614,-0.0022067926491929914,-0.002144809694611011,0.008497135463334063,0.008193666339643083,0,0
1284.2268420173286,90.16911060094986,117.36537105675751,-0.008328363573974,0.0022067926491929914,0.002144809694611011,-0.004969241808856939,0,0,0.0033591217651170614,-0.0022067926491929914,-0.002144809694611011,0.008497135463334063,0.008193666339643083,0,0
1284.2268420173286,89.76495072901147,112.81620876492863,-0.008328363573974,0.0022067926491929914,0.002144809694611011,-0.004969241808856939,0,0,0.0033591217651170614,-0.0022067926491929914,-0.002144809694611011,0.008497135463334063,0.008193666339643083,0,0
1411.3480414449798,90.57673222463723,113.44477390085575,-0.008328363573974,0.0022067926491929914,0.002144809694611011,-0.004969241808856939,0,0,0.0033591217651170614,-0.0022067926491929914,-0.002144809694611011,0.008497135463334063,0.008193666339643083,0,0
1284.2268420173286,90.57673222463723,114.0802412881919,-0.008328363573974,0.0022067926491929914,0.002144809694611011,-0.004969241808856939,0,0,0.0033591217651170614,-0.0022067926491929914,-0.002144809694611011,0.008497135463334063,0.008193666339643083,0,0
1180.1265773010464,92.2427776670329,113.44477390085575,-0.008328363573974,0.0022067926491929914,0.002144809694611011,-0.004969241808856939,0,0,0.0033591217651170614,-0.0022067926491929914,-0.002144809694611011,0.008497135463334063,0.008193666339643083,0,0
1284.2268420173286,93.09781934285294,112.81620876492863,-0.008328363573974,0.0022067926491929914,0.002144809694611011,-0.004969241808856939,0,0,0.0033591217651170614,-0.0022067926491929914,-0.002144809694611011,0.008497135463334063,0.008193666339643083,0,0
1284.2268420173286,90.98786202822609,113.44477390085575,-0.008328363573974,0.0022067926491929914,0.002144809694611011,-0.004969241808856939,0,0,0.0033591217651170614,-0.0022067926491929914,-0.002144809694611011,0.008497135463334063,0.008193666339643083,0,0
1411.3480414449798,90.57673222463723,113.44477390085575,-0.008328363573974,0.0022067926491929914,0.002144809694611011,-0.004969241808856939,0,0,0.0033591217651170614,-0.0022067926491929914,-0.002144809694611011,0.008497135463334063,0.008193666339643083,0,0
1284.2268420173286,90.16911060094986,111.57932338755117,-0.008328363573974,0.0022067926491929914,0.002144809694611011,-0.004969241808856939,0,0,0.0033591217651170614,-0.0022067926491929914,-0.002144809694611011,0.008497135463334063,0.008193666339643083,0,0
251.60762066022812,84.44606393366254,102.04483787812359,-0.008328363573974,0.0022067926491929914,0.002144809694611011,-0.004969241808856939,0,0,0.0033591217651170614,-0.0022067926491929914,-0.002144809694611011,0.008497135463334063,0.008193666339643083,0,0
1411.3480414449798,90.16911060094986,114.0802412881919,-0.008328363573974,0.0022067926491929914,0.002144809694611011,-0.004969241808856939,0,0,0.0033591217651170614,-0.0022067926491929914,-0.002144809694611011,0.008497135463334063,0.008193666339643083,0,0
624.3377665398167,86.65098914560704,104.68049512451793,-0.008328363573974,0.0022067926491929914,0.002144809694611011,-0.004969241808856939,0,0,0.0033591217651170614,-0.0022067926491929914,-0.002144809694611011,0.008497135463334063,0.008193666339643083,0,0
