FDist,LDist,RDist,XEst,YEst,ThetaEst,XDes,YDes,ThetaDes,XError,YError,ThetaError,SL,SR,RW,LW
1284.2268420173286,92.2427776670329,88.96683466233691,0.0,0.0,0.0,0,0,0,0.0,0.0,0.0,0.0,0.0,0,0
1284.2268420173286,93.53102222430564,91.40254728973653,0.0,0.0,0.0,0,0,0,0.0,0.0,0.0,0.0,0.0,0,0
1284.2268420173286,93.09781934285294,91.40254728973653,0.0,0.0,0.0,0,0,0,0.0,0.0,0.0,0.0,0.0,0,0
1284.2268420173286,92.66842176880655,91.82083615681199,0.0,0.0,0.0,0,0,0,0.0,0.0,0.0,0.0,0.0,0,0
1284.2268420173286,84.8062010048873,83.03372126641216,0.0,0.0,0.0,0,0,0,0.0,0.0,0.0,0.0,0.0,0,0
1093.1463157010076,92.2427776670329,89.36420701132127,0.0,0.0,0.0,0,0,0,0.0,0.0,0.0,0.0,0.0,0,0
407.8990969411948,80.66556470717478,75.11601708077,0.0,0.0,0.0,0,0,0,0.0,0.0,0.0,0.0,0.0,0,0
1284.2268420173286,92.2427776670329,91.40254728973653,0.0,0.0,0.0,0,0,0,0.0,0.0,0.0,0.0,0.0,0,0
1284.2268420173286,92.66842176880655,91.40254728973653,0.0,0.0,0.0,0,0,0,0.0,0.0,0.0,0.0,0.0,0,0
1284.2268420173286,90.57673222463723,89.36420701132127,0.0,0.0,0.0,0,0,0,0.0,0.0,0.0,0.0,0.0,0,0
1284.2268420173286,91.82083615681199,89.36420701132127,0.0,0.0,0.0,0,0,0,0.0,0.0,0.0,0.0,0.0,0,0
1284.2268420173286,93.09781934285294,89.36420701132127,0.0,0.0,0.0,0,0,0,0.0,0.0,0.0,0.0,0.0,0,0
1180.1265773010464,93.09781934285294,91.82083615681199,0.0,0.0,0.0,1.5,0,0,1.5,0.0,0.0,0.0,0.0,0,0
1284.2268420173286,91.82083615681199,89.36420701132127,0.002731220542690836,-2.9289752718669056e-06,-0.0021448096946110238,1.5,0,0,1.4972687794573092,2.9289752718669056e-06,0.0021448096946110238,-0.0028829566750598833,-0.0025794875513693695,0,0
1284.2268420173286,93.09781934285294,112.81620876492863,0.02336707348894045,4.1331070052318426e-05,0.006434429083833083,1.5,0,0,1.4766329265110596,-4.1331070052318426e-05,-0.006434429083833083,-0.022911918838633808,-0.02382232620970535,0,0
602.1580731583105,84.08878225753256,128.44498763419128,0.04688398315214479,0.0003439835524090921,0.019303287251499258,1.5,0,0,1.4531160168478552,-0.0003439835524090921,-0.019303287251499258,-0.045520368553577106,-0.04825159066679173,0,0
1284.2268420173286,116.69355260679126,293.3703955349555,0.0758598851709398,0.0009033831947618518,0.019303287251499258,1.5,0,0,1.4241401148290602,-0.0009033831947618518,-0.019303287251499258,-0.07450166986602119,-0.07723289197923582,0,0
602.1580731583105,105.22351709380416,323.12240163650586,0.09914703890407654,0.0013404664995616093,0.01823088240419376,1.5,0,0,1.4008529610959235,-0.0013404664995616093,-0.01823088240419376,-0.09786879239019078,-0.10044827994156014,0,0
1284.2268420173286,88.18202887947652,367.3069052663625,0.12880650192485715,0.0018653359864286147,0.01715847755688826,1.5,0,0,1.3711934980751428,-0.0018653359864286147,-0.01715847755688826,-0.12760876651186115,-0.13003651950138526,0,0
900.238757316699,81.32922784467303,242.3065498311679,0.15839091341512457,0.0023412740329577185,0.015013667862277239,1.5,0,0,1.3416090865848753,-0.0023412740329577185,-0.015013667862277239,-0.15734874063353152,-0.15947302449936512,0,0
1411.3480414449798,79.36799805452281,328.72509627198025,0.18827925321356737,0.0027900413590674408,0.015013667862277239,1.5,0,0,1.3117207467864327,-0.0027900413590674408,-0.015013667862277239,-0.18724044931704714,-0.18936473318288075,0,0
1284.2268420173286,79.36799805452281,265.2554052777127,0.21801587555110438,0.0032365306784456417,0.015013667862277239,1.5,0,0,1.2819841244488956,-0.0032365306784456417,-0.015013667862277239,-0.2169804234387175,-0.21910470730455112,0,0
1284.2268420173286,88.5727896902875,323.12240163650586,0.24782759798959184,0.0037321149751733873,0.018230882404193783,1.5,0,0,1.2521724020104081,-0.0037321149751733873,-0.018230882404193783,-0.24656866299854263,-0.24914815054991202,0,0
1284.2268420173286,95.30295822324965,265.2554052777127,0.27756262998380854,0.004274270912641779,0.018230882404193783,1.5,0,0,1.2224373700161915,-0.004274270912641779,-0.018230882404193783,-0.27630863712021303,-0.2788881246715824,0,0
1284.2268420173286,77.79950406996568,471.8179059817352,0.3065401817511987,0.004740446127447209,0.013941263014971717,1.5,0,0,1.1934598182488014,-0.004740446127447209,-0.013941263014971717,-0.3055934075563476,-0.307565956860336,0,0
187.6483042942066,69.47032576649053,185.91929651913173,0.33620162337638526,0.005138083367838095,0.012868858167666218,1.5,0,0,1.1637983766236148,-0.005138083367838095,-0.012868858167666218,-0.335333381678018,-0.3371541964201611,0,0
1284.2268420173286,83.38264517783642,288.9697116820819,0.36601478593060094,0.005537754558307708,0.013941263014971741,1.5,0,0,1.1339852140693991,-0.005537754558307708,-0.013941263014971741,-0.3650733557996884,-0.36704590510367674,0,0
624.3377665398167,75.99135610686974,288.9697116820819,0.3957526908237239,0.005888572638225663,0.009651643625749676,1.5,0,0,1.1042473091762761,-0.005888572638225663,-0.009651643625749676,-0.3951167990450493,-0.3964824101016566,0,0
1284.2268420173286,64.767717284378,360.20900612823414,0.4254918269875557,0.00611182358826602,0.005362024236527609,1.5,0,0,1.0745081730124442,-0.00611182358826602,-0.005362024236527609,-0.4251602422904102,-0.4259189150996364,0,0
602.1580731583105,61.599435781669065,268.9169663380496,0.4552315274894747,0.006239396366651531,0.0032172145419165884,1.5,0,0,1.0447684725105253,-0.006239396366651531,-0.0032172145419165884,-0.45505195097392587,-0.45550715465946157,0,0
1284.2268420173286,67.75651089553122,417.22151175368833,0.4852746943230459,0.006368270908081791,0.005362024236527609,1.5,0,0,1.014725305676954,-0.006368270908081791,-0.005362024236527609,-0.4849436596574415,-0.4857023324666677,0,0
1284.2268420173286,72.59760196071355,367.3069052663625,0.5149380804816321,0.0065750467913280285,0.008579238778444152,1.5,0,0,0.9850619195183679,-0.0065750467913280285,-0.008579238778444152,-0.5143801646554214,-0.5155940411501834,0,0
251.60762066022812,73.6975442509615,209.13650375320472,0.5446766694119399,0.0068620819665177754,0.010724048473055173,1.5,0,0,0.9553233305880601,-0.0068620819665177754,-0.010724048473055173,-0.5439684042152465,-0.545485749833699,0,0
602.1580731583105,79.6887422048836,185.91929651913173,0.5744906206107848,0.007197808726654623,0.011796453320360696,1.5,0,0,0.9255093793892152,-0.007197808726654623,-0.011796453320360696,-0.5737083783369169,-0.5753774585172147,0,0
1284.2268420173286,85.53518482670935,225.71785045590883,0.6037737071123883,0.007511854004779102,0.009651643625749676,1.5,0,0,0.8962262928876117,-0.007511854004779102,-0.009651643625749676,-0.6031448833348968,-0.6045104943915041,0,0
1411.3480414449798,72.32728403086773,265.2554052777127,0.6330573998267047,0.007763091960904123,0.007506833931138655,1.5,0,0,0.8669426001732953,-0.007763091960904123,-0.007506833931138655,-0.6325813883328767,-0.6336435302657935,0,0
248.42442609070224,63.466481404640184,448.2028325964311,0.6565759188146257,0.007889200038317461,0.0032172145419166135,1.5,0,0,0.8434240811853743,-0.007889200038317461,-0.0032172145419166135,-0.6564037145425821,-0.6568589182281178,0,0
1284.2268420173286,70.74309622023037,399.01729906632625,0.6859364510121689,0.007967916169537126,0.0021448096946111153,1.5,0,0,0.8140635489878311,-0.007967916169537126,-0.0021448096946111153,-0.685840219540562,-0.6861436886642525,0,0
1284.2268420173286,77.18804967871625,202.78305134967044,0.7155244183482617,0.008094838066400262,0.006434429083833157,1.5,0,0,0.7844755816517383,-0.008094838066400262,-0.006434429083833157,-0.7151249899766966,-0.7160353973477681,0,0
602.1580731583105,85.90410486184942,159.58252707905322,0.7447323767402588,0.008329763803434123,0.0096516436257497,1.5,0,0,0.7552676232597412,-0.008329763803434123,-0.0096516436257497,-0.7441062912891407,-0.745471902345748,0,0
1284.2268420173286,103.08353533160607,176.198566643824,0.7743192381760242,0.008615334513444333,0.0096516436257497,1.5,0,0,0.7256807618239758,-0.008615334513444333,-0.0096516436257497,-0.7736945308489659,-0.7750601419055732,0,0
1284.2268420173286,110.97077873540402,173.18670720903205,0.7979884687161803,0.008869174220114897,0.01179645332036072,1.5,0,0,0.7020115312838197,-0.008869174220114897,-0.01179645332036072,-0.7972133879349808,-0.7988824681152785,0,0
1284.2268420173286,93.09781934285294,200.75362703878065,0.8273478866353707,0.009136805680538625,0.006434429083833157,1.5,0,0,0.6726521133646293,-0.009136805680538625,-0.006434429083833157,-0.8269533620566512,-0.8278637694277227,0,0
1284.2268420173286,72.32728403086773,180.92431015592842,0.8567839684654138,0.009294644177430157,0.004289619389222136,1.5,0,0,0.6432160315345862,-0.009294644177430157,-0.004289619389222136,-0.8565416016164763,-0.8571485398638573,0,0
1284.2268420173286,64.767717284378,125.29273453547381,0.8861445681954314,0.009341873892373044,-0.001072404847305428,1.5,0,0,0.6138554318045686,-0.009341873892373044,0.001072404847305428,-0.8862815757381467,-0.8861298411763014,0,0
900.238757316699,62.21088813178245,171.72011046907937,0.9154291870761365,0.00924765866559806,-0.005362024236527495,1.5,0,0,0.5845708129238635,-0.00924765866559806,0.005362024236527495,-0.9158698152979718,-0.9151111424887456,0,0
1284.2268420173286,75.99135610686974,76.88563626605912,0.9450168141337381,0.009057276550137423,-0.007506833931138515,1.5,0,0,0.5549831858662619,-0.009057276550137423,0.007506833931138515,-0.9456097894196422,-0.9445476474867255,0,0
1284.2268420173286,92.66842176880655,108.6000844939372,0.9746042200110198,0.00883516463555646,-0.007506833931138515,1.5,0,0,0.5253957799889802,-0.00883516463555646,0.007506833931138515,-0.9751980289794674,-0.9741358870465506,0,0
1411.3480414449798,89.76495072901147,75.99135610686974,1.004571067920589,0.008626273398005917,-0.006434429083832993,1.5,0,0,0.49542893207941097,-0.008626273398005917,0.006434429083832993,-1.005089737662983,-1.0041793302919115,0,0
1284.2268420173286,90.16911060094986,73.9772983740448,1.0345376745825081,0.008385245693776374,-0.009651643625749537,1.5,0,0,0.4654623254174919,-0.008385245693776374,0.009651643625749537,-1.035284915470189,-1.033919304413582,0,0
1284.2268420173286,92.2427776670329,73.6975442509615,1.0647324183153875,0.008223339194387643,-0.0010724048473054297,1.5,0,0,0.43526758168461255,-0.008223339194387643,0.0010724048473054297,-1.0648731550300141,-1.0647214204681692,0,0
1284.2268420173286,92.66842176880655,76.88563626605912,1.0950033546120792,0.008304496135877684,0.00643442908383318,1.5,0,0,0.4049966453879208,-0.008304496135877684,-0.00643442908383318,-1.0946131291516845,-1.0955235365227565,0,0
624.3377665398167,88.96683466233691,70.2289601667081,1.1250438783007217,0.008723326112512706,0.021448096946110377,1.5,0,0,0.3749561216992783,-0.008723326112512706,-0.021448096946110377,-1.1235944304641285,-1.1266291217010342,0,0
602.1580731583105,93.53102222430564,82.00312876373096,1.155001111269534,0.009510601183046035,0.031099740571859984,1.5,0,0,0.344998888730466,-0.009510601183046035,-0.031099740571859984,-1.152879200900263,-1.1572795031937761,0,0
236.49825525583836,88.96683466233691,87.79450977305973,1.1843480367297994,0.010407826451255795,0.030027335724554485,1.5,0,0,0.3156519632702006,-0.010407826451255795,-0.030027335724554485,-1.182315705898243,-1.1865642736299107,0,0
1284.2268420173286,93.96808322544976,103.61058678886198,1.2142262706323905,0.011305259948632464,0.030027335724554485,1.5,0,0,0.2857737293676095,-0.011305259948632464,-0.030027335724554485,-1.2122074145817585,-1.2164559823134262,0,0
1284.2268420173286,87.02903054016306,99.04654639912101,1.2434978398872134,0.012184471446062398,0.030027335724554485,1.5,0,0,0.2565021601127866,-0.012184471446062398,-0.030027335724554485,-1.241492185017893,-1.2457407527495608,0,0
1284.2268420173286,92.2427776670329,103.08353533160607,1.2729982955162154,0.013023062651493049,0.026810121182637967,1.5,0,0,0.22700170448378465,-0.013023062651493049,-0.026810121182637967,-1.2712321591395634,-1.2750255231856953,0,0
1180.1265773010464,95.7560002023429,103.61058678886198,1.302956355536279,0.013778210993632927,0.023592906640721424,1.5,0,0,0.1970436444637209,-0.013778210993632927,-0.023592906640721424,-1.3014273369467695,-1.3047654973073657,0,0
1284.2268420173286,94.8539958627646,102.04483787812359,1.3332193547613589,0.0144760996884475,0.0225205017934159,1.5,0,0,0.1667806452386411,-0.0144760996884475,-0.0225205017934159,-1.331774249315821,-1.3349606751145717,0,0
1284.2268420173286,92.66842176880655,106.88588226030939,1.3637102679739794,0.015162886464631252,0.0225205017934159,1.5,0,0,0.13628973202602057,-0.015162886464631252,-0.0225205017934159,-1.3622728962467177,-1.3654593220454685,0,0
215.92040254306553,85.16922919230018,90.16911060094986,1.3935951015162533,0.015803957576707838,0.020375692098804854,1.5,0,0,0.10640489848374668,-0.015803957576707838,-0.020375692098804854,-1.3923163394920786,-1.395199296167139,0,0
1284.2268420173286,92.2427776670329,103.08353533160607,1.4227232961228329,0.016335049107289123,0.016086072709582813,1.5,0,0,0.07727670387716712,-0.016335049107289123,-0.016086072709582813,-1.4217528444900585,-1.4240288629177378,0,0
1284.2268420173286,93.09781934285294,105.22351709380416,1.4468477041733767,0.016593770346780275,0.0053620242365276845,1.5,0,0,0.053152295826623286,-0.016593770346780275,-0.0053620242365276845,-1.4466373126326806,-1.4473959854419074,0,0
1284.2268420173286,90.16911060094986,103.08353533160607,1.4648282264886587,0.016564846722900525,-0.008579238778443988,1.5,0,0,0.035171773511341264,-0.016564846722900525,0.008579238778443988,-1.4656041328633378,-1.4643902563685762,0,0
1411.3480414449798,90.16911060094986,100.52415418066585,1.4760554929177474,0.016408314307390467,-0.01930328725149913,1.5,0,0,0.023944507082252597,-0.016408314307390467,0.01930328725149913,-1.477591163249113,-1.474859941135899,0,0
1284.2268420173286,87.79450977305973,99.53441397948464,1.4858395232664063,0.016172188545005756,-0.028954930877248736,1.5,0,0,0.014160476733593663,-0.016172188545005756,0.028954930877248736,-1.4880608480164357,-1.4839640148466144,0,0
1284.2268420173286,90.16911060094986,100.02692680886574,1.4910717462673286,0.016006606992901632,-0.03431695511377629,1.5,0,0,0.008928253732671365,-0.016006606992901632,0.03431695511377629,-1.49367502680471,-1.4888195208256627,0,0
471.8179059817352,89.36420701132127,101.5330368193872,1.4939528978135268,0.015904602296383092,-0.036461764808387316,1.5,0,0,0.006047102186473197,-0.015904602296383092,0.036461764808387316,-1.4967097180416151,-1.4915507429388772,0,0
1411.3480414449798,90.98786202822609,99.04654639912101,1.4939528978135268,0.015904602296383092,-0.036461764808387316,1.5,0,0,0.006047102186473197,-0.015904602296383092,0.036461764808387316,-1.4967097180416151,-1.4915507429388772,0,0
1411.3480414449798,90.16911060094986,101.02616679983112,1.4939528978135268,0.015904602296383092,-0.036461764808387316,1.5,0,0,0.006047102186473197,-0.015904602296383092,0.036461764808387316,-1.4967097180416151,-1.4915507429388772,0,0
251.60762066022812,84.8062010048873,93.53102222430564,1.4939528978135268,0.015904602296383092,-0.036461764808387316,1.5,0,0,0.006047102186473197,-0.015904602296383092,0.036461764808387316,-1.4967097180416151,-1.4915507429388772,0,0
1284.2268420173286,92.2427776670329,75.40573089722304,1.4939528978135268,0.015904602296383092,-0.036461764808387316,1.5,0,0,0.006047102186473197,-0.015904602296383092,0.036461764808387316,-1.4967097180416151,-1.4915507429388772,0,0
562.6000187683081,93.96808322544976,94.40905615911757,1.4939528978135268,0.015904602296383092,-0.036461764808387316,1.5,0,0,0.006047102186473197,-0.015904602296383092,0.036461764808387316,-1.4967097180416151,-1.4915507429388772,0,0
1284.2268420173286,89.76495072901147,79.04963861634155,1.4939528978135268,0.015904602296383092,-0.036461764808387316,1.5,0,0,0.006047102186473197,-0.015904602296383092,0.036461764808387316,-1.4967097180416151,-1.4915507429388772,0,0
1284.2268420173286,91.40254728973653,62.21088813178245,1.4939528978135268,0.015904602296383092,-0.036461764808387316,1.5,0,0,0.006047102186473197,-0.015904602296383092,0.036461764808387316,-1.4967097180416151,-1.4915507429388772,0,0
1284.2268420173286,87.79450977305973,48.719098859537986,1.4939528978135268,0.015904602296383092,-0.036461764808387316,1.5,0,0,0.006047102186473197,-0.015904602296383092,0.036461764808387316,-1.4967097180416151,-1.4915507429388772,0,0
1284.2268420173286,88.5727896902875,53.867377246779164,1.4939528978135268,0.015904602296383092,-0.036461764808387316,1.5,0,0,0.006047102186473197,-0.015904602296383092,0.036461764808387316,-1.4967097180416151,-1.4915507429388772,0,0
602.1580731583105,84.44606393366254,60.40777364647001,1.4939528978135268,0.015904602296383092,-0.036461764808387316,1.5,0,0,0.006047102186473197,-0.015904602296383092,0.036461764808387316,-1.4967097180416151,-1.4915507429388772,0,0
1284.2268420173286,90.16911060094986,65.21205562750623,1.4939528978135268,0.015904602296383092,-0.036461764808387316,1.5,0,0,0.006047102186473197,-0.015904602296383092,0.036461764808387316,-1.4967097180416151,-1.4915507429388772,0,0
417.22151175368833,76.58539900875073,61.397967211159504,1.4939528978135268,0.015904602296383092,-0.036461764808387316,1.5,0,0,0.006047102186473197,-0.015904602296383092,0.036461764808387316,-1.4967097180416151,-1.4915507429388772,0,0
251.60762066022812,82.00312876373096,72.05879380612686,1.4939528978135268,0.015904602296383092,-0.036461764808387316,1.5,0,0,0.006047102186473197,-0.015904602296383092,0.036461764808387316,-1.4967097180416151,-1.4915507429388772,0,0
1284.2268420173286,87.79450977305973,76.88563626605912,1.4939528978135268,0.015904602296383092,-0.036461764808387316,1.5,0,0,0.006047102186473197,-0.015904602296383092,0.036461764808387316,-1.4967097180416151,-1.4915507429388772,0,0
1284.2268420173286,89.76495072901147,72.32728403086773,1.4939528978135268,0.015904602296383092,-0.036461764808387316,1.5,0,0,0.006047102186473197,-0.015904602296383092,0.036461764808387316,-1.4967097180416151,-1.4915507429388772,0,0
1284.2268420173286,87.79450977305973,71.26409887021845,1.4939528978135268,0.015904602296383092,-0.036461764808387316,1.5,0,0,0.006047102186473197,-0.015904602296383092,0.036461764808387316,-1.4967097180416151,-1.4915507429388772,0,0
624.3377665398167,84.8062010048873,61.802071720251114,1.4939528978135268,0.015904602296383092,-0.036461764808387316,1.5,0,0,0.006047102186473197,-0.015904602296383092,0.036461764808387316,-1.4967097180416151,-1.4915507429388772,0,0
1284.2268420173286,89.36420701132127,67.99665713203012,1.4939528978135268,0.015904602296383092,-0.036461764808387316,1.5,0,0,0.006047102186473197,-0.015904602296383092,0.036461764808387316,-1.4967097180416151,-1.4915507429388772,0,0
213.60849807698625,80.33749690282312,58.14195534124432,1.4939528978135268,0.015904602296383092,-0.036461764808387316,1.5,0,0,0.006047102186473197,-0.015904602296383092,0.036461764808387316,-1.4967097180416151,-1.4915507429388772,0,0
1284.2268420173286,90.16911060094986,64.98920973082122,1.4939528978135268,0.015904602296383092,-0.036461764808387316,1.5,0,0,0.006047102186473197,-0.015904602296383092,0.036461764808387316,-1.4967097180416151,-1.4915507429388772,0,0
1284.2268420173286,89.76495072901147,66.34704544306035,1.4939528978135268,0.015904602296383092,-0.036461764808387316,1.5,0,0,0.006047102186473197,-0.015904602296383092,0.036461764808387316,-1.4967097180416151,-1.4915507429388772,0,0
1284.2268420173286,89.76495072901147,64.98920973082122,1.4939528978135268,0.015904602296383092,-0.036461764808387316,1.5,0,0,0.006047102186473197,-0.015904602296383092,0.036461764808387316,-1.4967097180416151,-1.4915507429388772,0,0
251.60762066022812,82.34399565000513,60.01951173605402,1.4939528978135268,0.015904602296383092,-0.036461764808387316,1.5,0,0,0.006047102186473197,-0.015904602296383092,0.036461764808387316,-1.4967097180416151,-1.4915507429388772,0,0
417.22151175368833,84.44606393366254,57.06386143042885,1.4939528978135268,0.015904602296383092,-0.036461764808387316,1.5,0,0,0.006047102186473197,-0.015904602296383092,0.036461764808387316,-1.4967097180416151,-1.4915507429388772,0,0
1284.2268420173286,90.57673222463723,60.01951173605402,1.4939528978135268,0.015904602296383092,-0.036461764808387316,1.5,0,0,0.006047102186473197,-0.015904602296383092,0.036461764808387316,-1.4967097180416151,-1.4915507429388772,0,0
1180.1265773010464,90.57673222463723,57.59853319318177,1.4939528978135268,0.015904602296383092,-0.036461764808387316,1.5,0,0,0.006047102186473197,-0.015904602296383092,0.036461764808387316,-1.4967097180416151,-1.4915507429388772,0,0
1284.2268420173286,87.41019065628254,57.2411266723497,1.4939528978135268,0.015904602296383092,-0.036461764808387316,1.5,0,0,0.006047102186473197,-0.015904602296383092,0.036461764808387316,-1.4967097180416151,-1.4915507429388772,0,0
1284.2268420173286,89.76495072901147,57.95982861765,1.4939528978135268,0.015904602296383092,-0.036461764808387316,1.5,0,0,0.006047102186473197,-0.015904602296383092,0.036461764808387316,-1.4967097180416151,-1.4915507429388772,0,0
1411.3480414449798,88.5727896902875,59.255959637469736,1.4939528978135268,0.015904602296383092,-0.036461764808387316,1.5,0,0,0.006047102186473197,-0.015904602296383092,0.036461764808387316,-1.4967097180416151,-1.4915507429388772,0,0
1284.2268420173286,90.57673222463723,63.89502910136053,1.4939528978135268,0.015904602296383092,-0.036461764808387316,1.5,0,0,0.006047102186473197,-0.015904602296383092,0.036461764808387316,-1.4967097180416151,-1.4915507429388772,0,0
624.3377665398167,89.36420701132127,63.466481404640184,1.4939528978135268,0.015904602296383092,-0.036461764808387316,1.5,0,0,0.006047102186473197,-0.015904602296383092,0.036461764808387316,-1.4967097180416151,-1.4915507429388772,0,0
1284.2268420173286,90.16911060094986,63.89502910136053,1.4939528978135268,0.015904602296383092,-0.036461764808387316,1.5,0,0,0.006047102186473197,-0.015904602296383092,0.036461764808387316,-1.4967097180416151,-1.4915507429388772,0,0
1411.3480414449798,87.41019065628254,63.254114597104426,1.4939528978135268,0.015904602296383092,-0.036461764808387316,1.5,0,0,0.006047102186473197,-0.015904602296383092,0.036461764808387316,-1.4967097180416151,-1.4915507429388772,0,0
1411.3480414449798,90.98786202822609,64.1112337943502,1.4939528978135268,0.015904602296383092,-0.036461764808387316,1.5,0,0,0.006047102186473197,-0.015904602296383092,0.036461764808387316,-1.4967097180416151,-1.4915507429388772,0,0
1284.2268420173286,88.18202887947652,79.04963861634155,1.4939528978135268,0.015904602296383092,-0.036461764808387316,1.5,0,0,0.006047102186473197,-0.015904602296383092,0.036461764808387316,-1.4967097180416151,-1.4915507429388772,0,0
251.60762066022812,84.8062010048873,90.16911060094986,1.4939528978135268,0.015904602296383092,-0.036461764808387316,1.5,0,0,0.006047102186473197,-0.015904602296383092,0.036461764808387316,-1.4967097180416151,-1.4915507429388772,0,0
1284.2268420173286,86.2760268879407,100.52415418066585,1.4939528978135268,0.015904602296383092,-0.036461764808387316,1.5,0,0,0.006047102186473197,-0.015904602296383092,0.036461764808387316,-1.4967097180416151,-1.4915507429388772,0,0
602.1580731583105,87.41019065628254,93.96808322544976,1.4939528978135268,0.015904602296383092,-0.036461764808387316,1.5,0,0,0.006047102186473197,-0.015904602296383092,0.036461764808387316,-1.4967097180416151,-1.4915507429388772,0,0
1284.2268420173286,90.16911060094986,100.52415418066585,1.4939528978135268,0.015904602296383092,-0.036461764808387316,1.5,0,0,0.006047102186473197,-0.015904602296383092,0.036461764808387316,-1.4967097180416151,-1.4915507429388772,0,0
1284.2268420173286,87.41019065628254,99.53441397948464,1.4939528978135268,0.015904602296383092,-0.036461764808387316,1.5,0,0,0.006047102186473197,-0.015904602296383092,0.036461764808387316,-1.4967097180416151,-1.4915507429388772,0,0
1284.2268420173286,90.16911060094986,100.02692680886574,1.4939528978135268,0.015904602296383092,-0.036461764808387316,1.5,0,0,0.006047102186473197,-0.015904602296383092,0.036461764808387316,-1.4967097180416151,-1.4915507429388772,0,0
417.22151175368833,85.53518482670935,87.41019065628254,1.4939528978135268,0.015904602296383092,-0.036461764808387316,1.5,0,0,0.006047102186473197,-0.015904602296383092,0.036461764808387316,-1.4967097180416151,-1.4915507429388772,0,0
1284.2268420173286,90.57673222463723,102.56164513946942,1.4939528978135268,0.015904602296383092,-0.036461764808387316,1.5,0,0,0.006047102186473197,-0.015904602296383092,0.036461764808387316,-1.4967097180416151,-1.4915507429388772,0,0
624.3377665398167,85.16922919230018,87.79450977305973,1.4939528978135268,0.015904602296383092,-0.036461764808387316,1.5,0,0,0.006047102186473197,-0.015904602296383092,0.036461764808387316,-1.4967097180416151,-1.4915507429388772,0,0
239.3652489782259,84.8062010048873,93.09781934285294,1.4939528978135268,0.015904602296383092,-0.036461764808387316,1.5,0,0,0.006047102186473197,-0.015904602296383092,0.036461764808387316,-1.4967097180416151,-1.4915507429388772,0,0
602.1580731583105,83.73432085224402,96.67455639633857,1.4939528978135268,0.015904602296383092,-0.036461764808387316,1.5,0,0,0.006047102186473197,-0.015904602296383092,0.036461764808387316,-1.4967097180416151,-1.4915507429388772,0,0
1284.2268420173286,89.76495072901147,100.02692680886574,1.4939528978135268,0.015904602296383092,-0.036461764808387316,1.5,0,0,0.006047102186473197,-0.015904602296383092,0.036461764808387316,-1.4967097180416151,-1.4915507429388772,0,0
1284.2268420173286,88.5727896902875,100.02692680886574,1.4939528978135268,0.015904602296383092,-0.036461764808387316,1.5,0,0,0.006047102186473197,-0.015904602296383092,0.036461764808387316,-1.4967097180416151,-1.4915507429388772,0,0
215.92040254306553,84.08878225753256,82.68751571021457,1.4939528978135268,0.015904602296383092,-0.036461764808387316,1.5,0,0,0.006047102186473197,-0.015904602296383092,0.036461764808387316,-1.4967097180416151,-1.4915507429388772,0,0
1284.2268420173286,89.76495072901147,99.53441397948464,1.4939528978135268,0.015904602296383092,-0.036461764808387316,1.5,0,0,0.006047102186473197,-0.015904602296383092,0.036461764808387316,-1.4967097180416151,-1.4915507429388772,0,0
1411.3480414449798,87.02903054016306,100.52415418066585,1.4939528978135268,0.015904602296383092,-0.036461764808387316,1.5,0,0,0.006047102186473197,-0.015904602296383092,0.036461764808387316,-1.4967097180416151,-1.4915507429388772,0,0
1180.1265773010464,91.40254728973653,100.02692680886574,1.4939528978135268,0.015904602296383092,-0.036461764808387316,1.5,0,0,0.006047102186473197,-0.015904602296383092,0.036461764808387316,-1.4967097180416151,-1.4915507429388772,0,0
1284.2268420173286,90.57673222463723,99.04654639912101,1.4939528978135268,0.015904602296383092,-0.036461764808387316,1.5,0,0,0.006047102186473197,-0.015904602296383092,0.036461764808387316,-1.4967097180416151,-1.4915507429388772,0,0
1284.2268420173286,89.36420701132127,100.02692680886574,1.4939528978135268,0.015904602296383092,-0.036461764808387316,1.5,0,0,0.006047102186473197,-0.015904602296383092,0.036461764808387316,-1.4967097180416151,-1.4915507429388772,0,0
1284.2268420173286,87.79450977305973,101.02616679983112,1.4939528978135268,0.015904602296383092,-0.036461764808387316,1.5,0,0,0.006047102186473197,-0.015904602296383092,0.036461764808387316,-1.4967097180416151,-1.4915507429388772,0,0
1284.2268420173286,90.98786202822609,102.04483787812359,1.4939528978135268,0.015904602296383092,-0.036461764808387316,1.5,0,0,0.006047102186473197,-0.015904602296383092,0.036461764808387316,-1.4967097180416151,-1.4915507429388772,0,0
1284.2268420173286,90.16911060094986,100.02692680886574,1.4939528978135268,0.015904602296383092,-0.036461764808387316,1.5,0,0,0.006047102186473197,-0.015904602296383092,0.036461764808387316,-1.4967097180416151,-1.4915507429388772,0,0
251.60762066022812,82.34399565000513,96.21317986298715,1.4939528978135268,0.015904602296383092,-0.036461764808387316,1.5,0,0,0.006047102186473197,-0.015904602296383092,0.036461764808387316,-1.4967097180416151,-1.4915507429388772,0,0
1284.2268420173286,87.41019065628254,99.53441397948464,1.4939528978135268,0.015904602296383092,-0.036461764808387316,1.5,0,0,0.006047102186473197,-0.015904602296383092,0.036461764808387316,-1.4967097180416151,-1.4915507429388772,0,0
512.8513118946122,85.53518482670935,87.41019065628254,1.4939528978135268,0.015904602296383092,-0.036461764808387316,1.5,0,0,0.006047102186473197,-0.015904602296383092,0.036461764808387316,-1.4967097180416151,-1.4915507429388772,0,0
1284.2268420173286,90.98786202822609,103.08353533160607,1.4939528978135268,0.015904602296383092,-0.036461764808387316,1.5,0,0,0.006047102186473197,-0.015904602296383092,0.036461764808387316,-1.4967097180416151,-1.4915507429388772,0,0
1284.2268420173286,89.76495072901147,102.56164513946942,1.4939528978135268,0.015904602296383092,-0.036461764808387316,1.5,0,0,0.006047102186473197,-0.015904602296383092,0.036461764808387316,-1.4967097180416151,-1.4915507429388772,0,0
1284.2268420173286,89.36420701132127,96.67455639633857,1.4939528978135268,0.015904602296383092,-0.036461764808387316,1.5,0,0,0.006047102186473197,-0.015904602296383092,0.036461764808387316,-1.4967097180416151,-1.4915507429388772,0,0
1284.2268420173286,90.57673222463723,100.52415418066585,1.4939528978135268,0.015904602296383092,-0.036461764808387316,1.5,0,0,0.006047102186473197,-0.015904602296383092,0.036461764808387316,-1.4967097180416151,-1.4915507429388772,0,0
624.3377665398167,82.34399565000513,87.79450977305973,1.4939528978135268,0.015904602296383092,-0.036461764808387316,1.5,0,0,0.006047102186473197,-0.015904602296383092,0.036461764808387316,-1.4967097180416151,-1.4915507429388772,0,0
1180.1265773010464,90.57673222463723,99.53441397948464,1.4939528978135268,0.015904602296383092,-0.036461764808387316,1.5,0,0,0.006047102186473197,-0.015904602296383092,0.036461764808387316,-1.4967097180416151,-1.4915507429388772,0,0
437.33222201576723,90.16911060094986,87.41019065628254,1.4939528978135268,0.015904602296383092,-0.036461764808387316,1.5,0,0,0.006047102186473197,-0.015904602296383092,0.036461764808387316,-1.4967097180416151,-1.4915507429388772,0,0
900.238757316699,87.79450977305973,100.52415418066585,1.4939528978135268,0.015904602296383092,-0.036461764808387316,1.5,0,0,0.006047102186473197,-0.015904602296383092,0.036461764808387316,-1.4967097180416151,-1.4915507429388772,0,0
1284.2268420173286,90.16911060094986,100.02692680886574,1.4939528978135268,0.015904602296383092,-0.036461764808387316,1.5,0,0,0.006047102186473197,-0.015904602296383092,0.036461764808387316,-1.4967097180416151,-1.4915507429388772,0,0
624.3377665398167,83.38264517783642,87.41019065628254,1.4939528978135268,0.015904602296383092,-0.036461764808387316,1.5,0,0,0.006047102186473197,-0.015904602296383092,0.036461764808387316,-1.4967097180416151,-1.4915507429388772,0,0
602.1580731583105,83.38264517783642,90.98786202822609,1.4939528978135268,0.015904602296383092,-0.036461764808387316,1.5,0,0,0.006047102186473197,-0.015904602296383092,0.036461764808387316,-1.4967097180416151,-1.4915507429388772,0,0
1284.2268420173286,90.16911060094986,101.02616679983112,1.4939528978135268,0.015904602296383092,-0.036461764808387316,1.5,0,0,0.006047102186473197,-0.015904602296383092,0.036461764808387316,-1.4967097180416151,-1.4915507429388772,0,0
1284.2268420173286,89.76495072901147,99.53441397948464,1.4939528978135268,0.015904602296383092,-0.036461764808387316,1.5,0,0,0.006047102186473197,-0.015904602296383092,0.036461764808387316,-1.4967097180416151,-1.4915507429388772,0,0
1284.2268420173286,92.2427776670329,101.02616679983112,1.4939528978135268,0.015904602296383092,-0.036461764808387316,1.5,0,0,0.006047102186473197,-0.015904602296383092,0.036461764808387316,-1.4967097180416151,-1.4915507429388772,0,0
624.3377665398167,83.73432085224402,93.53102222430564,1.4939528978135268,0.015904602296383092,-0.036461764808387316,1.5,0,0,0.006047102186473197,-0.015904602296383092,0.036461764808387316,-1.4967097180416151,-1.4915507429388772,0,0
1284.2268420173286,87.79450977305973,97.14019014961423,1.4939528978135268,0.015904602296383092,-0.036461764808387316,1.5,0,0,0.006047102186473197,-0.015904602296383092,0.036461764808387316,-1.4967097180416151,-1.4915507429388772,0,0
251.60762066022812,83.38264517783642,93.09781934285294,1.4939528978135268,0.015904602296383092,-0.036461764808387316,1.5,0,0,0.006047102186473197,-0.015904602296383092,0.036461764808387316,-1.4967097180416151,-1.4915507429388772,0,0
1284.2268420173286,88.18202887947652,100.52415418066585,1.4939528978135268,0.015904602296383092,-0.036461764808387316,1.5,0,0,0.006047102186473197,-0.015904602296383092,0.036461764808387316,-1.4967097180416151,-1.4915507429388772,0,0
1284.2268420173286,88.18202887947652,99.53441397948464,1.4939528978135268,0.015904602296383092,-0.036461764808387316,1.5,0,0,0.006047102186473197,-0.015904602296383092,0.036461764808387316,-1.4967097180416151,-1.4915507429388772,0,0
1284.2268420173286,87.41019065628254,99.53441397948464,1.4939528978135268,0.015904602296383092,-0.036461764808387316,1.5,0,0,0.006047102186473197,-0.015904602296383092,0.036461764808387316,-1.4967097180416151,-1.4915507429388772,0,0
1411.3480414449798,88.5727896902875,100.02692680886574,1.4939528978135268,0.015904602296383092,-0.036461764808387316,1.5,0,0,0.006047102186473197,-0.015904602296383092,0.036461764808387316,-1.4967097180416151,-1.4915507429388772,0,0
1284.2268420173286,89.36420701132127,99.04654639912101,1.4939528978135268,0.015904602296383092,-0.036461764808387316,-0.006047102186473197,0,0,-1.5,-0.015904602296383092,0.036461764808387316,-1.4967097180416151,-1.4915507429388772,0,0
251.60762066022812,84.8062010048873,93.09781934285294,1.4873564528934116,0.016134602368208014,-0.03324455026647079,-0.006047102186473197,0,0,-1.4934035550798848,-0.016134602368208014,0.03324455026647079,-1.4898816627585785,-1.4851778913413765,0,0
1284.2268420173286,84.08878225753256,82.34399565000513,1.4590669430516805,0.016847691815342625,-0.017158477556888117,-0.006047102186473197,0,0,-1.4651140452381537,-0.016847691815342625,0.017158477556888117,-1.4604451577605986,-1.4580174047710754,0,0
272.6876389629632,93.53102222430564,102.56164513946942,1.4279628066704912,0.017147907177148224,-0.002144809694610972,-0.006047102186473197,0,0,-1.4340099088569644,-0.017147907177148224,0.002144809694610972,-1.4282774306494042,-1.4279739615257145,0,0
624.3377665398167,87.79450977305973,89.76495072901147,1.3974645981764775,0.016984373476760607,0.012868858167666199,-0.006047102186473197,0,0,-1.4035117003629507,-0.016984373476760607,-0.012868858167666199,-1.3967166417855907,-1.3985374565277346,0,0
1284.2268420173286,92.2427776670329,105.77203060255431,1.3669693885344114,0.0165264941237248,0.017158477556888267,-0.006047102186473197,0,0,-1.3730164907208846,-0.0165264941237248,-0.017158477556888267,-1.3659145257310035,-1.3683422787205286,0,0
1284.2268420173286,92.2427776670329,102.56164513946942,1.3370845549921375,0.015885423011648216,0.025737716335332374,-0.006047102186473197,0,0,-1.3431316571786107,-0.015885423011648216,-0.025737716335332374,-1.3354158788001067,-1.339057508284394,0,0
1284.2268420173286,92.2427776670329,105.77203060255431,1.3072073006821565,0.014955948473594676,0.0364617648083875,-0.006047102186473197,0,0,-1.3132544028686297,-0.014955948473594676,-0.0364617648083875,-1.3047654973073648,-1.3099244724101047,0,0
251.60762066022812,88.96683466233691,95.7560002023429,1.27718750485399,0.013764168094324718,0.04289619389222059,-0.006047102186473197,0,0,-1.2832346070404632,-0.013764168094324718,-0.04289619389222059,-1.274266850376468,-1.2803362328502796,0,0
1284.2268420173286,95.30295822324965,102.04483787812359,1.246792015967323,0.012475844776451861,0.041823789044915065,-0.006047102186473197,0,0,-1.2528391181537961,-0.012475844776451861,-0.041823789044915065,-1.2439199380074166,-1.2498375859193829,0,0
272.6876389629632,87.41019065628254,99.53441397948464,1.2158638639419734,0.011214781621297402,0.039678979350304046,-0.006047102186473197,0,0,-1.2219109661284466,-0.011214781621297402,-0.039678979350304046,-1.2131178219528294,-1.218732000741105,0,0
1180.1265773010464,96.21317986298715,103.08353533160607,1.184781456818,0.010014199819566067,0.03753416965569303,-0.006047102186473197,0,0,-1.1908285590044732,-0.010014199819566067,-0.03753416965569303,-1.182163971336397,-1.1874746810009822,0,0
1284.2268420173286,94.8539958627646,102.04483787812359,1.1540727378415212,0.008976441406070788,0.03002733572455442,-0.006047102186473197,0,0,-1.1601198400279944,-0.008976441406070788,-0.03002733572455442,-1.151968793529191,-1.1562173612608593,0,0
1284.2268420173286,94.8539958627646,102.56164513946942,1.123200831176418,0.008363878161036942,0.009651643625749683,-0.006047102186473197,0,0,-1.129247933362891,-0.008363878161036942,-0.009651643625749683,-1.122532288531211,-1.1238978995878195,0,0
1284.2268420173286,93.96808322544976,100.02692680886574,1.0927785807151327,0.008184438751454824,0.0021448096946110728,-0.006047102186473197,0,0,-1.0988256829016059,-0.008184438751454824,-0.0021448096946110728,-1.0926405798476955,-1.092944048971387,0,0
1284.2268420173286,93.53102222430564,99.53441397948464,1.0625075747919361,0.008135744549226887,0.00107240484730555,-0.006047102186473197,0,0,-1.0685546769784093,-0.008135744549226887,-0.00107240484730555,-1.0624454020404894,-1.0625971366023357,0,0
1284.2268420173286,92.66842176880655,100.02692680886574,1.032312414347743,0.00816812599806586,-0.0032172145419165164,-0.006047102186473197,0,0,-1.038359516534216,-0.00816812599806586,0.0032172145419165164,-1.032553693356974,-1.032098489671439,0,0
1284.2268420173286,93.09781934285294,101.02616679983112,1.002193627731458,0.008345775488350398,-0.008579238778444105,-0.006047102186473197,0,0,-1.0082407299179312,-0.008345775488350398,0.008579238778444105,-1.0028137192353035,-1.0015998427405421,0,0
1284.2268420173286,93.09781934285294,109.18344276436585,0.9720758802665133,0.008652621079011859,-0.01179645332036065,-0.006047102186473197,0,0,-0.9781229824529865,-0.008652621079011859,0.01179645332036065,-0.9729220105517878,-0.9712529303714907,0,0
1411.3480414449798,72.32728403086773,95.7560002023429,0.9421109967832685,0.009054326219560196,-0.015013667862277194,-0.006047102186473197,0,0,-0.9481580989697417,-0.009054326219560196,0.015013667862277194,-0.9431820364301174,-0.9410577525642846,0,0
1284.2268420173286,63.680115630491734,141.82331249922515,0.9108588713199591,0.00962414317424636,-0.021448096946110256,-0.006047102186473197,0,0,-0.9169059735064323,-0.00962414317424636,0.021448096946110256,-0.9123799203755303,-0.9093452291386259,0,0
1284.2268420173286,61.19765556235682,152.41788953728954,0.8796849537021122,0.010309590342934551,-0.02252050179341578,-0.006047102186473197,0,0,-0.8857320558885854,-0.010309590342934551,0.02252050179341578,-0.8812743351972526,-0.878087909398503,0,0
1284.2268420173286,64.767717284378,242.3065498311679,0.847978338404059,0.010921708276189665,-0.01608607270958274,-0.006047102186473197,0,0,-0.8540254405905322,-0.010921708276189665,0.01608607270958274,-0.8491066080860581,-0.8468305896583801,0,0
251.60762066022812,70.48517871055273,166.09994149545804,0.8224133618626578,0.011264428864454955,-0.010724048473055175,-0.006047102186473197,0,0,-0.828460464049131,-0.011264428864454955,0.010724048473055175,-0.8231599980105191,-0.8216426523920675,0,0
1284.2268420173286,119.42733126216413,179.3202830877122,0.7909292051981737,0.01148389687352705,-0.0032172145419165892,-0.006047102186473197,0,0,-0.7969763073846469,-0.01148389687352705,0.0032172145419165892,-0.7911440054611698,-0.790688801775635,0,0
1284.2268420173286,242.3065498311679,174.67928447558052,0.7595201689572291,0.011450213657900582,0.005362024236527518,-0.006047102186473197,0,0,-0.7655672711437023,-0.011450213657900582,-0.005362024236527518,-0.7591280129118205,-0.7598866857210479,0,0
1284.2268420173286,225.71785045590883,170.27879631253745,0.7284163724140751,0.011116642248493755,0.016086072709582646,-0.006047102186473197,0,0,-0.7344634746005483,-0.011116642248493755,-0.016086072709582646,-0.7272637549243166,-0.7295397733519965,0,0
1284.2268420173286,258.2405371440609,132.61463364415852,0.6966349321023725,0.010451935224346832,0.025737716335332252,-0.006047102186473197,0,0,-0.7026820342888457,-0.010451935224346832,-0.025737716335332252,-0.6947925586894316,-0.6984341881737188,0,0
1284.2268420173286,399.01729906632625,135.24881572421333,0.6717624970422869,0.00967815946677942,0.036461764808387406,-0.006047102186473197,0,0,-0.67780959922876,-0.00967815946677942,-0.036461764808387406,-0.6691494177375832,-0.674308392840323,0,0
251.60762066022812,448.2028325964311,140.84502956740286,0.6404483389732337,0.008586320045357658,0.033244550266470885,-0.006047102186473197,0,0,-0.6464954411597069,-0.008586320045357658,-0.033244550266470885,-0.6380438325593055,-0.6427476039765095,0,0
1180.1265773010464,293.3703955349555,153.56624101955603,0.6087501111273375,0.00763422054814079,0.02681012118263785,-0.006047102186473197,0,0,-0.6147972133138107,-0.00763422054814079,-0.02681012118263785,-0.6067865128191826,-0.610579876865315,0,0
1284.2268420173286,236.49825525583836,189.41093412341306,0.5837215237691166,0.007016757422856553,0.022520501793415807,-0.006047102186473197,0,0,-0.5897686259555898,-0.007016757422856553,-0.022520501793415807,-0.5820537792384057,-0.5852402050371571,0,0
1284.2268420173286,293.3703955349555,196.81893899271049,0.5526217336442318,0.0064163546653575165,0.016086072709582747,-0.006047102186473197,0,0,-0.558668835830705,-0.0064163546653575165,-0.016086072709582747,-0.5514033977456638,-0.5536794161733437,0,0
1284.2268420173286,242.3065498311679,223.1819809443389,0.5281944919940648,0.006101986603038544,0.009651643625749684,-0.006047102186473197,0,0,-0.534241594180538,-0.006101986603038544,-0.009651643625749684,-0.5274293369741132,-0.5287949480307216,0,0
1284.2268420173286,307.4777105974586,184.22292190812155,0.4976207205825296,0.005888864656879378,0.004289619389222095,-0.006047102186473197,0,0,-0.5036678227690028,-0.005888864656879378,-0.004289619389222095,-0.49723415916690705,-0.49784109741428917,0,0
769.566351540633,448.2028325964311,200.75362703878065,0.46689468824644154,0.005773536504237619,0.0032172145419165727,-0.006047102186473197,0,0,-0.47294179043291473,-0.005773536504237619,-0.0032172145419165727,-0.46658377767416515,-0.467038981359702,0,0
1284.2268420173286,399.01729906632625,185.91929651913173,0.43639619915306477,0.005675415983088539,0.0032172145419165727,-0.006047102186473197,0,0,-0.44244330133953796,-0.005675415983088539,-0.0032172145419165727,-0.4360851307432685,-0.43654033442880535,0,0
1284.2268420173286,293.3703955349555,211.34777997197892,0.4057458881593705,0.005609676798121734,0.001072404847305552,-0.006047102186473197,0,0,-0.4117929903458437,-0.005609676798121734,-0.001072404847305552,-0.40558648381237183,-0.4057382183742182,0,0
251.60762066022812,194.9110753588243,168.8620920208621,0.380937290864069,0.005622979229393773,-0.0021448096946109917,-0.006047102186473197,0,0,-0.3869843930505422,-0.005622979229393773,0.0021448096946109917,-0.3810054847934402,-0.3807020156697508,0,0
1284.2268420173286,147.99350743133397,187.6483042942066,0.3497560580489278,0.0057400159472598515,-0.005362024236527487,-0.006047102186473197,0,0,-0.355803160235401,-0.0057400159472598515,0.005362024236527487,-0.3500516341770078,-0.3492929613677826,0,0
251.60762066022812,127.64222867598318,168.8620920208621,0.31880284820405236,0.0059391849295879024,-0.0075068339311385075,-0.006047102186473197,0,0,-0.32484995039052555,-0.0059391849295879024,0.0075068339311385075,-0.31924951812242064,-0.3181873761895049,0,0
1284.2268420173286,107.45140018288424,198.76603234393832,0.28762301392674183,0.006256851271557322,-0.012868858167666048,-0.006047102186473197,0,0,-0.29367011611321503,-0.006256851271557322,0.012868858167666048,-0.2884474020678335,-0.2866265873256914,0,0
602.1580731583105,72.59760196071355,317.7208243859324,0.2558384663347746,0.006751136703504649,-0.018230882404193613,-0.006047102186473197,0,0,-0.2618855685212478,-0.006751136703504649,0.018230882404193613,-0.25703834776586526,-0.25445886021449693,0,0
624.3377665398167,106.88588226030939,150.1726803268919,0.22458418411325762,0.007186889103438049,-0.009651643625749506,-0.006047102186473197,0,0,-0.23063128629973081,-0.007186889103438049,0.009651643625749506,-0.22517408977836129,-0.22380847872175502,0,0
1019.267059271828,265.2554052777127,126.06628950603962,0.19340295129811638,0.007303925821304126,0.0021448096946111456,-0.006047102186473197,0,0,-0.19945005348458958,-0.007303925821304126,-0.0021448096946111456,-0.19315809722901206,-0.19346156635270362,0,0
1411.3480414449798,206.97300472647143,42.118643758499466,0.16260170312843342,0.00707270162304804,0.01286885816766625,-0.006047102186473197,0,0,-0.1686488053149066,-0.00707270162304804,-0.01286885816766625,-0.1615973083651986,-0.16341812310734272,0,0
602.1580731583105,158.34116103748556,35.09054457381912,0.1318041212397206,0.00654421013940304,0.021448096946110332,-0.006047102186473197,0,0,-0.1378512234261938,-0.00654421013940304,-0.021448096946110332,-0.1301882540632304,-0.13322294530013656,0,0
1411.3480414449798,135.24881572421333,36.49662013940309,0.10078265085611758,0.0058288304998562745,0.024665311488026875,-0.006047102186473197,0,0,-0.10682975304259078,-0.0058288304998562745,-0.024665311488026875,-0.09893093432310746,-0.10242082924554939,0,0
1284.2268420173286,98.08447665807216,86.65098914560704,0.07051965163103786,0.005130941805041703,0.021448096946110332,-0.006047102186473197,0,0,-0.07656675381751106,-0.005130941805041703,-0.021448096946110332,-0.06888749107774657,-0.07192218231465272,0,0
251.60762066022812,93.96808322544976,37.81003834541127,0.04397105030491677,0.004618402865713258,0.017158477556888267,-0.006047102186473197,0,0,-0.05001815249138997,-0.004618402865713258,-0.017158477556888267,-0.042637411878517106,-0.045065164868042226,0,0
1284.2268420173286,94.40905615911757,35.7417900319635,0.023792964519247204,0.0042937887109011,0.015013667862277221,-0.006047102186473197,0,0,-0.0298400667057204,-0.0042937887109011,-0.015013667862277221,-0.02260844971494318,-0.024732733580777783,0,0
1284.2268420173286,90.16911060094986,35.41390242737805,0.011276592503088352,0.004085718968000138,0.018230882404193766,-0.006047102186473197,0,0,-0.017323694689561547,-0.004085718968000138,-0.018230882404193766,-0.00986274651994159,-0.012442234071311965,0,0
1284.2268420173286,84.08878225753256,36.15817161555471,0.0010365251817395643,0.0038825345992542677,0.021448096946110298,-0.006047102186473197,0,0,-0.007083627368212761,-0.0038825345992542677,-0.021448096946110298,0.0006069382473811429,-0.002427752989525002,0,0
1411.3480414449798,80.99613175561399,36.49662013940309,-0.004803702738889854,0.0037478543248163684,0.02466531148802684,-0.006047102186473197,0,0,-0.0012433994475833429,-0.0037478543248163684,-0.02466531148802684,0.006676320721191424,0.003186425798749507,0,0
1284.2268420173286,79.6887422048836,36.92653473301203,-0.007079028862364481,0.0036917213134268923,0.02466531148802684,-0.006047102186473197,0,0,0.0010319266758912846,-0.0036917213134268923,-0.02466531148802684,0.008952339148870279,0.0054624442264283625,0,0
602.1580731583105,76.28731360165042,35.495445821510074,-0.007154872052288693,0.0036898095454721076,0.025737716335332353,-0.006047102186473197,0,0,0.0011077698658154963,-0.0036898095454721076,-0.025737716335332353,0.009104073710715536,0.0054624442264283625,0,0
1284.2268420173286,80.99613175561399,36.411556150709906,-0.007154872052288693,0.0036898095454721076,0.025737716335332353,-0.006047102186473197,0,0,0.0011077698658154963,-0.0036898095454721076,-0.025737716335332353,0.009104073710715536,0.0054624442264283625,0,0
1284.2268420173286,83.03372126641216,35.7417900319635,-0.007154872052288693,0.0036898095454721076,0.025737716335332353,-0.006047102186473197,0,0,0.0011077698658154963,-0.0036898095454721076,-0.025737716335332353,0.009104073710715536,0.0054624442264283625,0,0
1284.2268420173286,80.99613175561399,116.02925942608664,-0.007154872052288693,0.0036898095454721076,0.025737716335332353,-0.006047102186473197,0,0,0.0011077698658154963,-0.0036898095454721076,-0.025737716335332353,0.009104073710715536,0.0054624442264283625,0,0
955.6520228707801,81.6648832554738,114.0802412881919,-0.007154872052288693,0.0036898095454721076,0.025737716335332353,-0.006047102186473197,0,0,0.0011077698658154963,-0.0036898095454721076,-0.025737716335332353,0.009104073710715536,0.0054624442264283625,0,0
1284.2268420173286,80.33749690282312,21.699419216529087,-0.007154872052288693,0.0036898095454721076,0.025737716335332353,-0.006047102186473197,0,0,0.0011077698658154963,-0.0036898095454721076,-0.025737716335332353,0.009104073710715536,0.0054624442264283625,0,0
251.60762066022812,77.18804967871625,20.696236055220425,-0.007154872052288693,0.0036898095454721076,0.025737716335332353,-0.006047102186473197,0,0,0.0011077698658154963,-0.0036898095454721076,-0.025737716335332353,0.009104073710715536,0.0054624442264283625,0,0
602.1580731583105,75.40573089722304,20.97124408445338,-0.007154872052288693,0.0036898095454721076,0.025737716335332353,-0.006047102186473197,0,0,0.0011077698658154963,-0.0036898095454721076,-0.025737716335332353,0.009104073710715536,0.0054624442264283625,0,0
1411.3480414449798,80.99613175561399,21.05064198016546,-0.007154872052288693,0.0036898095454721076,0.025737716335332353,-0.006047102186473197,0,0,0.0011077698658154963,-0.0036898095454721076,-0.025737716335332353,0.009104073710715536,0.0054624442264283625,0,0
624.3377665398167,76.28731360165042,20.65731111090045,-0.007154872052288693,0.0036898095454721076,0.025737716335332353,-0.006047102186473197,0,0,0.0011077698658154963,-0.0036898095454721076,-0.025737716335332353,0.009104073710715536,0.0054624442264283625,0,0
624.3377665398167,76.58539900875073,19.93438562175379,-0.007154872052288693,0.0036898095454721076,0.025737716335332353,-0.006047102186473197,0,0,0.0011077698658154963,-0.0036898095454721076,-0.025737716335332353,0.009104073710715536,0.0054624442264283625,0,0
1284.2268420173286,80.33749690282312,20.931683493242176,-0.007154872052288693,0.0036898095454721076,0.025737716335332353,-0.006047102186473197,0,0,0.0011077698658154963,-0.0036898095454721076,-0.025737716335332353,0.009104073710715536,0.0054624442264283625,0,0
1284.2268420173286,80.99613175561399,21.09047995583375,-0.007154872052288693,0.0036898095454721076,0.025737716335332353,-0.006047102186473197,0,0,0.0011077698658154963,-0.0036898095454721076,-0.025737716335332353,0.009104073710715536,0.0054624442264283625,0,0
1284.2268420173286,81.6648832554738,20.852837358537094,-0.007154872052288693,0.0036898095454721076,0.025737716335332353,-0.006047102186473197,0,0,0.0011077698658154963,-0.0036898095454721076,-0.025737716335332353,0.009104073710715536,0.0054624442264283625,0,0
1284.2268420173286,80.66556470717478,20.931683493242176,-0.007154872052288693,0.0036898095454721076,0.025737716335332353,-0.006047102186473197,0,0,0.0011077698658154963,-0.0036898095454721076,-0.025737716335332353,0.009104073710715536,0.0054624442264283625,0,0
251.60762066022812,72.59760196071355,19.349128189198815,-0.007154872052288693,0.0036898095454721076,0.025737716335332353,-0.006047102186473197,0,0,0.0011077698658154963,-0.0036898095454721076,-0.025737716335332353,0.009104073710715536,0.0054624442264283625,0,0
562.6000187683081,75.69750294678715,20.23497444201862,-0.007154872052288693,0.0036898095454721076,0.025737716335332353,-0.006047102186473197,0,0,0.0011077698658154963,-0.0036898095454721076,-0.025737716335332353,0.009104073710715536,0.0054624442264283625,0,0
1284.2268420173286,80.66556470717478,20.89221469509625,-0.007154872052288693,0.0036898095454721076,0.025737716335332353,-0.006047102186473197,0,0,0.0011077698658154963,-0.0036898095454721076,-0.025737716335332353,0.009104073710715536,0.0054624442264283625,0,0
602.1580731583105,75.99135610686974,20.541072037014736,-0.007154872052288693,0.0036898095454721076,0.025737716335332353,-0.006047102186473197,0,0,0.0011077698658154963,-0.0036898095454721076,-0.025737716335332353,0.009104073710715536,0.0054624442264283625,0,0
1284.2268420173286,80.99613175561399,20.852837358537094,-0.007154872052288693,0.0036898095454721076,0.025737716335332353,-0.006047102186473197,0,0,0.0011077698658154963,-0.0036898095454721076,-0.025737716335332353,0.009104073710715536,0.0054624442264283625,0,0
1284.2268420173286,82.68751571021457,20.931683493242176,-0.007154872052288693,0.0036898095454721076,0.025737716335332353,-0.006047102186473197,0,0,0.0011077698658154963,-0.0036898095454721076,-0.025737716335332353,0.009104073710715536,0.0054624442264283625,0,0
624.3377665398167,74.828338960275,19.823053641380127,-0.007154872052288693,0.0036898095454721076,0.025737716335332353,-0.006047102186473197,0,0,0.0011077698658154963,-0.0036898095454721076,-0.025737716335332353,0.009104073710715536,0.0054624442264283625,0,0
1180.1265773010464,81.32922784467303,20.931683493242176,-0.007154872052288693,0.0036898095454721076,0.025737716335332353,-0.006047102186473197,0,0,0.0011077698658154963,-0.0036898095454721076,-0.025737716335332353,0.009104073710715536,0.0054624442264283625,0,0
602.1580731583105,77.79950406996568,19.97166324722388,-0.007154872052288693,0.0036898095454721076,0.025737716335332353,-0.006047102186473197,0,0,0.0011077698658154963,-0.0036898095454721076,-0.025737716335332353,0.009104073710715536,0.0054624442264283625,0,0
1284.2268420173286,81.32922784467303,20.696236055220425,-0.007154872052288693,0.0036898095454721076,0.025737716335332353,-0.006047102186473197,0,0,0.0011077698658154963,-0.0036898095454721076,-0.025737716335332353,0.009104073710715536,0.0054624442264283625,0,0
1411.3480414449798,83.03372126641216,20.97124408445338,-0.007154872052288693,0.0036898095454721076,0.025737716335332353,-0.006047102186473197,0,0,0.0011077698658154963,-0.0036898095454721076,-0.025737716335332353,0.009104073710715536,0.0054624442264283625,0,0
1284.2268420173286,81.6648832554738,20.696236055220425,-0.007154872052288693,0.0036898095454721076,0.025737716335332353,-0.006047102186473197,0,0,0.0011077698658154963,-0.0036898095454721076,-0.025737716335332353,0.009104073710715536,0.0054624442264283625,0,0
251.60762066022812,81.32922784467303,20.464022603165645,-0.007154872052288693,0.0036898095454721076,0.025737716335332353,-0.006047102186473197,0,0,0.0011077698658154963,-0.0036898095454721076,-0.025737716335332353,0.009104073710715536,0.0054624442264283625,0,0
1284.2268420173286,80.99613175561399,20.735250827891868,-0.007154872052288693,0.0036898095454721076,0.025737716335332353,-0.006047102186473197,0,0,0.0011077698658154963,-0.0036898095454721076,-0.025737716335332353,0.009104073710715536,0.0054624442264283625,0,0
1284.2268420173286,83.38264517783642,20.774355752373964,-0.007154872052288693,0.0036898095454721076,0.025737716335332353,-0.006047102186473197,0,0,0.0011077698658154963,-0.0036898095454721076,-0.025737716335332353,0.009104073710715536,0.0054624442264283625,0,0
1284.2268420173286,75.69750294678715,20.65731111090045,-0.007154872052288693,0.0036898095454721076,0.025737716335332353,-0.006047102186473197,0,0,0.0011077698658154963,-0.0036898095454721076,-0.025737716335332353,0.009104073710715536,0.0054624442264283625,0,0
1284.2268420173286,81.32922784467303,20.65731111090045,-0.007154872052288693,0.0036898095454721076,0.025737716335332353,-0.006047102186473197,0,0,0.0011077698658154963,-0.0036898095454721076,-0.025737716335332353,0.009104073710715536,0.0054624442264283625,0,0
215.92040254306553,72.32728403086773,19.493498319736666,-0.007154872052288693,0.0036898095454721076,0.025737716335332353,-0.006047102186473197,0,0,0.0011077698658154963,-0.0036898095454721076,-0.025737716335332353,0.009104073710715536,0.0054624442264283625,0,0
602.1580731583105,76.88563626605912,19.566163838158445,-0.007154872052288693,0.0036898095454721076,0.025737716335332353,-0.006047102186473197,0,0,0.0011077698658154963,-0.0036898095454721076,-0.025737716335332353,0.009104073710715536,0.0054624442264283625,0,0
1180.1265773010464,80.99613175561399,20.618475673047115,-0.007154872052288693,0.0036898095454721076,0.025737716335332353,-0.006047102186473197,0,0,0.0011077698658154963,-0.0036898095454721076,-0.025737716335332353,0.009104073710715536,0.0054624442264283625,0,0
602.1580731583105,77.18804967871625,19.602617680935374,-0.007154872052288693,0.0036898095454721076,0.025737716335332353,-0.006047102186473197,0,0,0.0011077698658154963,-0.0036898095454721076,-0.025737716335332353,0.009104073710715536,0.0054624442264283625,0,0
1284.2268420173286,80.33749690282312,20.696236055220425,-0.007154872052288693,0.0036898095454721076,0.025737716335332353,-0.006047102186473197,0,0,0.0011077698658154963,-0.0036898095454721076,-0.025737716335332353,0.009104073710715536,0.0054624442264283625,0,0
1284.2268420173286,80.99613175561399,20.387324852120102,-0.007154872052288693,0.0036898095454721076,0.025737716335332353,-0.006047102186473197,0,0,0.0011077698658154963,-0.0036898095454721076,-0.025737716335332353,0.009104073710715536,0.0054624442264283625,0,0
1284.2268420173286,81.6648832554738,20.735250827891868,-0.007154872052288693,0.0036898095454721076,0.025737716335332353,-0.006047102186473197,0,0,0.0011077698658154963,-0.0036898095454721076,-0.025737716335332353,0.009104073710715536,0.0054624442264283625,0,0
1411.3480414449798,80.33749690282312,20.541072037014736,-0.007154872052288693,0.0036898095454721076,0.025737716335332353,-0.006047102186473197,0,0,0.0011077698658154963,-0.0036898095454721076,-0.025737716335332353,0.009104073710715536,0.0054624442264283625,0,0
1284.2268420173286,80.66556470717478,20.272932179340643,-0.007154872052288693,0.0036898095454721076,0.025737716335332353,-0.006047102186473197,0,0,0.0011077698658154963,-0.0036898095454721076,-0.025737716335332353,0.009104073710715536,0.0054624442264283625,0,0
1411.3480414449798,81.32922784467303,20.425629923801807,-0.007154872052288693,0.0036898095454721076,0.025737716335332353,-0.006047102186473197,0,0,0.0011077698658154963,-0.0036898095454721076,-0.025737716335332353,0.009104073710715536,0.0054624442264283625,0,0
602.1580731583105,75.69750294678715,19.8600811104764,-0.007154872052288693,0.0036898095454721076,0.025737716335332353,-0.006047102186473197,0,0,0.0011077698658154963,-0.0036898095454721076,-0.025737716335332353,0.009104073710715536,0.0054624442264283625,0,0
1284.2268420173286,80.66556470717478,20.65731111090045,-0.007154872052288693,0.0036898095454721076,0.025737716335332353,-0.006047102186473197,0,0,0.0011077698658154963,-0.0036898095454721076,-0.025737716335332353,0.009104073710715536,0.0054624442264283625,0,0
1284.2268420173286,83.03372126641216,20.349107076989263,-0.007154872052288693,0.0036898095454721076,0.025737716335332353,-0.006047102186473197,0,0,0.0011077698658154963,-0.0036898095454721076,-0.025737716335332353,0.009104073710715536,0.0054624442264283625,0,0
1284.2268420173286,80.66556470717478,20.65731111090045,-0.007154872052288693,0.0036898095454721076,0.025737716335332353,-0.006047102186473197,0,0,0.0011077698658154963,-0.0036898095454721076,-0.025737716335332353,0.009104073710715536,0.0054624442264283625,0,0
1284.2268420173286,83.03372126641216,20.541072037014736,-0.007154872052288693,0.0036898095454721076,0.025737716335332353,-0.006047102186473197,0,0,0.0011077698658154963,-0.0036898095454721076,-0.025737716335332353,0.009104073710715536,0.0054624442264283625,0,0
624.3377665398167,75.69750294678715,20.084001131964996,-0.007154872052288693,0.0036898095454721076,0.025737716335332353,-0.006047102186473197,0,0,0.0011077698658154963,-0.0036898095454721076,-0.025737716335332353,0.009104073710715536,0.0054624442264283625,0,0
1284.2268420173286,80.33749690282312,20.349107076989263,-0.007154872052288693,0.0036898095454721076,0.025737716335332353,-0.006047102186473197,0,0,0.0011077698658154963,-0.0036898095454721076,-0.025737716335332353,0.009104073710715536,0.0054624442264283625,0,0
602.1580731583105,76.28731360165042,20.009024843758404,-0.007154872052288693,0.0036898095454721076,0.025737716335332353,-0.006047102186473197,0,0,0.0011077698658154963,-0.0036898095454721076,-0.025737716335332353,0.009104073710715536,0.0054624442264283625,0,0
1284.2268420173286,83.38264517783642,20.464022603165645,-0.007154872052288693,0.0036898095454721076,0.025737716335332353,-0.006047102186473197,0,0,0.0011077698658154963,-0.0036898095454721076,-0.025737716335332353,0.009104073710715536,0.0054624442264283625,0,0
1411.3480414449798,83.38264517783642,20.541072037014736,-0.007154872052288693,0.0036898095454721076,0.025737716335332353,-0.006047102186473197,0,0,0.0011077698658154963,-0.0036898095454721076,-0.025737716335332353,0.009104073710715536,0.0054624442264283625,0,0
1284.2268420173286,76.58539900875073,20.046470706490737,-0.007154872052288693,0.0036898095454721076,0.025737716335332353,-0.006047102186473197,0,0,0.0011077698658154963,-0.0036898095454721076,-0.025737716335332353,0.009104073710715536,0.0054624442264283625,0,0
1284.2268420173286,80.99613175561399,20.541072037014736,-0.007154872052288693,0.0036898095454721076,0.025737716335332353,-0.006047102186473197,0,0,0.0011077698658154963,-0.0036898095454721076,-0.025737716335332353,0.009104073710715536,0.0054624442264283625,0,0
1411.3480414449798,80.66556470717478,20.852837358537094,-0.007154872052288693,0.0036898095454721076,0.025737716335332353,-0.006047102186473197,0,0,0.0011077698658154963,-0.0036898095454721076,-0.025737716335332353,0.009104073710715536,0.0054624442264283625,0,0
602.1580731583105,76.58539900875073,19.67576893443448,-0.007154872052288693,0.0036898095454721076,0.025737716335332353,-0.006047102186473197,0,0,0.0011077698658154963,-0.0036898095454721076,-0.025737716335332353,0.009104073710715536,0.0054624442264283625,0,0
251.60762066022812,76.28731360165042,20.121616418144527,-0.007154872052288693,0.0036898095454721076,0.025737716335332353,-0.006047102186473197,0,0,0.0011077698658154963,-0.0036898095454721076,-0.025737716335332353,0.009104073710715536,0.0054624442264283625,0,0
1180.1265773010464,82.00312876373096,20.618475673047115,-0.007154872052288693,0.0036898095454721076,0.025737716335332353,-0.006047102186473197,0,0,0.0011077698658154963,-0.0036898095454721076,-0.025737716335332353,0.009104073710715536,0.0054624442264283625,0,0
1284.2268420173286,81.32922784467303,20.579729421340247,-0.007154872052288693,0.0036898095454721076,0.025737716335332353,-0.006047102186473197,0,0,0.0011077698658154963,-0.0036898095454721076,-0.025737716335332353,0.009104073710715536,0.0054624442264283625,0,0
251.60762066022812,72.86976705815192,20.541072037014736,-0.007154872052288693,0.0036898095454721076,0.025737716335332353,-0.006047102186473197,0,0,0.0011077698658154963,-0.0036898095454721076,-0.025737716335332353,0.009104073710715536,0.0054624442264283625,0,0
602.1580731583105,68.72637072202204,20.15931686442059,-0.007154872052288693,0.0036898095454721076,0.025737716335332353,-0.006047102186473197,0,0,0.0011077698658154963,-0.0036898095454721076,-0.025737716335332353,0.009104073710715536,0.0054624442264283625,0,0
1284.2268420173286,81.32922784467303,21.740789092600608,-0.007154872052288693,0.0036898095454721076,0.025737716335332353,-0.006047102186473197,0,0,0.0011077698658154963,-0.0036898095454721076,-0.025737716335332353,0.009104073710715536,0.0054624442264283625,0,0
602.1580731583105,76.88563626605912,100.52415418066585,-0.007154872052288693,0.0036898095454721076,0.025737716335332353,-0.006047102186473197,0,0,0.0011077698658154963,-0.0036898095454721076,-0.025737716335332353,0.009104073710715536,0.0054624442264283625,0,0
1284.2268420173286,80.66556470717478,26.393218193002895,-0.007154872052288693,0.0036898095454721076,0.025737716335332353,-0.006047102186473197,0,0,0.0011077698658154963,-0.0036898095454721076,-0.025737716335332353,0.009104073710715536,0.0054624442264283625,0,0
251.60762066022812,77.18804967871625,107.45140018288424,-0.007154872052288693,0.0036898095454721076,0.025737716335332353,-0.006047102186473197,0,0,0.0011077698658154963,-0.0036898095454721076,-0.025737716335332353,0.009104073710715536,0.0054624442264283625,0,0
1284.2268420173286,80.99613175561399,117.36537105675751,-0.007154872052288693,0.0036898095454721076,0.025737716335332353,-0.006047102186473197,0,0,0.0011077698658154963,-0.0036898095454721076,-0.025737716335332353,0.009104073710715536,0.0054624442264283625,0,0
1284.2268420173286,80.99613175561399,20.579729421340247,-0.007154872052288693,0.0036898095454721076,0.025737716335332353,-0.006047102186473197,0,0,0.0011077698658154963,-0.0036898095454721076,-0.025737716335332353,0.009104073710715536,0.0054624442264283625,0,0
166.09994149545804,77.49266392626436,101.5330368193872,-0.007154872052288693,0.0036898095454721076,0.025737716335332353,-0.006047102186473197,0,0,0.0011077698658154963,-0.0036898095454721076,-0.025737716335332353,0.009104073710715536,0.0054624442264283625,0,0
1284.2268420173286,80.99613175561399,117.36537105675751,-0.007154872052288693,0.0036898095454721076,0.025737716335332353,-0.006047102186473197,0,0,0.0011077698658154963,-0.0036898095454721076,-0.025737716335332353,0.009104073710715536,0.0054624442264283625,0,0
1284.2268420173286,82.34399565000513,118.0448484665879,-0.007154872052288693,0.0036898095454721076,0.025737716335332353,-0.006047102186473197,0,0,0.0011077698658154963,-0.0036898095454721076,-0.025737716335332353,0.009104073710715536,0.0054624442264283625,0,0
1284.2268420173286,80.33749690282312,116.02925942608664,-0.007154872052288693,0.0036898095454721076,0.025737716335332353,-0.006047102186473197,0,0,0.0011077698658154963,-0.0036898095454721076,-0.025737716335332353,0.009104073710715536,0.0054624442264283625,0,0
1284.2268420173286,78.73363637499943,113.44477390085575,-0.007154872052288693,0.0036898095454721076,0.025737716335332353,-0.006047102186473197,0,0,0.0011077698658154963,-0.0036898095454721076,-0.025737716335332353,0.009104073710715536,0.0054624442264283625,0,0
1284.2268420173286,81.32922784467303,116.69355260679126,-0.007154872052288693,0.0036898095454721076,0.025737716335332353,-0.006047102186473197,0,0,0.0011077698658154963,-0.0036898095454721076,-0.025737716335332353,0.009104073710715536,0.0054624442264283625,0,0
1284.2268420173286,83.38264517783642,117.36537105675751,-0.007154872052288693,0.0036898095454721076,0.025737716335332353,-0.006047102186473197,0,0,0.0011077698658154963,-0.0036898095454721076,-0.025737716335332353,0.009104073710715536,0.0054624442264283625,0,0
624.3377665398167,75.99135610686974,108.02276929750369,-0.007154872052288693,0.0036898095454721076,0.025737716335332353,-0.006047102186473197,0,0,0.0011077698658154963,-0.0036898095454721076,-0.025737716335332353,0.009104073710715536,0.0054624442264283625,0,0
1284.2268420173286,81.32922784467303,116.69355260679126,-0.007154872052288693,0.0036898095454721076,0.025737716335332353,-0.006047102186473197,0,0,0.0011077698658154963,-0.0036898095454721076,-0.025737716335332353,0.009104073710715536,0.0054624442264283625,0,0
1180.1265773010464,82.34399565000513,116.69355260679126,-0.007154872052288693,0.0036898095454721076,0.025737716335332353,-0.006047102186473197,0,0,0.0011077698658154963,-0.0036898095454721076,-0.025737716335332353,0.009104073710715536,0.0054624442264283625,0,0
1284.2268420173286,80.99613175561399,116.69355260679126,-0.007154872052288693,0.0036898095454721076,0.025737716335332353,-0.006047102186473197,0,0,0.0011077698658154963,-0.0036898095454721076,-0.025737716335332353,0.009104073710715536,0.0054624442264283625,0,0
1284.2268420173286,81.6648832554738,117.36537105675751,-0.007154872052288693,0.0036898095454721076,0.025737716335332353,-0.006047102186473197,0,0,0.0011077698658154963,-0.0036898095454721076,-0.025737716335332353,0.009104073710715536,0.0054624442264283625,0,0
624.3377665398167,78.419964244608,101.02616679983112,-0.007154872052288693,0.0036898095454721076,0.025737716335332353,-0.006047102186473197,0,0,0.0011077698658154963,-0.0036898095454721076,-0.025737716335332353,0.009104073710715536,0.0054624442264283625,0,0
1284.2268420173286,81.32922784467303,116.69355260679126,-0.007154872052288693,0.0036898095454721076,0.025737716335332353,-0.006047102186473197,0,0,0.0011077698658154963,-0.0036898095454721076,-0.025737716335332353,0.009104073710715536,0.0054624442264283625,0,0
1411.3480414449798,82.34399565000513,116.69355260679126,-0.007154872052288693,0.0036898095454721076,0.025737716335332353,-0.006047102186473197,0,0,0.0011077698658154963,-0.0036898095454721076,-0.025737716335332353,0.009104073710715536,0.0054624442264283625,0,0
624.3377665398167,75.69750294678715,111.57932338755117,-0.007154872052288693,0.0036898095454721076,0.025737716335332353,-0.006047102186473197,0,0,0.0011077698658154963,-0.0036898095454721076,-0.025737716335332353,0.009104073710715536,0.0054624442264283625,0,0
1284.2268420173286,81.6648832554738,120.84213728458607,-0.007154872052288693,0.0036898095454721076,0.025737716335332353,-0.006047102186473197,0,0,0.0011077698658154963,-0.0036898095454721076,-0.025737716335332353,0.009104073710715536,0.0054624442264283625,0,0
251.60762066022812,76.58539900875073,108.02276929750369,-0.007154872052288693,0.0036898095454721076,0.025737716335332353,-0.006047102186473197,0,0,0.0011077698658154963,-0.0036898095454721076,-0.025737716335332353,0.009104073710715536,0.0054624442264283625,0,0
1284.2268420173286,81.32922784467303,117.36537105675751,-0.007154872052288693,0.0036898095454721076,0.025737716335332353,-0.006047102186473197,0,0,0.0011077698658154963,-0.0036898095454721076,-0.025737716335332353,0.009104073710715536,0.0054624442264283625,0,0
624.3377665398167,78.419964244608,102.56164513946942,-0.007154872052288693,0.0036898095454721076,0.025737716335332353,-0.006047102186473197,0,0,0.0011077698658154963,-0.0036898095454721076,-0.025737716335332353,0.009104073710715536,0.0054624442264283625,0,0
1180.1265773010464,80.33749690282312,116.69355260679126,-0.007154872052288693,0.0036898095454721076,0.025737716335332353,-0.006047102186473197,0,0,0.0011077698658154963,-0.0036898095454721076,-0.025737716335332353,0.009104073710715536,0.0054624442264283625,0,0
851.4899528953961,81.32922784467303,121.56203207857888,-0.007154872052288693,0.0036898095454721076,0.025737716335332353,-0.006047102186473197,0,0,0.0011077698658154963,-0.0036898095454721076,-0.025737716335332353,0.009104073710715536,0.0054624442264283625,0,0
1284.2268420173286,80.66556470717478,116.69355260679126,-0.007154872052288693,0.0036898095454721076,0.025737716335332353,-0.006047102186473197,0,0,0.0011077698658154963,-0.0036898095454721076,-0.025737716335332353,0.009104073710715536,0.0054624442264283625,0,0
624.3377665398167,75.99135610686974,113.44477390085575,-0.007154872052288693,0.0036898095454721076,0.025737716335332353,-0.006047102186473197,0,0,0.0011077698658154963,-0.0036898095454721076,-0.025737716335332353,0.009104073710715536,0.0054624442264283625,0,0
1180.1265773010464,81.32922784467303,117.36537105675751,-0.007154872052288693,0.0036898095454721076,0.025737716335332353,-0.006047102186473197,0,0,0.0011077698658154963,-0.0036898095454721076,-0.025737716335332353,0.009104073710715536,0.0054624442264283625,0,0
1411.3480414449798,82.00312876373096,116.02925942608664,-0.007154872052288693,0.0036898095454721076,0.025737716335332353,-0.006047102186473197,0,0,0.0011077698658154963,-0.0036898095454721076,-0.025737716335332353,0.009104073710715536,0.0054624442264283625,0,0
1284.2268420173286,81.32922784467303,116.69355260679126,-0.007154872052288693,0.0036898095454721076,0.025737716335332353,-0.006047102186473197,0,0,0.0011077698658154963,-0.0036898095454721076,-0.025737716335332353,0.009104073710715536,0.0054624442264283625,0,0
1411.3480414449798,81.32922784467303,118.0448484665879,-0.007154872052288693,0.0036898095454721076,0.025737716335332353,-0.006047102186473197,0,0,0.0011077698658154963,-0.0036898095454721076,-0.025737716335332353,0.009104073710715536,0.0054624442264283625,0,0
417.22151175368833,72.32728403086773,93.96808322544976,-0.007154872052288693,0.0036898095454721076,0.025737716335332353,-0.006047102186473197,0,0,0.0011077698658154963,-0.0036898095454721076,-0.025737716335332353,0.009104073710715536,0.0054624442264283625,0,0
1180.1265773010464,80.99613175561399,115.37236097408694,-0.007154872052288693,0.0036898095454721076,0.025737716335332353,-0.006047102186473197,0,0,0.0011077698658154963,-0.0036898095454721076,-0.025737716335332353,0.009104073710715536,0.0054624442264283625,0,0
624.3377665398167,83.38264517783642,120.13062066766372,-0.007154872052288693,0.0036898095454721076,0.025737716335332353,-0.006047102186473197,0,0,0.0011077698658154963,-0.0036898095454721076,-0.025737716335332353,0.009104073710715536,0.0054624442264283625,0,0
248.42442609070224,77.18804967871625,108.6000844939372,-0.007154872052288693,0.0036898095454721076,0.025737716335332353,-0.006047102186473197,0,0,0.0011077698658154963,-0.0036898095454721076,-0.025737716335332353,0.009104073710715536,0.0054624442264283625,0,0
602.1580731583105,82.00312876373096,108.02276929750369,-0.007154872052288693,0.0036898095454721076,0.025737716335332353,-0.006047102186473197,0,0,0.0011077698658154963,-0.0036898095454721076,-0.025737716335332353,0.009104073710715536,0.0054624442264283625,0,0
