FDist,LDist,RDist,XEst,YEst,ThetaEst,XDes,YDes,ThetaDes,XError,YError,ThetaError,SL,SR,RW,LW
1411.3480414449798,92.66842176880655,87.41019065628254,0.0,0.0,0.0,0,0,0,0.0,0.0,0.0,0.0,0.0,0,0
1284.2268420173286,89.36420701132127,85.90410486184942,0.0,0.0,0.0,0,0,0,0.0,0.0,0.0,0.0,0.0,0,0
808.2350827585409,82.34399565000513,84.08878225753256,0.0,0.0,0.0,0,0,0,0.0,0.0,0.0,0.0,0.0,0,0
1284.2268420173286,89.76495072901147,87.41019065628254,0.0,0.0,0.0,0,0,0,0.0,0.0,0.0,0.0,0.0,0,0
1284.2268420173286,90.16911060094986,87.02903054016306,0.0,0.0,0.0,0,0,0,0.0,0.0,0.0,0.0,0.0,0,0
602.1580731583105,84.8062010048873,82.00312876373096,0.0,0.0,0.0,0,0,0,0.0,0.0,0.0,0.0,0.0,0,0
1284.2268420173286,89.76495072901147,89.76495072901147,0.0,0.0,0.0,0,0,0,0.0,0.0,0.0,0.0,0.0,0,0
236.49825525583836,84.08878225753256,82.68751571021457,0.0,0.0,0.0,0,0,0,0.0,0.0,0.0,0.0,0.0,0,0
1284.2268420173286,89.36420701132127,86.65098914560704,0.0,0.0,0.0,0,0,0,0.0,0.0,0.0,0.0,0.0,0,0
1411.3480414449798,89.36420701132127,87.02903054016306,0.0,0.0,0.0,0,0,0,0.0,0.0,0.0,0.0,0.0,0,0
1284.2268420173286,89.76495072901147,89.76495072901147,0.0,0.0,0.0,0,0,0,0.0,0.0,0.0,0.0,0.0,0,0
1284.2268420173286,90.98786202822609,86.65098914560704,0.0,0.0,0.0,0,0,0,0.0,0.0,0.0,0.0,0.0,0,0
624.3377665398167,88.5727896902875,82.00312876373096,0.0,0.0,0.0,0,0,0,0.0,0.0,0.0,0.0,0.0,0,0
417.22151175368833,79.36799805452281,73.41971802386729,0.0,0.0,0.0,0,0,0,0.0,0.0,0.0,0.0,0.0,0,0
602.1580731583105,84.44606393366254,77.49266392626436,0.0,0.0,0.0,0,0,0,0.0,0.0,0.0,0.0,0.0,0,0
1284.2268420173286,89.76495072901147,86.65098914560704,0.0,0.0,0.0,0,0,0,0.0,0.0,0.0,0.0,0.0,0,0
703.2691653992177,92.66842176880655,86.65098914560704,0.0,0.0,0.0,0,0,0,0.0,0.0,0.0,0.0,0.0,0,0
1284.2268420173286,89.76495072901147,86.65098914560704,0.0,0.0,0.0,0,0,0,0.0,0.0,0.0,0.0,0.0,0,0
236.49825525583836,84.8062010048873,81.6648832554738,0.0,0.0,0.0,0,0,0,0.0,0.0,0.0,0.0,0.0,0,0
769.566351540633,84.8062010048873,76.88563626605912,0.0,0.0,0.0,0,0,0,0.0,0.0,0.0,0.0,0.0,0,0
624.3377665398167,84.44606393366254,82.34399565000513,0.0,0.0,0.0,0,0,0,0.0,0.0,0.0,0.0,0.0,0,0
1284.2268420173286,88.96683466233691,86.2760268879407,0.0,0.0,0.0,0,0,0,0.0,0.0,0.0,0.0,0.0,0,0
1284.2268420173286,90.16911060094986,87.02903054016306,0.0,0.0,0.0,0,0,0,0.0,0.0,0.0,0.0,0.0,0,0
1284.2268420173286,89.36420701132127,86.2760268879407,0.0,0.0,0.0,0,0,0,0.0,0.0,0.0,0.0,0.0,0,0
624.3377665398167,83.73432085224402,81.6648832554738,0.0,0.0,0.0,0,0,0,0.0,0.0,0.0,0.0,0.0,0,0
1284.2268420173286,89.36420701132127,87.02903054016306,0.0,0.0,0.0,0,0,0,0.0,0.0,0.0,0.0,0.0,0,0
1284.2268420173286,90.16911060094986,87.02903054016306,0.0,0.0,0.0,0,0,0,0.0,0.0,0.0,0.0,0.0,0,0
1284.2268420173286,88.96683466233691,87.02903054016306,0.0,0.0,0.0,0,0,0,0.0,0.0,0.0,0.0,0.0,0,0
1284.2268420173286,89.76495072901147,86.65098914560704,0.0,0.0,0.0,0,0,0,0.0,0.0,0.0,0.0,0.0,0,0
1284.2268420173286,89.36420701132127,86.2760268879407,0.0,0.0,0.0,0,0,0,0.0,0.0,0.0,0.0,0.0,0,0
334.5408252723781,89.36420701132127,88.96683466233691,0.0,0.0,0.0,0,0,0,0.0,0.0,0.0,0.0,0.0,0,0
624.3377665398167,90.98786202822609,82.68751571021457,0.0,0.0,0.0,0,0,0,0.0,0.0,0.0,0.0,0.0,0,0
1284.2268420173286,93.09781934285294,87.02903054016306,0.0,0.0,0.0,0,0,0,0.0,0.0,0.0,0.0,0.0,0,0
1093.1463157010076,93.53102222430564,87.02903054016306,0.0,0.0,0.0,0,0,0,0.0,0.0,0.0,0.0,0.0,0,0
1284.2268420173286,92.66842176880655,87.02903054016306,0.0,0.0,0.0,0,0,0,0.0,0.0,0.0,0.0,0.0,0,0
1284.2268420173286,90.16911060094986,87.02903054016306,0.0,0.0,0.0,0,0,0,0.0,0.0,0.0,0.0,0.0,0,0
187.6483042942066,87.79450977305973,87.79450977305973,0.0,0.0,0.0,1.5,0,0,1.5,0.0,0.0,0.0,0.0,0,0
202.78305134967044,79.36799805452281,73.6975442509615,0.002655354450567438,-1.4238076285058125e-06,-0.0010724048473055104,1.5,0,0,1.4973446455494326,1.4238076285058125e-06,0.0010724048473055104,-0.002731222113214626,-0.0025794875513693695,0,0
1284.2268420173286,90.98786202822609,108.6000844939372,0.0295879255647098,0.0001285489904920936,0.010724048473055092,1.5,0,0,1.4704120744352902,-0.0001285489904920936,-0.010724048473055092,-0.028829566750598837,-0.0303469123690514,0,0
1411.3480414449798,93.09781934285294,200.75362703878065,0.05939789932241406,0.0007200412639522906,0.02895493087724878,1.5,0,0,1.440602100677586,-0.0007200412639522906,-0.02895493087724878,-0.057355664377507165,-0.061452497547329094,0,0
1411.3480414449798,129.25786434407527,297.9167592848756,0.08905091512719092,0.001531144426904474,0.02573771633533224,1.5,0,0,1.410949084872809,-0.001531144426904474,-0.02573771633533224,-0.0872473730610228,-0.09088900254530896,0,0
1284.2268420173286,179.3202830877122,177.7453057985956,0.11877932954557621,0.0023602625887882613,0.030027335724554304,1.5,0,0,1.3812206704544239,-0.0023602625887882613,-0.030027335724554304,-0.11668387805900265,-0.12093244579066985,0,0
1284.2268420173286,145.87739303694283,173.18670720903205,0.14873387465037446,0.0032439122642737143,0.02895493087724878,1.5,0,0,1.3512661253496256,-0.0032439122642737143,-0.02895493087724878,-0.14672732130436356,-0.15082415447418548,0,0
1284.2268420173286,112.81620876492863,180.92431015592842,0.17899269674798818,0.004104061084239851,0.027882526029943257,1.5,0,0,1.3210073032520118,-0.004104061084239851,-0.027882526029943257,-0.17707423367341496,-0.18101933228139164,0,0
1284.2268420173286,132.61463364415852,167.46934895889862,0.20932688876187389,0.0049826310584576775,0.030027335724554304,1.5,0,0,1.2906731112381262,-0.0049826310584576775,-0.030027335724554304,-0.2072694114806211,-0.2115179792122883,0,0
1180.1265773010464,213.60849807698625,187.6483042942066,0.2335918555492633,0.005763556548639457,0.034316955113776346,1.5,0,0,1.2664081444507367,-0.005763556548639457,-0.034316955113776346,-0.23124347225217173,-0.23609897823121992,0,0
1284.2268420173286,353.40072554933454,189.41093412341306,0.26376812700681324,0.006831921527965231,0.036461764808387365,1.5,0,0,1.2362318729931867,-0.006831921527965231,-0.036461764808387365,-0.26128691549753263,-0.26644589060027135,0,0
955.6520228707801,261.6981137825328,191.20821604693444,0.2933378402441109,0.007878811834339732,0.034316955113776346,1.5,0,0,1.206662159755889,-0.007878811834339732,-0.034316955113776346,-0.29102688961920303,-0.2958823955982512,0,0
1284.2268420173286,108.02276929750369,198.76603234393832,0.3232942117092947,0.0086982127278592,0.02037569209880465,1.5,0,0,1.1767057882907053,-0.0086982127278592,-0.02037569209880465,-0.32198074023563544,-0.3248636969106953,0,0
1284.2268420173286,72.05879380612686,323.12240163650586,0.3536377038904549,0.009153814074163482,0.009651643625749521,1.5,0,0,1.1463622961095452,-0.009153814074163482,-0.009651643625749521,-0.35308632541391316,-0.3544519364705204,0,0
1284.2268420173286,67.28076465107131,136.15031850713706,0.3778390846944307,0.009270606532192976,-8.500145032286355e-17,1.5,0,0,1.1221609153055692,-0.009270606532192976,8.500145032286355e-17,-0.3779707935565353,-0.3779707935565353,0,0
1284.2268420173286,60.213094273732246,101.02616679983112,0.40795835625209736,0.009222156411179213,-0.0032172145419166287,1.5,0,0,1.0920416437479026,-0.009222156411179213,0.0032172145419166287,-0.4083177059255867,-0.40786250224005094,0,0
1284.2268420173286,58.880520330140875,100.02692680886574,0.4378499102391383,0.009125988537217177,-0.0032172145419166287,1.5,0,0,1.0621500897608618,-0.009125988537217177,0.0032172145419166287,-0.43820941460910234,-0.4377542109235666,0,0
1284.2268420173286,61.19765556235682,105.77203060255431,0.4681966655559311,0.009028356177864856,-0.0032172145419166287,1.5,0,0,1.031803334444069,-0.009028356177864856,0.0032172145419166287,-0.46855632697815375,-0.468101123292618,0,0
602.1580731583105,60.213094273732246,174.67928447558052,0.4986194408324323,0.009012043410463973,0.0021448096946109353,1.5,0,0,1.0013805591675677,-0.009012043410463973,-0.0021448096946109353,-0.49859977022351465,-0.49890323934720515,0,0
1284.2268420173286,62.833136667956715,153.56624101955603,0.5290422161089335,0.00902835617786485,-0.0010724048473056084,1.5,0,0,0.9709577838910665,-0.00902835617786485,0.0010724048473056084,-0.5292501517162566,-0.5290984171544113,0,0
1284.2268420173286,63.89502910136053,171.72011046907937,0.5594649913854347,0.009012043410463967,-8.565197162635485e-17,1.5,0,0,0.9405350086145653,-0.009012043410463967,8.565197162635485e-17,-0.559597064085308,-0.559597064085308,0,0
204.85569342211394,54.842902515546676,100.52415418066585,0.5897359276821265,0.008930886468973926,-0.00536202423652765,1.5,0,0,0.9102640723178735,-0.008930886468973926,0.00536202423652765,-0.5902474455780499,-0.5894887727688236,0,0
1284.2268420173286,58.14195534124432,88.96683466233691,0.6200819849921589,0.008703079377096011,-0.009651643625749691,1.5,0,0,0.8799180150078411,-0.008703079377096011,0.009651643625749691,-0.6208978270707918,-0.6195322160141845,0,0
1284.2268420173286,63.680115630491734,75.99135610686974,0.6500476611334917,0.008365644083828696,-0.012868858167666235,1.5,0,0,0.8499523388665083,-0.008365644083828696,0.012868858167666235,-0.6510930048779979,-0.6492721901358549,0,0
602.1580731583105,66.81098138696464,123.02757911911826,0.6802417277145744,0.008106595621295643,-0.004289619389222128,1.5,0,0,0.8197582722854256,-0.008106595621295643,0.004289619389222128,-0.6806812444378231,-0.6800743061904421,0,0
1284.2268420173286,69.47032576649053,323.12240163650586,0.7103608260785915,0.008219645686971635,0.01179645332036059,1.5,0,0,0.7896391739214085,-0.008219645686971635,-0.01179645332036059,-0.7096625457502672,-0.711331625930565,0,0
1284.2268420173286,143.82153882231913,170.27879631253745,0.7405520972917362,0.00870534656522441,0.020375692098804698,1.5,0,0,0.7594479027082638,-0.00870534656522441,-0.020375692098804698,-0.7392507853100924,-0.7421337419851521,0,0
1284.2268420173286,198.76603234393832,177.7453057985956,0.7710444133979089,0.009326734605611686,0.020375692098804698,1.5,0,0,0.7289555866020911,-0.009326734605611686,-0.020375692098804698,-0.769749432240989,-0.7726323889160488,0,0
236.49825525583836,131.75922954059277,152.41788953728954,0.8014612059598412,0.009930267434256823,0.019303287251499174,1.5,0,0,0.6985387940401588,-0.009930267434256823,-0.019303287251499174,-0.8002480791718857,-0.8029793012851002,0,0
1284.2268420173286,104.68049512451793,170.27879631253745,0.8315763555987203,0.010430895845963982,0.013941263014971585,1.5,0,0,0.6684236444012797,-0.010430895845963982,-0.013941263014971585,-0.8307467261027823,-0.8327192754067706,0,0
1284.2268420173286,67.04513494735056,177.7453057985956,0.861769797121099,0.010754704189729632,0.007506833931138498,1.5,0,0,0.638230202878901,-0.010754704189729632,-0.007506833931138498,-0.8613971075955242,-0.862459249528441,0,0
602.1580731583105,59.827016433695995,112.81620876492863,0.8918888954851162,0.010867754255405624,-8.760353553682876e-17,1.5,0,0,0.6081111045148838,-0.010867754255405624,8.760353553682876e-17,-0.8920474890882661,-0.8920474890882661,0,0
1284.2268420173286,63.680115630491734,179.3202830877122,0.9221599014083126,0.010819060053177685,-0.0032172145419166313,1.5,0,0,0.5778400985916874,-0.010819060053177685,0.0032172145419166313,-0.9225461360191628,-0.922090932333627,0,0
1284.2268420173286,84.08878225753256,90.98786202822609,0.9525821518695977,0.010639620643595565,-0.008579238778444196,1.5,0,0,0.5474178481304023,-0.010639620643595565,0.008579238778444196,-0.95334825207375,-0.952134375578988,0,0
602.1580731583105,84.44606393366254,92.66842176880655,0.9833068060844657,0.01032659176647241,-0.01179645332036074,1.5,0,0,0.5166931939155343,-0.01032659176647241,0.01179645332036074,-0.9843021026901824,-0.9826330225098846,0,0
1284.2268420173286,89.76495072901147,99.53441397948464,1.0144854569999433,0.009908615025294264,-0.015013667862277234,1.5,0,0,0.4855145430000567,-0.009908615025294264,0.015013667862277234,-1.0157111569921506,-1.0135868731263171,0,0
1284.2268420173286,93.09781934285294,96.67455639633857,1.0455090683661037,0.009293041641464182,-0.02466531148802684,1.5,0,0,0.4544909316338963,-0.009293041641464182,0.02466531148802684,-1.0474236804178094,-1.0439337854953685,0,0
624.3377665398167,90.16911060094986,85.53518482670935,1.0766797588728931,0.008473876947820645,-0.027882526029943334,1.5,0,0,0.42332024112710687,-0.008473876947820645,0.027882526029943334,-1.0788327347197777,-1.074887636111801,0,0
602.1580731583105,85.90410486184942,90.98786202822609,1.1076249950415993,0.007743653387933651,-0.01930328725149925,1.5,0,0,0.3923750049584007,-0.007743653387933651,0.01930328725149925,-1.109179647088829,-1.1064484249756144,0,0
1284.2268420173286,92.66842176880655,96.21317986298715,1.1381967622409603,0.0073338124470704105,-0.007506833931138624,1.5,0,0,0.36180323775903966,-0.0073338124470704105,0.007506833931138624,-1.1389196212104995,-1.1378574792775826,0,0
1284.2268420173286,93.09781934285294,101.02616679983112,1.1686952513343372,0.007235691925921331,0.0010724048473054835,1.5,0,0,0.33130474866566284,-0.007235691925921331,-0.0010724048473054835,-1.168811329894015,-1.1689630644558604,0,0
602.1580731583105,89.76495072901147,87.41019065628254,1.1931243893643553,0.007314285975199946,0.00536202423652755,1.5,0,0,0.3068756106356447,-0.007314285975199946,-0.00536202423652755,-1.1929371252274108,-1.1936957980366374,0,0
1284.2268420173286,93.96808322544976,99.53441397948464,1.223393132453476,0.007687598889981604,0.019303287251499223,1.5,0,0,0.2766068675465241,-0.007687598889981604,-0.019303287251499223,-1.2222218956635453,-1.2249531177767603,0,0
1284.2268420173286,93.53102222430564,99.53441397948464,1.2535036754644653,0.008414280499801228,0.028954930877248854,1.5,0,0,0.24649632453553472,-0.008414280499801228,-0.028954930877248854,-1.2516584006615252,-1.2557552338313476,0,0
1411.3480414449798,94.8539958627646,103.61058678886198,1.283834883948702,0.009390437362528455,0.03538935996108194,1.5,0,0,0.21616511605129807,-0.009390437362528455,-0.03538935996108194,-1.2815501093450408,-1.2865573498859348,0,0
204.85569342211394,83.38264517783642,89.76495072901147,1.3143930447602763,0.010390300904567405,0.03002733572455435,1.5,0,0,0.1856069552397237,-0.010390300904567405,-0.03002733572455435,-1.3125039599614732,-1.3167525276931409,0,0
1284.2268420173286,93.53102222430564,99.53441397948464,1.345257601361929,0.011300795633485329,0.028954930877248826,1.5,0,0,0.15474239863807093,-0.011300795633485329,-0.028954930877248826,-1.3434578105779056,-1.3475546437477282,0,0
1284.2268420173286,92.66842176880655,103.61058678886198,1.376349164560057,0.012234673130755462,0.031099740571859845,1.5,0,0,0.12365083543994304,-0.012234673130755462,-0.031099740571859845,-1.374411661194338,-1.378811963487851,0,0
437.33222201576723,85.53518482670935,93.09781934285294,1.4066097619133635,0.013029920607066339,0.021448096946110214,1.5,0,0,0.09339023808663649,-0.013029920607066339,-0.021448096946110214,-1.4053655118107704,-1.408400203047676,0,0
1284.2268420173286,89.76495072901147,99.53441397948464,1.4346765237331265,0.013511550776890596,0.012868858167666107,1.5,0,0,0.06532347626687351,-0.013511550776890596,-0.012868858167666107,-1.434043343999524,-1.4358641587416676,0,0
1284.2268420173286,90.57673222463723,101.02616679983112,1.4570569823019024,0.013643557325086916,-0.001072404847305565,1.5,0,0,0.04294301769809761,-0.013643557325086916,0.001072404847305565,-1.4574104665236935,-1.4572587319618489,0,0
1411.3480414449798,90.98786202822609,96.67455639633857,1.4732919829259017,0.01350426996081035,-0.016086072709582736,1.5,0,0,0.02670801707409831,-0.01350426996081035,0.016086072709582736,-1.4747082065740529,-1.4724321881463744,0,0
236.49825525583836,83.73432085224402,90.98786202822609,1.4852005417061818,0.013255203128373435,-0.025737716335332367,1.5,0,0,0.014799458293818235,-0.013255203128373435,0.025737716335332367,-1.4873021752072093,-1.4836605457229235,0,0
1284.2268420173286,92.66842176880655,100.02692680886574,1.4927840897096532,0.013035560634818978,-0.03217214541916543,1.5,0,0,0.00721591029034685,-0.013035560634818978,0.03217214541916543,-1.495344106985008,-1.4907920701296506,0,0
1411.3480414449798,93.53102222430564,97.6101426547749,1.4961961695959285,0.012920254144430614,-0.035389359961081966,1.5,0,0,0.0038038304040715065,-0.012920254144430614,0.035389359961081966,-1.4989857364692942,-1.493978495928401,0,0
204.85569342211394,89.36420701132127,84.8062010048873,1.497181688780589,0.012881658473272412,-0.042896193892220554,1.5,0,0,0.002818311219410896,-0.012881658473272412,0.042896193892220554,-1.5005030820877467,-1.494433699613937,0,0
1284.2268420173286,90.16911060094986,96.67455639633857,1.497181688780589,0.012881658473272412,-0.042896193892220554,1.5,0,0,0.002818311219410896,-0.012881658473272412,0.042896193892220554,-1.5005030820877467,-1.494433699613937,0,0
1180.1265773010464,89.36420701132127,98.08447665807216,1.497181688780589,0.012881658473272412,-0.042896193892220554,1.5,0,0,0.002818311219410896,-0.012881658473272412,0.042896193892220554,-1.5005030820877467,-1.494433699613937,0,0
1411.3480414449798,90.98786202822609,96.21317986298715,1.497181688780589,0.012881658473272412,-0.042896193892220554,1.5,0,0,0.002818311219410896,-0.012881658473272412,0.042896193892220554,-1.5005030820877467,-1.494433699613937,0,0
602.1580731583105,82.68751571021457,90.57673222463723,1.497181688780589,0.012881658473272412,-0.042896193892220554,1.5,0,0,0.002818311219410896,-0.012881658473272412,0.042896193892220554,-1.5005030820877467,-1.494433699613937,0,0
1284.2268420173286,90.16911060094986,97.14019014961423,1.497181688780589,0.012881658473272412,-0.042896193892220554,1.5,0,0,0.002818311219410896,-0.012881658473272412,0.042896193892220554,-1.5005030820877467,-1.494433699613937,0,0
1180.1265773010464,93.09781934285294,98.08447665807216,1.497181688780589,0.012881658473272412,-0.042896193892220554,-0.002818311219410896,0,0,-1.5,-0.012881658473272412,0.042896193892220554,-1.5005030820877467,-1.494433699613937,0,0
1284.2268420173286,89.76495072901147,96.21317986298715,1.4908903531756181,0.013148318910637617,-0.04182378904491504,-0.002818311219410896,0,0,-1.493708664395029,-0.013148318910637617,0.04182378904491504,-1.494130230490246,-1.4882125825782813,0,0
1284.2268420173286,84.8062010048873,93.09781934285294,1.46306099315622,0.014029020789220428,-0.0214480969461103,-0.002818311219410896,0,0,-1.4658793043756309,-0.014029020789220428,0.0214480969461103,-1.4648454600541114,-1.4618107688172066,0,0
1284.2268420173286,90.16911060094986,96.67455639633857,1.4381789432322938,0.014375930466837314,-0.006434429083833106,-0.002818311219410896,0,0,-1.4409972544517047,-0.014375930466837314,0.006434429083833106,-1.4388988499785724,-1.4379884426075014,0,0
1284.2268420173286,91.82083615681199,99.53441397948464,1.4071494439101702,0.014259463270712676,0.01394126301497163,-0.002818311219410896,0,0,-1.409967755129581,-0.014259463270712676,-0.01394126301497163,-1.4064276537436875,-1.4084002030476763,0,0
204.85569342211394,83.38264517783642,89.76495072901147,1.3765068346119147,0.013569259644896175,0.031099740571859845,-0.002818311219410896,0,0,-1.3793251458313256,-0.013569259644896175,-0.031099740571859845,-1.3745633957561836,-1.3789636980496964,0,0
1284.2268420173286,94.40905615911757,103.08353533160607,1.3464799918461414,0.012570662851017907,0.03538935996108191,-0.002818311219410896,0,0,-1.3492983030655523,-0.012570662851017907,-0.03538935996108191,-1.3442164833871322,-1.349223723928026,0,0
1284.2268420173286,94.40905615911757,99.04654639912101,1.3166895598414936,0.011339988433867198,0.047185813281442564,-0.002818311219410896,0,0,-1.3195078710609045,-0.011339988433867198,-0.047185813281442564,-1.3135661018943903,-1.320242422615582,0,0
1180.1265773010464,95.7560002023429,102.04483787812359,1.2866093177376599,0.009806397369259118,0.05469264721258115,-0.002818311219410896,0,0,-1.2894276289570707,-0.009806397369259118,-0.05469264721258115,-1.2829157204016484,-1.290654183055757,0,0
1284.2268420173286,95.30295822324965,102.56164513946942,1.2560012435779606,0.008196527223883998,0.050403027823359085,-0.002818311219410896,0,0,-1.2588195547973715,-0.008196527223883998,-0.050403027823359085,-1.252568808032597,-1.2597003324393246,0,0
1284.2268420173286,97.14019014961423,98.56325615049124,1.2250084576096425,0.0066830508575472895,0.04718581328144254,-0.002818311219410896,0,0,-1.2278267688290534,-0.0066830508575472895,-0.04718581328144254,-1.2217666919780097,-1.2284430126992016,0,0
1284.2268420173286,94.40905615911757,102.56164513946942,1.2002256195141516,0.005552735570646191,0.043968598739526,-0.002818311219410896,0,0,-1.2030439307335625,-0.005552735570646191,-0.043968598739526,-1.197185692959078,-1.2034068099947342,0,0
624.3377665398167,90.57673222463723,93.53102222430564,1.169141942753874,0.004385487376957212,0.031099740571859824,-0.002818311219410896,0,0,-1.171960253973285,-0.004385487376957212,-0.031099740571859824,-1.166990515151872,-1.1713908174453849,0,0
1284.2268420173286,94.8539958627646,100.02692680886574,1.1383455652155736,0.0037909422073362188,0.007506833931138546,-0.002818311219410896,0,0,-1.1411638764349845,-0.0037909422073362188,-0.007506833931138546,-1.1378574792775826,-1.1389196212105,0,0
1284.2268420173286,92.66842176880655,99.04654639912101,1.1079986528465222,0.0037909422073362196,-0.0075068339311385995,-0.002818311219410896,0,0,-1.110816964065933,-0.0037909422073362196,0.0075068339311385995,-1.108572708841448,-1.1075105669085317,0,0
236.49825525583836,87.41019065628254,90.16911060094986,1.0778824987237545,0.004226978252168328,-0.021448096946110273,-0.002818311219410896,0,0,-1.0807008099431654,-0.004226978252168328,0.021448096946110273,-1.0794396729671587,-1.076404981730254,0,0
1284.2268420173286,92.2427776670329,96.67455639633857,1.0471651941407552,0.004968303320120337,-0.026810121182637838,-0.002818311219410896,0,0,-1.049983505360166,-0.004968303320120337,0.026810121182637838,-1.0490927605981073,-1.0452993965519761,0,0
1284.2268420173286,93.09781934285294,102.56164513946942,1.0169082864956753,0.005893349526879234,-0.03431695511377645,-0.002818311219410896,0,0,-1.0197265977150862,-0.005893349526879234,0.03431695511377645,-1.019352786476437,-1.0144972804973889,0,0
1284.2268420173286,90.98786202822609,99.53441397948464,0.9865075508600243,0.007051276313050397,-0.04182378904491506,-0.002818311219410896,0,0,-0.9893258620794352,-0.007051276313050397,0.04182378904491506,-0.9894610777929213,-0.9835434298809564,0,0
1284.2268420173286,86.65098914560704,91.40254728973653,0.9560369596543979,0.008359150999364231,-0.04396859873952608,-0.002818311219410896,0,0,-0.9588552708738088,-0.008359150999364231,0.04396859873952608,-0.9591141654238698,-0.9528930483882145,0,0
1284.2268420173286,79.36799805452281,102.56164513946942,0.9252631784865266,0.00968003936414885,-0.04182378904491503,-0.002818311219410896,0,0,-0.9280814897059375,-0.00968003936414885,0.04182378904491503,-0.9281603148074374,-0.9222426668954726,0,0
1284.2268420173286,69.22073170815571,91.40254728973653,0.9002456312891821,0.010646361302127727,-0.035389359961081945,-0.002818311219410896,0,0,-0.903063942508593,-0.010646361302127727,0.035389359961081945,-0.9026689084174343,-0.897661667876541,0,0
562.6000187683081,54.842902515546676,91.40254728973653,0.8683225898458252,0.011690883761677102,-0.03002733572455438,-0.002818311219410896,0,0,-0.8711409010652361,-0.011690883761677102,0.03002733572455438,-0.8703494467443945,-0.8661008790127276,0,0
1284.2268420173286,60.213094273732246,136.15031850713706,0.8359375477481867,0.012507208678370081,-0.020375692098804774,-0.002818311219410896,0,0,-0.8387558589675976,-0.012507208678370081,0.020375692098804774,-0.8372713122621285,-0.8343883555870689,0,0
1284.2268420173286,95.30295822324965,198.76603234393832,0.8039233961842576,0.012850543153418086,-0.0010724048473055373,-0.002818311219410896,0,0,-0.8067417074036685,-0.012850543153418086,0.0010724048473055373,-0.8038897086561719,-0.803737974094327,0,0
624.3377665398167,185.91929651913173,130.91477695173097,0.7719845978794019,0.012559398851510107,0.0193032872514992,-0.002818311219410896,0,0,-0.7748029090988128,-0.012559398851510107,-0.0193032872514992,-0.7705081050502154,-0.7732393271634304,0,0
417.22151175368833,242.3065498311679,126.06628950603962,0.7467288156346393,0.011922780122566872,0.031099740571859852,-0.002818311219410896,0,0,-0.7495471268540502,-0.011922780122566872,-0.031099740571859852,-0.7444097604128311,-0.748810062706344,0,0
1284.2268420173286,353.40072554933454,138.92864283985838,0.7150373701439773,0.01076674174286275,0.041823789044914954,-0.002818311219410896,0,0,-0.7178556813633882,-0.01076674174286275,-0.041823789044914954,-0.7119385641779461,-0.7178562120899116,0,0
1284.2268420173286,399.01729906632625,124.52854747504531,0.6896494804928045,0.009581546710357618,0.05147543267066458,-0.002818311219410896,0,0,-0.6924677917122154,-0.009581546710357618,-0.05147543267066458,-0.6858402195405618,-0.6931234785091347,0,0
236.49825525583836,193.04122344313365,116.69355260679126,0.658141597216078,0.007754887156310413,0.06434429083833074,-0.002818311219410896,0,0,-0.6609599084354889,-0.007754887156310413,-0.06434429083833074,-0.6533690233056768,-0.6624730970163928,0,0
417.22151175368833,265.2554052777127,96.67455639633857,0.6265671778925487,0.0057714415678942884,0.061127076296414166,-0.002818311219410896,0,0,-0.6293854891119596,-0.0057714415678942884,-0.061127076296414166,-0.6219599690037086,-0.6306088390288889,0,0
602.1580731583105,228.31501027837746,111.57932338755117,0.6008920844823513,0.004269122409065026,0.05576505205988658,-0.002818311219410896,0,0,-0.6037103957017622,-0.004269122409065026,-0.05576505205988658,-0.5966202971755508,-0.6045104943915046,0,0
236.49825525583836,437.33222201576723,137.98997206957193,0.5691382762320785,0.0027867441445287577,0.03753416965569289,-0.002818311219410896,0,0,-0.5719565874514894,-0.0027867441445287577,-0.03753416965569289,-0.5661216502446541,-0.5714323599092386,0,0
1284.2268420173286,312.50933522689996,171.72011046907937,0.5377433807100664,0.0018437556472852591,0.022520501793415717,-0.002818311219410896,0,0,-0.5405616919294773,-0.0018437556472852591,-0.022520501793415717,-0.5357747378756027,-0.5389611636743535,0,0
427.0195773074906,245.3252030939217,147.99350743133397,0.5066413012243772,0.0013767642673233682,0.007506833931138572,-0.002818311219410896,0,0,-0.5094596124437881,-0.0013767642673233682,-0.007506833931138572,-0.5057312946302418,-0.506793436563159,0,0
1284.2268420173286,84.8062010048873,198.76603234393832,0.4756875218050028,0.0014431543353096465,-0.011796453320360641,-0.002818311219410896,0,0,-0.4785058330244137,-0.0014431543353096465,0.011796453320360641,-0.47614305507041665,-0.4744739748901193,0,0
1284.2268420173286,65.21205562750623,245.3252030939217,0.4511097030284729,0.0018385490201184391,-0.02037569209880475,-0.002818311219410896,0,0,-0.4539280142478838,-0.0018385490201184391,0.02037569209880475,-0.45216899429886603,-0.4492860376238066,0,0
1284.2268420173286,61.397967211159504,146.92774685951784,0.4205433153399839,0.0025434340928258865,-0.02573771633533234,-0.002818311219410896,0,0,-0.4233616265593948,-0.0025434340928258865,0.02573771633533234,-0.4219738164916599,-0.4183321870073742,0,0
602.1580731583105,58.694353098834746,101.5330368193872,0.38952430702544155,0.003358612583580647,-0.026810121182637838,-0.002818311219410896,0,0,-0.39234261824485245,-0.003358612583580647,0.026810121182637838,-0.39101996587522747,-0.3872266018290965,0,0
1284.2268420173286,67.75651089553122,105.77203060255431,0.3580511572582231,0.004219502129936548,-0.02788252602994336,-0.002818311219410896,0,0,-0.360869468477634,-0.004219502129936548,0.02788252602994336,-0.35961091157325925,-0.35566581296528305,0,0
236.49825525583836,65.43626790658098,108.6000844939372,0.32680418984042375,0.00502390534180432,-0.023592906640721344,-0.002818311219410896,0,0,-0.32962250105983465,-0.00502390534180432,0.023592906640721344,-0.3280501227094458,-0.32471196234885064,0,0
251.60762066022812,72.86976705815192,360.20900612823414,0.29524864568329584,0.005599254499934042,-0.01286885816766624,-0.002818311219410896,0,0,-0.29806695690270674,-0.005599254499934042,0.01286885816766624,-0.29573066103640605,-0.2939098462942635,0,0
1284.2268420173286,84.08878225753256,407.8990969411948,0.26338660472637837,0.005975131014131852,-0.010724048473055196,-0.002818311219410896,0,0,-0.26620491594578927,-0.005975131014131852,0.010724048473055196,-0.2637146684870568,-0.26219732286860475,0,0
1284.2268420173286,173.18670720903205,187.6483042942066,0.2316745371878268,0.006145173518514998,-9.194034422677078e-17,-0.002818311219410896,0,0,-0.2344928484072377,-0.006145173518514998,9.194034422677078e-17,-0.23124347225217182,-0.23124347225217232,0,0
1411.3480414449798,209.13650375320472,176.198566643824,0.20049409329403253,0.005894382666772361,0.01608607270958258,-0.002818311219410896,0,0,-0.20331240451344343,-0.005894382666772361,-0.01608607270958258,-0.19892401057913206,-0.20120002900681141,0,0
1284.2268420173286,206.97300472647143,162.1258003695371,0.16932092867872486,0.005175504838279162,0.030027335724554228,-0.002818311219410896,0,0,-0.17213923989813576,-0.005175504838279162,-0.030027335724554228,-0.16675628346793758,-0.17100485119960526,0,0
1284.2268420173286,177.7453057985956,135.24881572421333,0.14452739432380868,0.004311021809695833,0.03967897935030386,-0.002818311219410896,0,0,-0.14734570554321957,-0.004311021809695833,-0.03967897935030386,-0.1412648770779344,-0.1468790558662094,0,0
1284.2268420173286,124.52854747504531,131.75922954059277,0.11329882821256976,0.0029706129272050424,0.04611340843413692,-0.002818311219410896,0,0,-0.11611713943198065,-0.0029706129272050424,-0.04611340843413692,-0.10955235365227567,-0.11607693981162222,0,0
1284.2268420173286,112.81620876492863,129.25786434407527,0.08237637020305903,0.0015768917806120088,0.0439685987395259,-0.002818311219410896,0,0,-0.08519468142246993,-0.0015768917806120088,-0.0439685987395259,-0.0787502375976885,-0.08497135463334453,0,0
1284.2268420173286,104.68049512451793,141.82331249922515,0.0544027871923085,0.00048136849927534636,0.034316955113776276,-0.002818311219410896,0,0,-0.05722109841171939,-0.00048136849927534636,-0.034316955113776276,-0.05143801646554223,-0.05629352244459095,0,0
1284.2268420173286,98.56325615049124,135.24881572421333,0.03597626271079958,-0.00010176653204787482,0.028954930877248736,-0.002818311219410896,0,0,-0.03879457393021048,0.00010176653204787482,-0.028954930877248736,-0.03338160360595664,-0.037478436775779084,0,0
1284.2268420173286,95.7560002023429,121.56203207857888,0.021567082252908754,-0.0005036350288793018,0.026810121182637727,-0.002818311219410896,0,0,-0.02438539347231965,0.0005036350288793018,-0.026810121182637727,-0.01911855479250248,-0.02291191883863441,0,0
1411.3480414449798,89.76495072901147,125.29273453547381,0.01148021646847322,-0.0007687175209829269,0.025737716335332204,-0.002818311219410896,0,0,-0.014298527687884116,0.0007687175209829269,-0.025737716335332204,-0.009104073710715517,-0.012745703195002187,0,0
204.85569342211394,85.53518482670935,97.6101426547749,0.00465389261490148,-0.0009224757544568996,0.01930328725149913,-0.002818311219410896,0,0,-0.007472203834312376,0.0009224757544568996,-0.01930328725149913,-0.0027312221132147216,-0.00546244422642985,0,0
602.1580731583105,83.73432085224402,98.56325615049124,0.00048176860951519573,-0.0009918323354238861,0.013941263014971565,-0.002818311219410896,0,0,-0.003300079828926092,0.0009918323354238861,-0.013941263014971565,0.001062141932916704,-0.0009104073710721394,0,0
1284.2268420173286,90.57673222463723,105.77203060255431,-0.0006561684591430078,-0.0010046463339023915,0.008579238778444,-0.002818311219410896,0,0,-0.0021621427602678883,0.0010046463339023915,-0.008579238778444,0.001820814742142989,0.0006069382473804308,0,0
204.85569342211394,80.33749690282312,88.18202887947652,-0.0006561684591430078,-0.0010046463339023915,0.008579238778444,-0.002818311219410896,0,0,-0.0021621427602678883,0.0010046463339023915,-0.008579238778444,0.001820814742142989,0.0006069382473804308,0,0
602.1580731583105,83.73432085224402,98.56325615049124,-0.0006561684591430078,-0.0010046463339023915,0.008579238778444,-0.002818311219410896,0,0,-0.0021621427602678883,0.0010046463339023915,-0.008579238778444,0.001820814742142989,0.0006069382473804308,0,0
1284.2268420173286,89.76495072901147,105.77203060255431,-0.0006561684591430078,-0.0010046463339023915,0.008579238778444,-0.002818311219410896,0,0,-0.0021621427602678883,0.0010046463339023915,-0.008579238778444,0.001820814742142989,0.0006069382473804308,0,0
236.49825525583836,85.16922919230018,99.04654639912101,-0.0006561684591430078,-0.0010046463339023915,0.008579238778444,-0.002818311219410896,0,0,-0.0021621427602678883,0.0010046463339023915,-0.008579238778444,0.001820814742142989,0.0006069382473804308,0,0
602.1580731583105,88.18202887947652,92.2427776670329,-0.0006561684591430078,-0.0010046463339023915,0.008579238778444,-0.002818311219410896,0,0,-0.0021621427602678883,0.0010046463339023915,-0.008579238778444,0.001820814742142989,0.0006069382473804308,0,0
1284.2268420173286,92.2427776670329,105.22351709380416,-0.0006561684591430078,-0.0010046463339023915,0.008579238778444,-0.002818311219410896,0,0,-0.0021621427602678883,0.0010046463339023915,-0.008579238778444,0.001820814742142989,0.0006069382473804308,0,0
1284.2268420173286,90.57673222463723,105.77203060255431,-0.0006561684591430078,-0.0010046463339023915,0.008579238778444,-0.002818311219410896,0,0,-0.0021621427602678883,0.0010046463339023915,-0.008579238778444,0.001820814742142989,0.0006069382473804308,0,0
624.3377665398167,79.6887422048836,92.2427776670329,-0.0006561684591430078,-0.0010046463339023915,0.008579238778444,-0.002818311219410896,0,0,-0.0021621427602678883,0.0010046463339023915,-0.008579238778444,0.001820814742142989,0.0006069382473804308,0,0
624.3377665398167,83.73432085224402,95.30295822324965,-0.0006561684591430078,-0.0010046463339023915,0.008579238778444,-0.002818311219410896,0,0,-0.0021621427602678883,0.0010046463339023915,-0.008579238778444,0.001820814742142989,0.0006069382473804308,0,0
1284.2268420173286,92.66842176880655,110.97077873540402,-0.0006561684591430078,-0.0010046463339023915,0.008579238778444,-0.002818311219410896,0,0,-0.0021621427602678883,0.0010046463339023915,-0.008579238778444,0.001820814742142989,0.0006069382473804308,0,0
1284.2268420173286,92.66842176880655,109.18344276436585,-0.0006561684591430078,-0.0010046463339023915,0.008579238778444,-0.002818311219410896,0,0,-0.0021621427602678883,0.0010046463339023915,-0.008579238778444,0.001820814742142989,0.0006069382473804308,0,0
602.1580731583105,93.09781934285294,98.08447665807216,-0.0006561684591430078,-0.0010046463339023915,0.008579238778444,-0.002818311219410896,0,0,-0.0021621427602678883,0.0010046463339023915,-0.008579238778444,0.001820814742142989,0.0006069382473804308,0,0
602.1580731583105,85.53518482670935,101.02616679983112,-0.0006561684591430078,-0.0010046463339023915,0.008579238778444,-0.002818311219410896,0,0,-0.0021621427602678883,0.0010046463339023915,-0.008579238778444,0.001820814742142989,0.0006069382473804308,0,0
236.49825525583836,85.16922919230018,99.04654639912101,-0.0006561684591430078,-0.0010046463339023915,0.008579238778444,-0.002818311219410896,0,0,-0.0021621427602678883,0.0010046463339023915,-0.008579238778444,0.001820814742142989,0.0006069382473804308,0,0
1180.1265773010464,92.2427776670329,107.45140018288424,-0.0006561684591430078,-0.0010046463339023915,0.008579238778444,-0.002818311219410896,0,0,-0.0021621427602678883,0.0010046463339023915,-0.008579238778444,0.001820814742142989,0.0006069382473804308,0,0
624.3377665398167,84.8062010048873,98.08447665807216,-0.0006561684591430078,-0.0010046463339023915,0.008579238778444,-0.002818311219410896,0,0,-0.0021621427602678883,0.0010046463339023915,-0.008579238778444,0.001820814742142989,0.0006069382473804308,0,0
1284.2268420173286,90.57673222463723,106.32612268515561,-0.0006561684591430078,-0.0010046463339023915,0.008579238778444,-0.002818311219410896,0,0,-0.0021621427602678883,0.0010046463339023915,-0.008579238778444,0.001820814742142989,0.0006069382473804308,0,0
1284.2268420173286,89.76495072901147,110.36868736531008,-0.0006561684591430078,-0.0010046463339023915,0.008579238778444,-0.002818311219410896,0,0,-0.0021621427602678883,0.0010046463339023915,-0.008579238778444,0.001820814742142989,0.0006069382473804308,0,0
602.1580731583105,87.02903054016306,100.52415418066585,-0.0006561684591430078,-0.0010046463339023915,0.008579238778444,-0.002818311219410896,0,0,-0.0021621427602678883,0.0010046463339023915,-0.008579238778444,0.001820814742142989,0.0006069382473804308,0,0
648.3999468665874,83.38264517783642,101.5330368193872,-0.0006561684591430078,-0.0010046463339023915,0.008579238778444,-0.002818311219410896,0,0,-0.0021621427602678883,0.0010046463339023915,-0.008579238778444,0.001820814742142989,0.0006069382473804308,0,0
1284.2268420173286,89.76495072901147,105.77203060255431,-0.0006561684591430078,-0.0010046463339023915,0.008579238778444,-0.002818311219410896,0,0,-0.0021621427602678883,0.0010046463339023915,-0.008579238778444,0.001820814742142989,0.0006069382473804308,0,0
1284.2268420173286,93.09781934285294,106.88588226030939,-0.0006561684591430078,-0.0010046463339023915,0.008579238778444,-0.002818311219410896,0,0,-0.0021621427602678883,0.0010046463339023915,-0.008579238778444,0.001820814742142989,0.0006069382473804308,0,0
602.1580731583105,84.44606393366254,98.56325615049124,-0.0006561684591430078,-0.0010046463339023915,0.008579238778444,-0.002818311219410896,0,0,-0.0021621427602678883,0.0010046463339023915,-0.008579238778444,0.001820814742142989,0.0006069382473804308,0,0
236.49825525583836,90.57673222463723,96.21317986298715,-0.0006561684591430078,-0.0010046463339023915,0.008579238778444,-0.002818311219410896,0,0,-0.0021621427602678883,0.0010046463339023915,-0.008579238778444,0.001820814742142989,0.0006069382473804308,0,0
1284.2268420173286,93.09781934285294,110.97077873540402,-0.0006561684591430078,-0.0010046463339023915,0.008579238778444,-0.002818311219410896,0,0,-0.0021621427602678883,0.0010046463339023915,-0.008579238778444,0.001820814742142989,0.0006069382473804308,0,0
602.1580731583105,86.65098914560704,98.08447665807216,-0.0006561684591430078,-0.0010046463339023915,0.008579238778444,-0.002818311219410896,0,0,-0.0021621427602678883,0.0010046463339023915,-0.008579238778444,0.001820814742142989,0.0006069382473804308,0,0
1284.2268420173286,90.57673222463723,105.77203060255431,-0.0006561684591430078,-0.0010046463339023915,0.008579238778444,-0.002818311219410896,0,0,-0.0021621427602678883,0.0010046463339023915,-0.008579238778444,0.001820814742142989,0.0006069382473804308,0,0
1284.2268420173286,89.76495072901147,110.36868736531008,-0.0006561684591430078,-0.0010046463339023915,0.008579238778444,-0.002818311219410896,0,0,-0.0021621427602678883,0.0010046463339023915,-0.008579238778444,0.001820814742142989,0.0006069382473804308,0,0
236.49825525583836,88.18202887947652,98.08447665807216,-0.0006561684591430078,-0.0010046463339023915,0.008579238778444,-0.002818311219410896,0,0,-0.0021621427602678883,0.0010046463339023915,-0.008579238778444,0.001820814742142989,0.0006069382473804308,0,0
602.1580731583105,83.38264517783642,98.08447665807216,-0.0006561684591430078,-0.0010046463339023915,0.008579238778444,-0.002818311219410896,0,0,-0.0021621427602678883,0.0010046463339023915,-0.008579238778444,0.001820814742142989,0.0006069382473804308,0,0
1284.2268420173286,89.76495072901147,105.77203060255431,-0.0006561684591430078,-0.0010046463339023915,0.008579238778444,-0.002818311219410896,0,0,-0.0021621427602678883,0.0010046463339023915,-0.008579238778444,0.001820814742142989,0.0006069382473804308,0,0
1284.2268420173286,90.16911060094986,106.32612268515561,-0.0006561684591430078,-0.0010046463339023915,0.008579238778444,-0.002818311219410896,0,0,-0.0021621427602678883,0.0010046463339023915,-0.008579238778444,0.001820814742142989,0.0006069382473804308,0,0
1284.2268420173286,92.66842176880655,109.18344276436585,-0.0006561684591430078,-0.0010046463339023915,0.008579238778444,-0.002818311219410896,0,0,-0.0021621427602678883,0.0010046463339023915,-0.008579238778444,0.001820814742142989,0.0006069382473804308,0,0
1180.1265773010464,90.57673222463723,106.32612268515561,-0.0006561684591430078,-0.0010046463339023915,0.008579238778444,-0.002818311219410896,0,0,-0.0021621427602678883,0.0010046463339023915,-0.008579238778444,0.001820814742142989,0.0006069382473804308,0,0
236.49825525583836,84.8062010048873,101.5330368193872,-0.0006561684591430078,-0.0010046463339023915,0.008579238778444,-0.002818311219410896,0,0,-0.0021621427602678883,0.0010046463339023915,-0.008579238778444,0.001820814742142989,0.0006069382473804308,0,0
