FDist,LDist,RDist,XEst,YEst,ThetaEst,XDes,YDes,ThetaDes,XError,YError,ThetaError,SL,SR,RW,LW
236.49825525583836,86.2760268879407,90.98786202822609,0.0,0.0,0.0,0,0,0,0.0,0.0,0.0,0.0,0.0,0,0
624.3377665398167,89.76495072901147,85.53518482670935,0.0,0.0,0.0,0,0,0,0.0,0.0,0.0,0.0,0.0,0,0
1284.2268420173286,91.82083615681199,96.67455639633857,0.0,0.0,0.0,0,0,0,0.0,0.0,0.0,0.0,0.0,0,0
1284.2268420173286,94.40905615911757,96.67455639633857,0.0,0.0,0.0,0,0,0,0.0,0.0,0.0,0.0,0.0,0,0
1284.2268420173286,93.09781934285294,96.67455639633857,0.0,0.0,0.0,0,0,0,0.0,0.0,0.0,0.0,0.0,0,0
1284.2268420173286,95.7560002023429,96.67455639633857,0.0,0.0,0.0,0,0,0,0.0,0.0,0.0,0.0,0.0,0,0
624.3377665398167,80.01189902085736,85.90410486184942,0.0,0.0,0.0,0,0,0,0.0,0.0,0.0,0.0,0.0,0,0
1284.2268420173286,93.09781934285294,96.21317986298715,0.0,0.0,0.0,0,0,0,0.0,0.0,0.0,0.0,0.0,0,0
1284.2268420173286,92.66842176880655,96.21317986298715,0.0,0.0,0.0,0,0,0,0.0,0.0,0.0,0.0,0.0,0,0
1284.2268420173286,94.8539958627646,97.14019014961423,0.0,0.0,0.0,0,0,0,0.0,0.0,0.0,0.0,0.0,0,0
1284.2268420173286,96.21317986298715,98.08447665807216,0.0,0.0,0.0,0,0,0,0.0,0.0,0.0,0.0,0.0,0,0
1284.2268420173286,92.66842176880655,98.08447665807216,0.0,0.0,0.0,0,0,0,0.0,0.0,0.0,0.0,0.0,0,0
417.22151175368833,89.36420701132127,89.36420701132127,0.0,0.0,0.0,0,0,0,0.0,0.0,0.0,0.0,0.0,0,0
602.1580731583105,87.79450977305973,85.53518482670935,0.0,0.0,0.0,0,0,0,0.0,0.0,0.0,0.0,0.0,0,0
1284.2268420173286,96.21317986298715,99.04654639912101,0.0,0.0,0.0,0,0,0,0.0,0.0,0.0,0.0,0.0,0,0
1284.2268420173286,96.21317986298715,97.14019014961423,0.0,0.0,0.0,0,0,0,0.0,0.0,0.0,0.0,0.0,0,0
1284.2268420173286,93.96808322544976,96.67455639633857,0.0,0.0,0.0,0,0,0,0.0,0.0,0.0,0.0,0.0,0,0
1284.2268420173286,95.30295822324965,97.14019014961423,0.0,0.0,0.0,2.5,0,0,2.5,0.0,0.0,0.0,0.0,0,0
1284.2268420173286,91.82083615681199,96.67455639633857,0.002655354450567438,1.4238076285058125e-06,0.0010724048473055104,2.5,0,0,2.4973446455494326,-1.4238076285058125e-06,-0.0010724048473055104,-0.0025794875513693695,-0.002731222113214626,0,0
602.1580731583105,86.65098914560704,107.45140018288424,0.0292844599746913,0.00012993212351676076,0.008579238778444097,2.5,0,0,2.4707155400253087,-0.00012993212351676076,-0.008579238778444097,-0.02867783218875358,-0.029891708683515636,0,0
512.8513118946122,84.8062010048873,112.81620876492863,0.05272596358905029,0.00039390049217397544,0.013941263014971662,2.5,0,0,2.4472740364109495,-0.00039390049217397544,-0.013941263014971662,-0.051741485589232646,-0.05371403489322099,0,0
1284.2268420173286,74.25900132173959,162.1258003695371,0.08223609156315528,0.0007578571935525852,0.010724048473055144,2.5,0,0,2.4177639084368447,-0.0007578571935525852,-0.010724048473055144,-0.08148145971090302,-0.0829988053293556,0,0
1284.2268420173286,74.54267433246892,187.6483042942066,0.10590532210331145,0.0010116969002231476,0.010724048473055144,2.5,0,0,2.3940946778966885,-0.0010116969002231476,-0.010724048473055144,-0.10515205135876313,-0.1066693969772157,0,0
1411.3480414449798,69.22073170815571,187.6483042942066,0.13526443613085204,0.0013108133828074946,0.009651643625749644,2.5,0,0,2.364735563869148,-0.0013108133828074946,-0.009651643625749644,-0.134588556356743,-0.1359541674133503,0,0
1284.2268420173286,72.05879380612686,185.91929651913173,0.16469957007207509,0.001594919627638162,0.009651643625749644,2.5,0,0,2.335300429927925,-0.001594919627638162,-0.009651643625749644,-0.16402506135472286,-0.16539067241133018,0,0
1284.2268420173286,72.32728403086773,265.2554052777127,0.18889969839887288,0.0018674306619477145,0.012868858167666189,2.5,0,0,2.311100301601127,-0.0018674306619477145,-0.012868858167666189,-0.18799912212627348,-0.18981993686841656,0,0
1180.1265773010464,81.32922784467303,170.27879631253745,0.21893925468129824,0.0023506908322695735,0.019303287251499275,2.5,0,0,2.281060745318702,-0.0023506908322695735,-0.019303287251499275,-0.2175873616860986,-0.2203185837993132,0,0
1284.2268420173286,185.91929651913173,200.75362703878065,0.24897433684504247,0.00305943722863048,0.027882526029943382,2.5,0,0,2.2510256631549574,-0.00305943722863048,-0.027882526029943382,-0.24702386668407847,-0.25096896529205515,0,0
236.49825525583836,239.3652489782259,179.3202830877122,0.2785492384237495,0.003947759726033779,0.032172145419165424,2.5,0,0,2.2214507615762504,-0.003947759726033779,-0.032172145419165424,-0.2763086371202131,-0.2808606739755708,0,0
602.1580731583105,204.85569342211394,151.28683687310368,0.30797150916555815,0.00486307982949767,0.030027335724554405,2.5,0,0,2.192028490834442,-0.00486307982949767,-0.030027335724554405,-0.3058968766800382,-0.3101454444117054,0,0
1284.2268420173286,242.3065498311679,179.3202830877122,0.3379240901128669,0.0058109742219778085,0.03324455026647095,2.5,0,0,2.162075909887133,-0.0058109742219778085,-0.03324455026647095,-0.3356368508017086,-0.34034062221891154,0,0
602.1580731583105,170.27879631253745,176.198566643824,0.36802510888626666,0.006860514779615679,0.03646176480838749,2.5,0,0,2.1319748911137335,-0.006860514779615679,-0.03646176480838749,-0.3655285594852242,-0.37068753458796294,0,0
1411.3480414449798,185.91929651913173,204.85569342211394,0.39812259528864435,0.008006891173904835,0.03967897935030403,2.5,0,0,2.1018774047113555,-0.008006891173904835,-0.03967897935030403,-0.3954202681687399,-0.40103444695701435,0,0
239.3652489782259,182.55823066529945,196.81893899271049,0.4281436519254578,0.00916647749947949,0.03753416965569301,2.5,0,0,2.071856348074542,-0.00916647749947949,-0.03753416965569301,-0.425615445975946,-0.43092615564053,0,0
230.97580043058096,360.20900612823414,189.41093412341306,0.4583974269170997,0.010188861714256321,0.030027335724554405,2.5,0,0,2.0416025730829004,-0.010188861714256321,-0.030027335724554405,-0.4564175620305332,-0.4606661297622004,0,0
1284.2268420173286,317.7208243859324,200.75362703878065,0.48857994797091603,0.011063038838603061,0.027882526029943386,2.5,0,0,2.011420052029084,-0.011063038838603061,-0.027882526029943386,-0.4867644743995846,-0.4907095730075613,0,0
1180.1265773010464,140.84502956740286,191.20821604693444,0.5124711848688044,0.011639625002565735,0.020375692098804778,2.5,0,0,1.9875288151311956,-0.011639625002565735,-0.020375692098804778,-0.511193738856671,-0.5140766955317309,0,0
1284.2268420173286,85.16922919230018,223.1819809443389,0.5427380481078794,0.012142775471762604,0.012868858167666168,2.5,0,0,1.9572619518921206,-0.012142775471762604,-0.012868858167666168,-0.5419958549112581,-0.5438166696534013,0,0
1284.2268420173286,67.75651089553122,544.8761250677193,0.5668627197401189,0.012375625435309389,0.006434429083833106,2.5,0,0,1.933137280259881,-0.012375625435309389,-0.006434429083833106,-0.5665768539301897,-0.5674872613012614,0,0
624.3377665398167,59.067719529011335,196.81893899271049,0.5966784539872364,0.01245556197166424,-0.00107240484730548,2.5,0,0,1.9033215460127635,-0.01245556197166424,0.00107240484730548,-0.5969237662992412,-0.596772031737396,0,0
1284.2268420173286,60.01951173605402,228.31501027837746,0.626570162670752,0.012455561971664243,0.0010724048473055654,2.5,0,0,1.873429837329248,-0.012455561971664243,-0.0010724048473055654,-0.6266637404209116,-0.6268154749827569,0,0
498.3296704628293,59.827016433695995,189.41093412341306,0.6562342652470912,0.012471467936885552,6.722053469410127e-17,2.5,0,0,1.8437657347529088,-0.012471467936885552,-6.722053469410127e-17,-0.656403714542582,-0.6564037145425821,0,0
239.3652489782259,64.1112337943502,242.3065498311679,0.6859742393687616,0.012471467936885553,6.722053469410127e-17,2.5,0,0,1.8140257606312384,-0.012471467936885553,-6.722053469410127e-17,-0.6861436886642523,-0.6861436886642525,0,0
1284.2268420173286,71.00273031673345,293.3703955349555,0.7154864037607079,0.012582239915595787,0.0075068339311386775,2.5,0,0,1.7845135962392922,-0.012582239915595787,-0.0075068339311386775,-0.7151249899766965,-0.7161871319096134,0,0
1284.2268420173286,90.16911060094986,171.72011046907937,0.7453770123862018,0.01283868487599283,0.009651643625749723,2.5,0,0,1.7546229876137982,-0.01283868487599283,-0.009651643625749723,-0.7448649640983669,-0.7462305751549743,0,0
1411.3480414449798,117.36537105675751,187.6483042942066,0.7756457554753223,0.013211997790774492,0.015013667862277286,2.5,0,0,1.7243542445246778,-0.013211997790774492,-0.015013667862277286,-0.7747566727818825,-0.7768809566477162,0,0
1284.2268420173286,145.87739303694283,171.72011046907937,0.8052306603519536,0.013656209103421173,0.015013667862277286,2.5,0,0,1.6947693396480465,-0.013656209103421173,-0.015013667862277286,-0.8043449123417077,-0.8064691962075413,0,0
1284.2268420173286,97.6101426547749,147.99350743133397,0.834891658493017,0.014085655182840206,0.013941263014971787,2.5,0,0,1.665108341506983,-0.014085655182840206,-0.013941263014971787,-0.8340848864633781,-0.8360574357673665,0,0
1284.2268420173286,108.02276929750369,189.41093412341306,0.8644770227318317,0.014498139250738333,0.013941263014971787,2.5,0,0,1.6355229772681683,-0.014498139250738333,-0.013941263014971787,-0.8636731260232032,-0.8656456753271916,0,0
1180.1265773010464,82.68751571021457,140.84502956740286,0.8942145343059481,0.014880848196170127,0.011796453320360766,2.5,0,0,1.6057854656940518,-0.014880848196170127,-0.011796453320360766,-0.8935648347067189,-0.8952339148870168,0,0
1284.2268420173286,78.10859556029456,100.02692680886574,0.9238759759311347,0.015278485436561016,0.01501366786227731,2.5,0,0,1.5761240240688652,-0.015278485436561016,-0.01501366786227731,-0.9230013397046988,-0.9251256235705324,0,0
581.6409617069837,70.2289601667081,89.76495072901147,0.9536130599865587,0.015693084807371444,0.01286885816766629,2.5,0,0,1.5463869400134413,-0.015693084807371444,-0.01286885816766629,-0.9528930483882144,-0.9547138631303576,0,0
1284.2268420173286,94.40905615911757,102.56164513946942,0.984108743125029,0.01611826069274336,0.01501366786227731,2.5,0,0,1.515891256874971,-0.01611826069274336,-0.01501366786227731,-0.9832399607572658,-0.9853642446230995,0,0
602.1580731583105,81.6648832554738,96.21317986298715,1.014680053229501,0.016560886702988553,0.01394126301497181,2.5,0,0,1.485319946770499,-0.016560886702988553,-0.01394126301497181,-1.0138903422500078,-1.0158628915539962,0,0
851.4899528953961,90.16911060094986,100.52415418066585,1.045783849772655,0.016894458112395386,0.007506833931138749,2.5,0,0,1.454216150227345,-0.016894458112395386,-0.007506833931138749,-1.0454511311138213,-1.0465132730467381,0,0
1284.2268420173286,90.16911060094986,102.04483787812359,1.0765853281967221,0.01709265077618262,0.005362024236527704,2.5,0,0,1.4234146718032779,-0.01709265077618262,-0.005362024236527704,-1.0764049817302537,-1.07716365453948,0,0
624.3377665398167,84.44606393366254,96.21317986298715,1.107235075199981,0.01728986712142903,0.007506833931138724,2.5,0,0,1.392764924800019,-0.01728986712142903,-0.007506833931138724,-1.1069036286611504,-1.1079657705940673,0,0
955.6520228707801,85.90410486184942,95.7560002023429,1.1315872085406542,0.01753797149070442,0.012868858167666287,2.5,0,0,1.3684127914593458,-0.01753797149070442,-0.012868858167666287,-1.130877689432701,-1.1326985041748443,0,0
1284.2268420173286,89.76495072901147,101.02616679983112,1.16140037109487,0.017937642681174034,0.01394126301497181,2.5,0,0,1.33859962890513,-0.017937642681174034,-0.01394126301497181,-1.1606176635543715,-1.1625902128583598,0,0
1093.1463157010076,89.36420701132127,99.53441397948464,1.1915926146001217,0.018358587960721356,0.01394126301497181,2.5,0,0,1.3084073853998783,-0.018358587960721356,-0.01394126301497181,-1.1908128413615775,-1.1927853906655659,0,0
204.85569342211394,81.6648832554738,92.66842176880655,1.2217082837982387,0.018826920458294368,0.017158477556888353,2.5,0,0,1.2782917162017613,-0.018826920458294368,-0.017158477556888353,-1.220704550045093,-1.2231323030346173,0,0
900.238757316699,91.82083615681199,103.61058678886198,1.2514438801045822,0.019337188097675748,0.017158477556888353,2.5,0,0,1.2485561198954178,-0.019337188097675748,-0.017158477556888353,-1.2504445241667634,-1.2528722771562877,0,0
1284.2268420173286,93.53102222430564,103.08353533160607,1.2755661240469731,0.019751129703092275,0.017158477556888353,2.5,0,0,1.2244338759530269,-0.019751129703092275,-0.017158477556888353,-1.2745703195001592,-1.2769980724896834,0,0
1284.2268420173286,86.2760268879407,94.40905615911757,1.3058329872860481,0.020254280172289148,0.01608607270958283,2.5,0,0,1.1941670127139519,-0.020254280172289148,-0.01608607270958283,-1.3049172318692106,-1.3071932502968895,0,0
236.49825525583836,84.8062010048873,95.30295822324965,1.3302590911318586,0.020647234149167026,0.01608607270958283,2.5,0,0,1.1697409088681414,-0.020647234149167026,-0.01608607270958283,-1.329346496326297,-1.331622514753976,0,0
1019.267059271828,92.2427776670329,102.56164513946942,1.3609805298106723,0.02119089691689372,0.019303287251499372,2.5,0,0,1.1390194701893277,-0.02119089691689372,-0.019303287251499372,-1.3598451432571939,-1.3625763653704084,0,0
1180.1265773010464,90.98786202822609,103.08353533160607,1.3914746872472796,0.021714181587891974,0.015013667862277306,2.5,0,0,1.1085253127527204,-0.021714181587891974,-0.015013667862277306,-1.3906472593117811,-1.3927715431776144,0,0
624.3377665398167,84.44606393366254,89.36420701132127,1.4220464544466407,0.022124022528755217,0.011796453320360762,2.5,0,0,1.0779535455533593,-0.022124022528755217,-0.011796453320360762,-1.4214493753663684,-1.4231184555466658,0,0
602.1580731583105,83.03372126641216,93.53102222430564,1.4523922500055177,0.022384372742356277,0.005362024236527675,2.5,0,0,1.0476077499944823,-0.022384372742356277,-0.005362024236527675,-1.4522514914209557,-1.4530101642301814,0,0
1284.2268420173286,90.16911060094986,103.08353533160607,1.4822838899350117,0.0224484847197744,-0.0010724048473054124,2.5,0,0,1.0177161100649883,-0.0224484847197744,0.0010724048473054124,-1.482598403790007,-1.4824466692281613,0,0
1180.1265773010464,90.57673222463723,106.88588226030939,1.5122512548060112,0.02233600417583985,-0.006434429083832976,2.5,0,0,0.9877487451939888,-0.02233600417583985,0.006434429083832976,-1.5129453161590585,-1.5120349087879863,0,0
624.3377665398167,87.79450977305973,100.02692680886574,1.542445321387094,0.0220769557133068,-0.010724048473055043,2.5,0,0,0.9575546786129061,-0.0220769557133068,0.010724048473055043,-1.5434439630899552,-1.5419266174715018,0,0
1284.2268420173286,90.57673222463723,102.56164513946942,1.5727904887462685,0.021751520191934288,-0.010724048473055043,2.5,0,0,0.9272095112537315,-0.021751520191934288,0.010724048473055043,-1.5737908754590066,-1.5722735298405532,0,0
1284.2268420173286,88.18202887947652,100.52415418066585,1.6031352896576185,0.021393542559364948,-0.012868858167666088,2.5,0,0,0.8968647103423815,-0.021393542559364948,0.012868858167666088,-1.6042895223899034,-1.6024687076477593,0,0
239.3652489782259,84.44606393366254,93.09781934285294,1.6337078655689024,0.02104927313357577,-0.009651643625749544,2.5,0,0,0.8662921344310976,-0.02104927313357577,0.009651643625749544,-1.6346364347589548,-1.6332708237023466,0,0
1284.2268420173286,90.16911060094986,102.56164513946942,1.664357965065778,0.02091779506605601,0.0010724048473055598,2.5,0,0,0.835642034934222,-0.02091779506605601,-0.0010724048473055598,-1.6645281434424704,-1.6646798780043148,0,0
1284.2268420173286,89.76495072901147,105.77203060255431,1.694628483604563,0.02109633951598934,0.01072404847305519,2.5,0,0,0.8053715163954369,-0.02109633951598934,-0.01072404847305519,-1.6941163830022954,-1.6956337286207472,0,0
624.3377665398167,84.44606393366254,89.76495072901147,1.7247446377273308,0.02153237556082145,0.018230882404193776,2.5,0,0,0.7752553622726692,-0.02153237556082145,-0.018230882404193776,-1.7237046225621204,-1.7262841101134891,0,0
1284.2268420173286,90.16911060094986,104.68049512451793,1.755237602679047,0.022121063142564408,0.0203756920988048,2.5,0,0,0.744762397320953,-0.022121063142564408,-0.0203756920988048,-1.7540515349311718,-1.756934491606231,0,0
236.49825525583836,83.73432085224402,98.56325615049124,1.7855768198060327,0.022804433069115403,0.02466531148802684,2.5,0,0,0.7144231801939673,-0.022804433069115403,-0.02466531148802684,-1.7840949781765327,-1.787584873098973,0,0
1093.1463157010076,90.57673222463723,101.02616679983112,1.815686566205945,0.023563404947164846,0.02573771633533234,2.5,0,0,0.6843134337940551,-0.023563404947164846,-0.02573771633533234,-1.8141384214218936,-1.817780050906179,0,0
448.2028325964311,90.16911060094986,102.04483787812359,1.846175936260505,0.024315587299783826,0.02359290664072132,2.5,0,0,0.653824063739495,-0.024315587299783826,-0.02359290664072132,-1.8447888029146355,-1.8481269632752304,0,0
602.1580731583105,81.32922784467303,95.7560002023429,1.8767430622945496,0.024987692431125287,0.020375692098804778,2.5,0,0,0.6232569377054504,-0.024987692431125287,-0.020375692098804778,-1.8755909189692228,-1.8784738756442818,0,0
1284.2268420173286,90.16911060094986,103.61058678886198,1.9073133527340163,0.025495887015301574,0.012868858167666192,2.5,0,0,0.5926866472659837,-0.025495887015301574,-0.012868858167666192,-1.9066965041475006,-1.9085173188896427,0,0
239.3652489782259,84.44606393366254,95.30295822324965,1.9382646402907497,0.025894216734016297,0.012868858167666192,2.5,0,0,0.5617353597092503,-0.025894216734016297,-0.012868858167666192,-1.937650354763933,-1.9394711695060751,0,0
1411.3480414449798,90.98786202822609,105.77203060255431,1.9690637630624388,0.026323623225212808,0.015013667862277237,2.5,0,0,0.5309362369375612,-0.026323623225212808,-0.015013667862277237,-1.968300736256675,-1.9704250201225075,0,0
1284.2268420173286,90.57673222463723,103.61058678886198,2.000240907902689,0.02684190603934793,0.01823088240419373,2.5,0,0,0.4997590920973112,-0.02684190603934793,-0.01823088240419373,-1.9992545868731073,-2.0018340744244756,0,0
1284.2268420173286,90.16911060094986,105.22351709380416,2.030733872854405,0.027430593621090887,0.02037569209880475,2.5,0,0,0.4692661271455951,-0.027430593621090887,-0.02037569209880475,-2.0296014992421587,-2.0324844559172175,0,0
1180.1265773010464,90.98786202822609,108.6000844939372,2.0615302503927055,0.028025138790711883,0.018230882404193703,2.5,0,0,0.43846974960729446,-0.028025138790711883,-0.018230882404193703,-2.0605553498585913,-2.0631348374099594,0,0
239.3652489782259,84.44606393366254,99.04654639912101,2.0920987476556947,0.028631681758153258,0.021448096946110246,2.5,0,0,0.4079012523443053,-0.028631681758153258,-0.021448096946110246,-2.090902262227643,-2.0939369534645467,0,0
1284.2268420173286,88.96683466233691,102.04483787812359,2.1225910637618672,0.029253069798540535,0.019303287251499227,2.5,0,0,0.37740893623813276,-0.029253069798540535,-0.019303287251499227,-2.121552643720385,-2.124283865833598,0,0
1284.2268420173286,90.98786202822609,105.77203060255431,2.153387441300168,0.02984761496816153,0.019303287251499227,2.5,0,0,0.3466125586998321,-0.02984761496816153,-0.019303287251499227,-2.152354759774972,-2.155085981888185,0,0
1284.2268420173286,90.16911060094986,110.36868736531008,2.184259987128789,0.03042707068494818,0.018230882404193703,2.5,0,0,0.3157400128712111,-0.03042707068494818,-0.018230882404193703,-2.183308610391405,-2.1858880979427724,0,0
851.4899528953961,81.32922784467303,105.77203060255431,2.21520869389828,0.030991355436190787,0.018230882404193703,2.5,0,0,0.2847913061017202,-0.030991355436190787,-0.018230882404193703,-2.2142624610078374,-2.216841948559205,0,0
239.3652489782259,84.44606393366254,98.56325615049124,2.2457010100044523,0.03161274347657806,0.02252050179341577,2.5,0,0,0.2542989899955477,-0.03161274347657806,-0.02252050179341577,-2.2444576388150437,-2.2476440646137923,0,0
1284.2268420173286,90.16911060094986,105.77203060255431,2.2764945538389982,0.032339387509210706,0.024665311488026816,2.5,0,0,0.22350544616100176,-0.032339387509210706,-0.024665311488026816,-2.2751080203077856,-2.278597915230225,0,0
624.3377665398167,84.44606393366254,99.04654639912101,2.307360992285403,0.03318368159443204,0.03002733572455438,2.5,0,0,0.1926390077145972,-0.03318368159443204,-0.03002733572455438,-2.305606667238682,-2.309855234970348,0,0
624.3377665398167,83.38264517783642,91.82083615681199,2.338150197179497,0.03407543011826313,0.027882526029943334,2.5,0,0,0.1618498028205031,-0.03407543011826313,-0.027882526029943334,-2.3365605178551148,-2.3405056164630897,0,0
1284.2268420173286,87.79450977305973,106.32612268515561,2.369092923917678,0.034905207191135754,0.02573771633533231,2.5,0,0,0.13090707608232188,-0.034905207191135754,-0.02573771633533231,-2.3676661030333923,-2.371307732517677,0,0
239.3652489782259,82.00312876373096,98.08447665807216,2.3998848384119174,0.03569789579312196,0.02573771633533231,2.5,0,0,0.10011516158808265,-0.03569789579312196,-0.02573771633533231,-2.3984682190879796,-2.4021098485722643,0,0
1284.2268420173286,88.18202887947652,107.45140018288424,2.4296903891884827,0.036481184660766504,0.026810121182637835,2.5,0,0,0.07030961081151732,-0.036481184660766504,-0.026810121182637835,-2.4282081932096498,-2.43200155725578,0,0
1284.2268420173286,87.79450977305973,109.18344276436585,2.4531252878906673,0.03709705300708245,0.02573771633533231,2.5,0,0,0.046874712109332695,-0.03709705300708245,-0.02573771633533231,-2.4517270502956645,-2.455368679779949,0,0
1411.3480414449798,88.5727896902875,106.32612268515561,2.470950590264867,0.03745074431564008,0.01394126301497166,2.5,0,0,0.029049409735133036,-0.03745074431564008,-0.01394126301497166,-2.470390401402631,-2.472362950706618,0,0
1284.2268420173286,87.79450977305973,106.88588226030939,2.484074948731959,0.037584457885374165,0.006434429083833087,2.5,0,0,0.015925051268041113,-0.037584457885374165,-0.006434429083833087,-2.4840465119687045,-2.484956919339774,0,0
1019.267059271828,87.79450977305973,109.77294326259755,2.4930272055156997,0.037622859895194295,0.0021448096946110337,2.5,0,0,0.0069727944843003264,-0.037622859895194295,-0.0021448096946110337,-2.4933023202412654,-2.4936057893649535,0,0
1284.2268420173286,88.18202887947652,105.77203060255431,2.4981861776518937,0.03761732738634743,-0.004289619389222041,2.5,0,0,0.001813822348106342,-0.03761732738634743,0.004289619389222041,-2.49891649902954,-2.4983095607821566,0,0
1284.2268420173286,84.8062010048873,105.77203060255431,2.499475879710761,0.03760695404211477,-0.01179645332036063,2.5,0,0,0.0005241202892389829,-0.03760695404211477,0.01179645332036063,-2.500737313771683,-2.499068233591383,0,0
390.5444991736698,80.01189902085736,98.56325615049124,2.499475879710761,0.03760695404211477,-0.01179645332036063,2.5,0,0,0.0005241202892389829,-0.03760695404211477,0.01179645332036063,-2.500737313771683,-2.499068233591383,0,0
1284.2268420173286,85.53518482670935,105.77203060255431,2.499475879710761,0.03760695404211477,-0.01179645332036063,2.5,0,0,0.0005241202892389829,-0.03760695404211477,0.01179645332036063,-2.500737313771683,-2.499068233591383,0,0
239.3652489782259,80.66556470717478,98.08447665807216,2.499475879710761,0.03760695404211477,-0.01179645332036063,2.5,0,0,0.0005241202892389829,-0.03760695404211477,0.01179645332036063,-2.500737313771683,-2.499068233591383,0,0
602.1580731583105,80.66556470717478,98.56325615049124,2.499475879710761,0.03760695404211477,-0.01179645332036063,2.5,0,0,0.0005241202892389829,-0.03760695404211477,0.01179645332036063,-2.500737313771683,-2.499068233591383,0,0
1180.1265773010464,85.16922919230018,109.18344276436585,2.499475879710761,0.03760695404211477,-0.01179645332036063,2.5,0,0,0.0005241202892389829,-0.03760695404211477,0.01179645332036063,-2.500737313771683,-2.499068233591383,0,0
1284.2268420173286,85.53518482670935,106.32612268515561,2.499475879710761,0.03760695404211477,-0.01179645332036063,2.5,0,0,0.0005241202892389829,-0.03760695404211477,0.01179645332036063,-2.500737313771683,-2.499068233591383,0,0
1284.2268420173286,85.16922919230018,105.22351709380416,2.499475879710761,0.03760695404211477,-0.01179645332036063,2.5,0,0,0.0005241202892389829,-0.03760695404211477,0.01179645332036063,-2.500737313771683,-2.499068233591383,0,0
1284.2268420173286,85.16922919230018,105.77203060255431,2.499475879710761,0.03760695404211477,-0.01179645332036063,-0.0005241202892389829,0,0,-2.5,-0.03760695404211477,0.01179645332036063,-2.500737313771683,-2.499068233591383,0,0
1284.2268420173286,85.53518482670935,105.22351709380416,2.493331097279135,0.037682739370679466,-0.012868858167666142,-0.0005241202892389829,0,0,-2.493855217568374,-0.037682739370679466,0.012868858167666142,-2.4946679312978723,-2.4928471165557275,0,0
1284.2268420173286,85.90410486184942,102.56164513946942,2.4660224097496575,0.03812206679824479,-0.019303287251499178,-0.0005241202892389829,0,0,-2.4665465300388965,-0.03812206679824479,0.019303287251499178,-2.467810913851262,-2.4650796917380453,0,0
624.3377665398167,80.66556470717478,91.82083615681199,2.4363641406930103,0.038710548932908755,-0.020375692098804677,-0.0005241202892389829,0,0,-2.4368882609822493,-0.038710548932908755,0.020375692098804677,-2.4382226742914366,-2.435339717616375,0,0
1284.2268420173286,85.16922919230018,106.32612268515561,2.406779729202743,0.03918648697943786,-0.01179645332036057,-0.0005241202892389829,0,0,-2.407303849491982,-0.03918648697943786,0.01179645332036057,-2.4080274964842303,-2.406358416303931,0,0
225.71785045590883,80.66556470717478,98.08447665807216,2.3774957838985613,0.03940632082310004,-0.0032172145419164626,-0.0005241202892389829,0,0,-2.3780199041878003,-0.03940632082310004,0.0032172145419164626,-2.3781357878007148,-2.3776805841151774,0,0
1180.1265773010464,84.44606393366254,110.97077873540402,2.3482110303019317,0.03943772594684839,0.001072404847305604,-0.0005241202892389829,0,0,-2.3487351505911707,-0.03943772594684839,-0.001072404847305604,-2.3485475482408895,-2.348699282802733,0,0
624.3377665398167,82.00312876373096,99.04654639912101,2.3190022321209134,0.03935941661734046,0.004289619389222147,-0.0005241202892389829,0,0,-2.3195263524101524,-0.03935941661734046,-0.004289619389222147,-2.3191110432429096,-2.319717981490289,0,0
1284.2268420173286,87.79450977305973,105.22351709380416,2.2894905768378186,0.03915369841124637,0.00965164362574971,-0.0005241202892389829,0,0,-2.2900146971270576,-0.03915369841124637,-0.00965164362574971,-2.289219334559394,-2.2905849456159997,0,0
1284.2268420173286,90.16911060094986,110.36868736531008,2.2601325770706904,0.038760129071012936,0.017158477556888298,-0.0005241202892389829,0,0,-2.2606566973599294,-0.038760129071012936,-0.017158477556888298,-2.2593276258758785,-2.261755378865401,0,0
239.3652489782259,83.03372126641216,98.56325615049124,2.2303981435854348,0.038186085458965076,0.021448096946110363,-0.0005241202892389829,0,0,-2.2309222638746737,-0.038186085458965076,-0.021448096946110363,-2.2292841826305176,-2.232318873867421,0,0
1284.2268420173286,88.18202887947652,105.22351709380416,2.2008936155188783,0.0375056877088827,0.02466531148802688,-0.0005241202892389829,0,0,-2.2014177358081173,-0.0375056877088827,-0.02466531148802688,-2.1995442085088475,-2.2030341034312864,0,0
1284.2268420173286,90.16911060094986,105.77203060255431,2.171918979952511,0.03688414160529575,0.018230882404193842,-0.0005241202892389829,0,0,-2.17244310024175,-0.03688414160529575,-0.018230882404193842,-2.1710181108819393,-2.1735975984333065,0,0
624.3377665398167,82.00312876373096,92.2427776670329,2.1425618918425076,0.03642760589607471,0.012868858167666277,-0.0005241202892389829,0,0,-2.1430860121317465,-0.03642760589607471,-0.012868858167666277,-2.142036809569495,-2.1438576243116363,0,0
1284.2268420173286,88.18202887947652,102.56164513946942,2.1134302128903695,0.03614642858160312,0.00643442908383319,-0.0005241202892389829,0,0,-2.1139543331796085,-0.03614642858160312,-0.00643442908383319,-2.1133589773807415,-2.114269384751811,0,0
239.3652489782259,82.00312876373096,98.08447665807216,2.083918048498423,0.03603565660289289,0.0010724048473056257,-0.0005241202892389829,0,0,-2.084442168787662,-0.03603565660289289,-0.0010724048473056257,-2.0842259415064524,-2.0843776760682955,0,0
1284.2268420173286,90.57673222463723,106.88588226030939,2.054253980037346,0.03608337448026412,-0.004289619389221938,-0.0005241202892389829,0,0,-2.054778100326585,-0.03608337448026412,0.004289619389221938,-2.054941171070318,-2.0543342328229346,0,0
1284.2268420173286,90.16911060094986,105.77203060255431,2.025046021645349,0.036318300217297976,-0.011796453320360525,-0.0005241202892389829,0,0,-2.025570141934588,-0.036318300217297976,0.011796453320360525,-2.0262633388815643,-2.0245942587012644,0,0
602.1580731583105,82.00312876373096,99.04654639912101,1.9953860128070575,0.03681136245653601,-0.021448096946110155,-0.0005241202892389829,0,0,-1.9959101330962965,-0.03681136245653601,0.021448096946110155,-1.9972820375691203,-1.994247346332213,0,0
1284.2268420173286,87.79450977305973,102.56164513946942,1.9661086682795166,0.037470814435657716,-0.023592906640721174,-0.0005241202892389829,0,0,-1.9666327885687556,-0.037470814435657716,0.023592906640721174,-1.9681490016948309,-1.9648108413342331,0,0
390.5444991736698,85.16922919230018,102.56164513946942,1.9369844938990413,0.038189316981443004,-0.02573771633533222,-0.0005241202892389829,0,0,-1.9375086141882802,-0.038189316981443004,0.02573771633533222,-1.9391677003823868,-1.9355260708980986,0,0
900.238757316699,88.96683466233691,106.32612268515561,1.907479253136651,0.03883807354742769,-0.018230882404193613,-0.0005241202892389829,0,0,-1.9080033734258899,-0.03883807354742769,0.018230882404193613,-1.909124257137026,-1.9065447695856546,0,0
1284.2268420173286,89.76495072901147,105.77203060255431,1.8778943482600197,0.03928228486007436,-0.011796453320360525,-0.0005241202892389829,0,0,-1.8784184685492586,-0.03928228486007436,0.011796453320360525,-1.879080813891665,-1.8774117337113652,0,0
624.3377665398167,82.00312876373096,92.2427776670329,1.8479283274825558,0.0395875846291204,-0.00857923877844398,-0.0005241202892389829,0,0,-1.8484524477717947,-0.0395875846291204,0.00857923877844398,-1.848885636084459,-1.8476717595896948,0,0
1284.2268420173286,88.5727896902875,106.32612268515561,1.817430118988542,0.039751118329508006,-0.0021448096946108932,-0.0005241202892389829,0,0,-1.817954239277781,-0.039751118329508006,0.0021448096946108932,-1.8179317854680266,-1.8176283163443339,0,0
239.3652489782259,90.57673222463723,100.02692680886574,1.787083224069755,0.03978366249919541,1.5222198501696482e-16,-0.0005241202892389829,0,0,-1.787607344358994,-0.03978366249919541,-1.5222198501696482e-16,-1.7874331385371298,-1.7874331385371278,0,0
1284.2268420173286,90.16911060094986,106.88588226030939,1.7569642642604182,0.03963831263763519,0.009651643625749783,-0.0005241202892389829,0,0,-1.7574883845496572,-0.03963831263763519,-0.009651643625749783,-1.7566310224825425,-1.757996633539148,0,0
1284.2268420173286,90.57673222463723,105.77203060255431,1.7272271802049943,0.039223713266824764,0.01823088240419389,-0.0005241202892389829,0,0,-1.7277513004942333,-0.039223713266824764,-0.01823088240419389,-1.7262841101134911,-1.7288635976648585,0,0
1284.2268420173286,90.16911060094986,105.77203060255431,1.69681248674821,0.03852232638306375,0.02788252602994352,-0.0005241202892389829,0,0,-1.697336607037449,-0.03852232638306375,-0.02788252602994352,-1.6951785249352134,-1.6991236235431881,0,0
1284.2268420173286,89.76495072901147,103.08353533160607,1.6663275881978503,0.037606670885740344,0.03217214541916559,-0.0005241202892389829,0,0,-1.6668517084870893,-0.037606670885740344,-0.03217214541916559,-1.664376408880626,-1.668928445735982,0,0
1411.3480414449798,87.41019065628254,89.36420701132127,1.635462072925347,0.036729275974145804,0.02466531148802703,-0.0005241202892389829,0,0,-1.635986193214586,-0.036729275974145804,-0.02466531148802703,-1.6340294965115747,-1.6375193914340138,0,0
1284.2268420173286,90.16911060094986,104.68049512451793,1.6051983426832037,0.0360638418614777,0.019303287251499466,-0.0005241202892389829,0,0,-1.6057224629724427,-0.0360638418614777,-0.019303287251499466,-1.6041377878280592,-1.606869009941272,0,0
602.1580731583105,84.44606393366254,99.04654639912101,1.5749304698998678,0.03562560916150789,0.009651643625749835,-0.0005241202892389829,0,0,-1.5754545901891068,-0.03562560916150789,-0.009651643625749835,-1.5745495482682341,-1.5759151593248395,0,0
602.1580731583105,90.98786202822609,90.16911060094986,1.5446601602393157,0.03541460256965303,0.004289619389222271,-0.0005241202892389829,0,0,-1.5451842805285547,-0.03541460256965303,-0.004289619389222271,-1.5446578395847186,-1.5452647778320976,0,0
1284.2268420173286,90.57673222463723,102.04483787812359,1.5145408886816492,0.03536615244863926,-0.0010724048473053178,-0.0005241202892389829,0,0,-1.5150650089708881,-0.03536615244863926,0.0010724048473053178,-1.5149178654630482,-1.5147661309012008,0,0
1284.2268420173286,91.40254728973653,106.32612268515561,1.4839665898385788,0.03548091107953957,-0.006434429083832907,-0.0005241202892389829,0,0,-1.4844907101278177,-0.03548091107953957,0.006434429083832907,-1.4847226876558421,-1.4838122802847684,0,0
1180.1265773010464,89.36420701132127,101.02616679983112,1.4531659084464743,0.03577819751098609,-0.012868858167665994,-0.0005241202892389829,0,0,-1.4536900287357133,-0.03577819751098609,0.012868858167665994,-1.4543757752867907,-1.4525549605446455,0,0
1284.2268420173286,90.16911060094986,99.04654639912101,1.421837626534499,0.036332599296346885,-0.022520501793415623,-0.0005241202892389829,0,0,-1.422361746823738,-0.036332599296346885,0.022520501793415623,-1.4237253937940488,-1.4205389679952962,0,0
1284.2268420173286,90.16911060094986,102.56164513946942,1.3913499398954088,0.03715017376520667,-0.03109974057185973,-0.0005241202892389829,0,0,-1.3918740601846478,-0.03715017376520667,0.03109974057185973,-1.3938336851105333,-1.3894333828170184,0,0
1284.2268420173286,90.16911060094986,100.02692680886574,1.3610220288827957,0.038223907412770264,-0.039678979350303865,-0.0005241202892389829,0,0,-1.3615461491720346,-0.038223907412770264,0.039678979350303865,-1.364093710988863,-1.358479532200586,0,0
1284.2268420173286,83.38264517783642,93.96808322544976,1.330924542480418,0.03937028380705942,-0.03646176480838732,-0.0005241202892389829,0,0,-1.331448662769657,-0.03937028380705942,0.03646176480838732,-1.3337467986198115,-1.3285878235170705,0,0
239.3652489782259,82.34399565000513,95.30295822324965,1.306964596890742,0.04019283910475886,-0.032172145419165285,-0.0005241202892389829,0,0,-1.307488717179981,-0.04019283910475886,0.032172145419165285,-1.3094692687245704,-1.3049172318692104,0,0
1284.2268420173286,90.98786202822609,102.56164513946942,1.2766313645023244,0.041103939102095574,-0.027882526029943244,-0.0005241202892389829,0,0,-1.2771554847915634,-0.041103939102095574,0.027882526029943244,-1.2788188872318285,-1.2748737886238495,0,0
1284.2268420173286,90.16911060094986,103.61058678886198,1.2456869292230695,0.041867348056992444,-0.021448096946110204,-0.0005241202892389829,0,0,-1.2462110495123084,-0.041867348056992444,0.021448096946110204,-1.2474098329298602,-1.2443751416929527,0,0
602.1580731583105,90.16911060094986,93.09781934285294,1.214661497983015,0.042383108813637854,-0.011796453320360598,-0.0005241202892389829,0,0,-1.215185618272254,-0.042383108813637854,0.011796453320360598,-1.2156973095042014,-1.2140282293239013,0,0
1284.2268420173286,92.2427776670329,102.56164513946942,1.1834050589536815,0.0426177501182721,-0.0032172145419164903,-0.0005241202892389829,0,0,-1.1839291792429205,-0.0426177501182721,0.0032172145419164903,-1.1838330515166975,-1.1833778478311594,0,0
1284.2268420173286,94.40905615911757,102.56164513946942,1.1524512261365187,0.04265094517135326,0.0010724048473055763,-0.0005241202892389829,0,0,-1.1529753464257577,-0.04265094517135326,-0.0010724048473055763,-1.1525757317765746,-1.1527274663384175,0,0
602.1580731583105,86.2760268879407,96.21317986298715,1.1218009151428245,0.04258520598638645,0.003217214541916597,-0.0005241202892389829,0,0,-1.1223250354320635,-0.04258520598638645,-0.003217214541916597,-1.1217736157219873,-1.1222288194075207,0,0
1284.2268420173286,92.66842176880655,102.56164513946942,1.0915311276757522,0.042309275876027105,0.015013667862277248,-0.0005241202892389829,0,0,-1.0920552479649912,-0.042309275876027105,-0.015013667862277248,-1.0906680305437095,-1.0927923144095408,0,0
1284.2268420173286,89.36420701132127,105.77203060255431,1.0614177445159338,0.041711763324974435,0.024665311488026878,-0.0005241202892389829,0,0,-1.0619418648051728,-0.041711763324974435,-0.024665311488026878,-1.0598659144891223,-1.063355809411561,0,0
1284.2268420173286,92.66842176880655,103.08353533160607,1.0313096952205465,0.04088821356617132,0.030027335724554467,-0.0005241202892389829,0,0,-1.0318338155097855,-0.04088821356617132,-0.030027335724554467,-1.0293672675582255,-1.0336158352898905,0,0
204.85569342211394,94.40905615911757,84.8062010048873,1.001204451272936,0.039967804182503945,0.031099740571859966,-0.0005241202892389829,0,0,-1.0017285715621749,-0.039967804182503945,-0.031099740571859966,-0.9991720897510193,-1.0035723920445296,0,0
1284.2268420173286,115.37236097408694,102.04483787812359,0.9707185882989807,0.03908484135841502,0.0268101211826379,-0.0005241202892389829,0,0,-0.9712427085882197,-0.03908484135841502,-0.0268101211826379,-0.9689769119438132,-0.9727702759899425,0,0
1284.2268420173286,248.42442609070224,105.77203060255431,0.940532595060884,0.03834014340731464,0.022520501793415835,-0.0005241202892389829,0,0,-0.941056715350123,-0.03834014340731464,-0.022520501793415835,-0.9390852032602975,-0.9422716290590458,0,0
1284.2268420173286,245.3252030939217,106.88588226030939,0.9098105910212214,0.03782942676564864,0.010724048473055208,-0.0005241202892389829,0,0,-0.9103347113104604,-0.03782942676564864,-0.010724048473055208,-0.9091934945767819,-0.9107108401952324,0,0
1284.2268420173286,236.49825525583836,105.77203060255431,0.8777955005591371,0.03758909028371744,0.00428961938922212,-0.0005241202892389829,0,0,-0.8783196208483761,-0.03758909028371744,-0.00428961938922212,-0.8776327057129685,-0.8782396439603474,0,0
1411.3480414449798,399.01729906632625,162.1258003695371,0.8457795080097879,0.03758909028371744,-0.004289619389222013,-0.0005241202892389829,0,0,-0.8463036282990268,-0.03758909028371744,0.004289619389222013,-0.8462236514110003,-0.8456167131636171,0,0
1284.2268420173286,129.25786434407527,180.92431015592842,0.8141441662208928,0.03787746836898021,-0.013941263014971596,-0.0005241202892389829,0,0,-0.8146682865101318,-0.03787746836898021,0.013941263014971596,-0.8152698007945679,-0.8132972514905773,0,0
602.1580731583105,66.34704544306035,176.198566643824,0.7829682047084524,0.03846261898224633,-0.023592906640721202,-0.0005241202892389829,0,0,-0.7834923249976914,-0.03846261898224633,0.023592906640721202,-0.7847711538636712,-0.7814329935030733,0,0
1284.2268420173286,64.767717284378,265.2554052777127,0.7520254779702713,0.03929239605511895,-0.03002733572455424,-0.0005241202892389829,0,0,-0.7525495982595103,-0.03929239605511895,0.03002733572455424,-0.7542725069327746,-0.7500239392011051,0,0
1019.267059271828,63.89502910136053,268.9169663380496,0.7212382565239458,0.04025017946235178,-0.032172145419165285,-0.0005241202892389829,0,0,-0.7217623768131848,-0.04025017946235178,0.032172145419165285,-0.7236221254400327,-0.7190700885846727,0,0
346.8640580657511,65.21205562750623,459.67991945810627,0.6902993738882295,0.041212681014447826,-0.030027335724554266,-0.0005241202892389829,0,0,-0.6908234941774685,-0.041212681014447826,0.030027335724554266,-0.692516540261755,-0.6882679725300855,0,0
206.97300472647143,72.86976705815192,173.18670720903205,0.6657272085373209,0.04187162163114079,-0.023592906640721178,-0.0005241202892389829,0,0,-0.6662513288265599,-0.04187162163114079,0.023592906640721178,-0.6674803375572876,-0.6641421771966897,0,0
1284.2268420173286,88.18202887947652,200.75362703878065,0.6345525737685624,0.04252363735172405,-0.018230882404193637,-0.0005241202892389829,0,0,-0.6350766940578014,-0.04252363735172405,0.018230882404193637,-0.6359195486934742,-0.6333400611421025,0,0
1284.2268420173286,90.57673222463723,198.76603234393832,0.6093683442438023,0.042955802801404194,-0.016086072709582615,-0.0005241202892389829,0,0,-0.6098924645330412,-0.042955802801404194,0.016086072709582615,-0.6105798768653163,-0.6083038584376351,0,0
1411.3480414449798,116.02925942608664,198.76603234393832,0.578644856115412,0.04336767769234616,-0.01072404847305505,-0.0005241202892389829,0,0,-0.579168976404651,-0.04336767769234616,0.01072404847305505,-0.5794742916870387,-0.5779569460685837,0,0
1180.1265773010464,185.91929651913173,160.8439044330725,0.547919601183571,0.043614807363771387,-0.005362024236527486,-0.0005241202892389829,0,0,-0.54844372147281,-0.043614807363771387,0.005362024236527486,-0.548368706508761,-0.5476100336995323,0,0
1284.2268420173286,248.42442609070224,242.3065498311679,0.5173450913670373,0.04363120149160818,0.004289619389222145,-0.0005241202892389829,0,0,-0.5178692116562763,-0.04363120149160818,-0.004289619389222145,-0.5171113867686381,-0.5177183250160167,0,0
1284.2268420173286,312.50933522689996,200.75362703878065,0.48677110898325204,0.04345086712237727,0.007506833931138688,-0.0005241202892389829,0,0,-0.487295229272491,-0.04345086712237727,-0.007506833931138688,-0.48630927071405095,-0.48737141264696526,0,0
1284.2268420173286,265.2554052777127,187.6483042942066,0.462267248955098,0.04320121693148646,0.012868858167666253,-0.0005241202892389829,0,0,-0.462791369244337,-0.04320121693148646,-0.012868858167666253,-0.4614248025714288,-0.4632456173135694,0,0
624.3377665398167,248.42442609070224,140.84502956740286,0.4318492318928652,0.04266292367257682,0.022520501793415883,-0.0005241202892389829,0,0,-0.4323733521821042,-0.04266292367257682,-0.022520501793415883,-0.43031921739315115,-0.433505643191899,0,0
198.76603234393832,204.85569342211394,109.77294326259755,0.40075394878291926,0.04186242533066957,0.028954930877248944,-0.0005241202892389829,0,0,-0.40127806907215824,-0.04186242533066957,-0.028954930877248944,-0.3987584285293377,-0.4028552616991571,0,0
1284.2268420173286,220.70517709223105,146.92774685951784,0.3693552970572665,0.041054117248841275,0.02252050179341588,-0.0005241202892389829,0,0,-0.3698794173465055,-0.041054117248841275,-0.02252050179341588,-0.3678045779129053,-0.3709910037116531,0,0
1284.2268420173286,284.7075611688845,162.1258003695371,0.3381799809900491,0.04043553372621496,0.01715847755688834,-0.0005241202892389829,0,0,-0.3387041012792881,-0.04043553372621496,-0.01715847755688834,-0.3370024618583181,-0.33943021484783964,0,0
624.3377665398167,248.42442609070224,151.28683687310368,0.3134504472827999,0.040037698333475244,0.015013667862277319,-0.0005241202892389829,0,0,-0.3139745675720389,-0.040037698333475244,-0.015013667862277319,-0.3124214628393865,-0.3145457467052175,0,0
1180.1265773010464,288.9697116820819,163.42873978461637,0.28227179636732247,0.0396197215922971,0.011796453320360823,-0.0005241202892389829,0,0,-0.28279591665656145,-0.0396197215922971,-0.011796453320360823,-0.2814676122229541,-0.2831366924032493,0,0
1284.2268420173286,258.2405371440609,185.91929651913173,0.2505597288287709,0.03944967908791395,-0.0010724048473053256,-0.0005241202892389829,0,0,-0.2510838491180099,-0.03944967908791395,0.0010724048473053256,-0.2506654961683669,-0.25051376160651906,0,0
1284.2268420173286,242.3065498311679,176.198566643824,0.2253718494973192,0.03950370237853023,-0.0032172145419163464,-0.0005241202892389829,0,0,-0.22589596978655818,-0.03950370237853023,0.0032172145419163464,-0.2256292934638995,-0.22517408977836115,0,0
1284.2268420173286,206.97300472647143,179.3202830877122,0.20063924391413307,0.03958327275140237,-0.0032172145419163464,-0.0005241202892389829,0,0,-0.20116336420337205,-0.03958327275140237,0.0032172145419163464,-0.2008965598831226,-0.20044135619758424,0,0
1284.2268420173286,242.3065498311679,171.72011046907937,0.16976147808502728,0.03969917042578556,-0.004289619389221869,-0.0005241202892389829,0,0,-0.17028559837426627,-0.03969917042578556,0.004289619389221869,-0.17009444382853542,-0.1694875055811518,0,0
1284.2268420173286,198.76603234393832,162.1258003695371,0.1393390526856721,0.03984598476957812,-0.005362024236527391,-0.0005241202892389829,0,0,-0.13986317297491108,-0.03984598476957812,0.005362024236527391,-0.13974753145948401,-0.13898885865025515,0,0
1284.2268420173286,220.70517709223105,160.8439044330725,0.10831033844586224,0.040095555227881614,-0.010724048473054932,-0.0005241202892389829,0,0,-0.10883445873510122,-0.040095555227881614,0.010724048473054932,-0.1090971499667421,-0.10757980434828696,0,0
1093.1463157010076,193.04122344313365,170.27879631253745,0.07781421688261017,0.04048802715661523,-0.015013667862276998,-0.0005241202892389829,0,0,-0.07833833717184915,-0.04048802715661523,0.015013667862276998,-0.07890197215953595,-0.07677768829369978,0,0
1284.2268420173286,95.30295822324965,198.76603234393832,0.05664980452423579,0.04081715755163505,-0.016086072709582497,-0.0005241202892389829,0,0,-0.057173924813474775,-0.04081715755163505,0.016086072709582497,-0.05781086806304522,-0.0555348496353638,0,0
239.3652489782259,89.76495072901147,137.98997206957193,0.03510592507561204,0.04114063450751109,-0.013941263014971452,-0.0005241202892389829,0,0,-0.035630045364851023,-0.04114063450751109,0.013941263014971452,-0.03611282571917347,-0.034140276415182566,0,0
602.1580731583105,89.36420701132127,111.57932338755117,0.019553778632630074,0.04128240311057792,-0.004289619389221833,-0.0005241202892389829,0,0,-0.020077898921869057,-0.04128240311057792,0.004289619389221833,-0.01987722760173097,-0.01927028935434738,0,0
624.3377665398167,86.65098914560704,103.61058678886198,0.01090491358077576,0.04129167819893883,0.002144809694611241,-0.0005241202892389829,0,0,-0.011429033870014742,-0.04129167819893883,-0.002144809694611241,-0.01077315389101555,-0.011076623014703501,0,0
1411.3480414449798,88.18202887947652,121.56203207857888,0.00460800258789177,0.04126129019261767,0.007506833931138805,-0.0005241202892389829,0,0,-0.005132122877130753,-0.04126129019261767,-0.007506833931138805,-0.004096833169824241,-0.005158975102738477,0,0
230.97580043058096,78.73363637499943,116.02925942608664,0.002863165749282525,0.0412416420616173,0.015013667862277395,-0.0005241202892389829,0,0,-0.003387286038521508,-0.0412416420616173,-0.015013667862277395,-0.0018208147421453855,-0.003945098607976421,0,0
1411.3480414449798,83.73432085224402,126.06628950603962,0.002863165749282525,0.0412416420616173,0.015013667862277395,-0.0005241202892389829,0,0,-0.003387286038521508,-0.0412416420616173,-0.015013667862277395,-0.0018208147421453855,-0.003945098607976421,0,0
602.1580731583105,78.73363637499943,120.84213728458607,0.002863165749282525,0.0412416420616173,0.015013667862277395,-0.0005241202892389829,0,0,-0.003387286038521508,-0.0412416420616173,-0.015013667862277395,-0.0018208147421453855,-0.003945098607976421,0,0
1284.2268420173286,80.66556470717478,126.06628950603962,0.002863165749282525,0.0412416420616173,0.015013667862277395,-0.0005241202892389829,0,0,-0.003387286038521508,-0.0412416420616173,-0.015013667862277395,-0.0018208147421453855,-0.003945098607976421,0,0
1284.2268420173286,82.68751571021457,126.06628950603962,0.002863165749282525,0.0412416420616173,0.015013667862277395,-0.0005241202892389829,0,0,-0.003387286038521508,-0.0412416420616173,-0.015013667862277395,-0.0018208147421453855,-0.003945098607976421,0,0
1284.2268420173286,85.16922919230018,126.84939257625024,0.002863165749282525,0.0412416420616173,0.015013667862277395,-0.0005241202892389829,0,0,-0.003387286038521508,-0.0412416420616173,-0.015013667862277395,-0.0018208147421453855,-0.003945098607976421,0,0
239.3652489782259,83.38264517783642,117.36537105675751,0.002863165749282525,0.0412416420616173,0.015013667862277395,-0.0005241202892389829,0,0,-0.003387286038521508,-0.0412416420616173,-0.015013667862277395,-0.0018208147421453855,-0.003945098607976421,0,0
1284.2268420173286,82.68751571021457,126.84939257625024,0.002863165749282525,0.0412416420616173,0.015013667862277395,-0.0005241202892389829,0,0,-0.003387286038521508,-0.0412416420616173,-0.015013667862277395,-0.0018208147421453855,-0.003945098607976421,0,0
1284.2268420173286,85.16922919230018,122.29045980286173,0.002863165749282525,0.0412416420616173,0.015013667862277395,-0.0005241202892389829,0,0,-0.003387286038521508,-0.0412416420616173,-0.015013667862277395,-0.0018208147421453855,-0.003945098607976421,0,0
1284.2268420173286,83.73432085224402,126.06628950603962,0.002863165749282525,0.0412416420616173,0.015013667862277395,-0.0005241202892389829,0,0,-0.003387286038521508,-0.0412416420616173,-0.015013667862277395,-0.0018208147421453855,-0.003945098607976421,0,0
1284.2268420173286,83.03372126641216,126.06628950603962,0.002863165749282525,0.0412416420616173,0.015013667862277395,-0.0005241202892389829,0,0,-0.003387286038521508,-0.0412416420616173,-0.015013667862277395,-0.0018208147421453855,-0.003945098607976421,0,0
1284.2268420173286,84.08878225753256,126.06628950603962,0.002863165749282525,0.0412416420616173,0.015013667862277395,-0.0005241202892389829,0,0,-0.003387286038521508,-0.0412416420616173,-0.015013667862277395,-0.0018208147421453855,-0.003945098607976421,0,0
1180.1265773010464,85.16922919230018,125.29273453547381,0.002863165749282525,0.0412416420616173,0.015013667862277395,-0.0005241202892389829,0,0,-0.003387286038521508,-0.0412416420616173,-0.015013667862277395,-0.0018208147421453855,-0.003945098607976421,0,0
1284.2268420173286,83.38264517783642,124.52854747504531,0.002863165749282525,0.0412416420616173,0.015013667862277395,-0.0005241202892389829,0,0,-0.003387286038521508,-0.0412416420616173,-0.015013667862277395,-0.0018208147421453855,-0.003945098607976421,0,0
1284.2268420173286,83.03372126641216,123.77355272308415,0.002863165749282525,0.0412416420616173,0.015013667862277395,-0.0005241202892389829,0,0,-0.003387286038521508,-0.0412416420616173,-0.015013667862277395,-0.0018208147421453855,-0.003945098607976421,0,0
1411.3480414449798,82.34399565000513,126.06628950603962,0.002863165749282525,0.0412416420616173,0.015013667862277395,-0.0005241202892389829,0,0,-0.003387286038521508,-0.0412416420616173,-0.015013667862277395,-0.0018208147421453855,-0.003945098607976421,0,0
1284.2268420173286,83.73432085224402,132.61463364415852,0.002863165749282525,0.0412416420616173,0.015013667862277395,-0.0005241202892389829,0,0,-0.003387286038521508,-0.0412416420616173,-0.015013667862277395,-0.0018208147421453855,-0.003945098607976421,0,0
239.3652489782259,80.66556470717478,117.36537105675751,0.002863165749282525,0.0412416420616173,0.015013667862277395,-0.0005241202892389829,0,0,-0.003387286038521508,-0.0412416420616173,-0.015013667862277395,-0.0018208147421453855,-0.003945098607976421,0,0
1284.2268420173286,83.73432085224402,127.64222867598318,0.002863165749282525,0.0412416420616173,0.015013667862277395,-0.0005241202892389829,0,0,-0.003387286038521508,-0.0412416420616173,-0.015013667862277395,-0.0018208147421453855,-0.003945098607976421,0,0
1180.1265773010464,83.03372126641216,126.84939257625024,0.002863165749282525,0.0412416420616173,0.015013667862277395,-0.0005241202892389829,0,0,-0.003387286038521508,-0.0412416420616173,-0.015013667862277395,-0.0018208147421453855,-0.003945098607976421,0,0
254.878386734463,82.68751571021457,127.64222867598318,0.002863165749282525,0.0412416420616173,0.015013667862277395,-0.0005241202892389829,0,0,-0.003387286038521508,-0.0412416420616173,-0.015013667862277395,-0.0018208147421453855,-0.003945098607976421,0,0
624.3377665398167,83.03372126641216,116.02925942608664,0.002863165749282525,0.0412416420616173,0.015013667862277395,-0.0005241202892389829,0,0,-0.003387286038521508,-0.0412416420616173,-0.015013667862277395,-0.0018208147421453855,-0.003945098607976421,0,0
624.3377665398167,79.6887422048836,108.02276929750369,0.002863165749282525,0.0412416420616173,0.015013667862277395,-0.0005241202892389829,0,0,-0.003387286038521508,-0.0412416420616173,-0.015013667862277395,-0.0018208147421453855,-0.003945098607976421,0,0
562.6000187683081,79.6887422048836,106.88588226030939,0.002863165749282525,0.0412416420616173,0.015013667862277395,-0.0005241202892389829,0,0,-0.003387286038521508,-0.0412416420616173,-0.015013667862277395,-0.0018208147421453855,-0.003945098607976421,0,0
236.49825525583836,78.73363637499943,112.19442975602797,0.002863165749282525,0.0412416420616173,0.015013667862277395,-0.0005241202892389829,0,0,-0.003387286038521508,-0.0412416420616173,-0.015013667862277395,-0.0018208147421453855,-0.003945098607976421,0,0
1284.2268420173286,82.68751571021457,125.29273453547381,0.002863165749282525,0.0412416420616173,0.015013667862277395,-0.0005241202892389829,0,0,-0.003387286038521508,-0.0412416420616173,-0.015013667862277395,-0.0018208147421453855,-0.003945098607976421,0,0
1284.2268420173286,83.73432085224402,126.84939257625024,0.002863165749282525,0.0412416420616173,0.015013667862277395,-0.0005241202892389829,0,0,-0.003387286038521508,-0.0412416420616173,-0.015013667862277395,-0.0018208147421453855,-0.003945098607976421,0,0
1284.2268420173286,83.03372126641216,126.84939257625024,0.002863165749282525,0.0412416420616173,0.015013667862277395,-0.0005241202892389829,0,0,-0.003387286038521508,-0.0412416420616173,-0.015013667862277395,-0.0018208147421453855,-0.003945098607976421,0,0
1284.2268420173286,80.99613175561399,125.29273453547381,0.002863165749282525,0.0412416420616173,0.015013667862277395,-0.0005241202892389829,0,0,-0.003387286038521508,-0.0412416420616173,-0.015013667862277395,-0.0018208147421453855,-0.003945098607976421,0,0
1284.2268420173286,83.03372126641216,125.29273453547381,0.002863165749282525,0.0412416420616173,0.015013667862277395,-0.0005241202892389829,0,0,-0.003387286038521508,-0.0412416420616173,-0.015013667862277395,-0.0018208147421453855,-0.003945098607976421,0,0
1284.2268420173286,83.73432085224402,125.29273453547381,0.002863165749282525,0.0412416420616173,0.015013667862277395,-0.0005241202892389829,0,0,-0.003387286038521508,-0.0412416420616173,-0.015013667862277395,-0.0018208147421453855,-0.003945098607976421,0,0
624.3377665398167,84.08878225753256,115.37236097408694,0.002863165749282525,0.0412416420616173,0.015013667862277395,-0.0005241202892389829,0,0,-0.003387286038521508,-0.0412416420616173,-0.015013667862277395,-0.0018208147421453855,-0.003945098607976421,0,0
624.3377665398167,79.04963861634155,107.45140018288424,0.002863165749282525,0.0412416420616173,0.015013667862277395,-0.0005241202892389829,0,0,-0.003387286038521508,-0.0412416420616173,-0.015013667862277395,-0.0018208147421453855,-0.003945098607976421,0,0
602.1580731583105,79.36799805452281,106.32612268515561,0.002863165749282525,0.0412416420616173,0.015013667862277395,-0.0005241202892389829,0,0,-0.003387286038521508,-0.0412416420616173,-0.015013667862277395,-0.0018208147421453855,-0.003945098607976421,0,0
1411.3480414449798,83.03372126641216,125.29273453547381,0.002863165749282525,0.0412416420616173,0.015013667862277395,-0.0005241202892389829,0,0,-0.003387286038521508,-0.0412416420616173,-0.015013667862277395,-0.0018208147421453855,-0.003945098607976421,0,0
239.3652489782259,79.04963861634155,116.02925942608664,0.002863165749282525,0.0412416420616173,0.015013667862277395,-0.0005241202892389829,0,0,-0.003387286038521508,-0.0412416420616173,-0.015013667862277395,-0.0018208147421453855,-0.003945098607976421,0,0
1284.2268420173286,83.03372126641216,126.06628950603962,0.002863165749282525,0.0412416420616173,0.015013667862277395,-0.0005241202892389829,0,0,-0.003387286038521508,-0.0412416420616173,-0.015013667862277395,-0.0018208147421453855,-0.003945098607976421,0,0
1284.2268420173286,83.73432085224402,130.91477695173097,0.002863165749282525,0.0412416420616173,0.015013667862277395,-0.0005241202892389829,0,0,-0.003387286038521508,-0.0412416420616173,-0.015013667862277395,-0.0018208147421453855,-0.003945098607976421,0,0
1284.2268420173286,83.03372126641216,125.29273453547381,0.002863165749282525,0.0412416420616173,0.015013667862277395,-0.0005241202892389829,0,0,-0.003387286038521508,-0.0412416420616173,-0.015013667862277395,-0.0018208147421453855,-0.003945098607976421,0,0
1284.2268420173286,82.68751571021457,124.52854747504531,0.002863165749282525,0.0412416420616173,0.015013667862277395,-0.0005241202892389829,0,0,-0.003387286038521508,-0.0412416420616173,-0.015013667862277395,-0.0018208147421453855,-0.003945098607976421,0,0
1284.2268420173286,82.68751571021457,124.52854747504531,0.002863165749282525,0.0412416420616173,0.015013667862277395,-0.0005241202892389829,0,0,-0.003387286038521508,-0.0412416420616173,-0.015013667862277395,-0.0018208147421453855,-0.003945098607976421,0,0
1284.2268420173286,83.38264517783642,126.06628950603962,0.002863165749282525,0.0412416420616173,0.015013667862277395,-0.0005241202892389829,0,0,-0.003387286038521508,-0.0412416420616173,-0.015013667862277395,-0.0018208147421453855,-0.003945098607976421,0,0
1284.2268420173286,84.08878225753256,126.84939257625024,0.002863165749282525,0.0412416420616173,0.015013667862277395,-0.0005241202892389829,0,0,-0.003387286038521508,-0.0412416420616173,-0.015013667862277395,-0.0018208147421453855,-0.003945098607976421,0,0
602.1580731583105,78.73363637499943,116.69355260679126,0.002863165749282525,0.0412416420616173,0.015013667862277395,-0.0005241202892389829,0,0,-0.003387286038521508,-0.0412416420616173,-0.015013667862277395,-0.0018208147421453855,-0.003945098607976421,0,0
1180.1265773010464,78.419964244608,128.44498763419128,0.002863165749282525,0.0412416420616173,0.015013667862277395,-0.0005241202892389829,0,0,-0.003387286038521508,-0.0412416420616173,-0.015013667862277395,-0.0018208147421453855,-0.003945098607976421,0,0
1284.2268420173286,83.73432085224402,126.06628950603962,0.002863165749282525,0.0412416420616173,0.015013667862277395,-0.0005241202892389829,0,0,-0.003387286038521508,-0.0412416420616173,-0.015013667862277395,-0.0018208147421453855,-0.003945098607976421,0,0
1284.2268420173286,82.00312876373096,126.06628950603962,0.002863165749282525,0.0412416420616173,0.015013667862277395,-0.0005241202892389829,0,0,-0.003387286038521508,-0.0412416420616173,-0.015013667862277395,-0.0018208147421453855,-0.003945098607976421,0,0
1284.2268420173286,79.04963861634155,125.29273453547381,0.002863165749282525,0.0412416420616173,0.015013667862277395,-0.0005241202892389829,0,0,-0.003387286038521508,-0.0412416420616173,-0.015013667862277395,-0.0018208147421453855,-0.003945098607976421,0,0
1411.3480414449798,83.38264517783642,129.25786434407527,0.002863165749282525,0.0412416420616173,0.015013667862277395,-0.0005241202892389829,0,0,-0.003387286038521508,-0.0412416420616173,-0.015013667862277395,-0.0018208147421453855,-0.003945098607976421,0,0
1284.2268420173286,83.73432085224402,126.06628950603962,0.002863165749282525,0.0412416420616173,0.015013667862277395,-0.0005241202892389829,0,0,-0.003387286038521508,-0.0412416420616173,-0.015013667862277395,-0.0018208147421453855,-0.003945098607976421,0,0
1284.2268420173286,83.03372126641216,126.06628950603962,0.002863165749282525,0.0412416420616173,0.015013667862277395,-0.0005241202892389829,0,0,-0.003387286038521508,-0.0412416420616173,-0.015013667862277395,-0.0018208147421453855,-0.003945098607976421,0,0
1284.2268420173286,83.38264517783642,125.29273453547381,0.002863165749282525,0.0412416420616173,0.015013667862277395,-0.0005241202892389829,0,0,-0.003387286038521508,-0.0412416420616173,-0.015013667862277395,-0.0018208147421453855,-0.003945098607976421,0,0
1284.2268420173286,83.73432085224402,126.06628950603962,0.002863165749282525,0.0412416420616173,0.015013667862277395,-0.0005241202892389829,0,0,-0.003387286038521508,-0.0412416420616173,-0.015013667862277395,-0.0018208147421453855,-0.003945098607976421,0,0
1284.2268420173286,82.68751571021457,125.29273453547381,0.002863165749282525,0.0412416420616173,0.015013667862277395,-0.0005241202892389829,0,0,-0.003387286038521508,-0.0412416420616173,-0.015013667862277395,-0.0018208147421453855,-0.003945098607976421,0,0
1284.2268420173286,80.99613175561399,125.29273453547381,0.002863165749282525,0.0412416420616173,0.015013667862277395,-0.0005241202892389829,0,0,-0.003387286038521508,-0.0412416420616173,-0.015013667862277395,-0.0018208147421453855,-0.003945098607976421,0,0
1284.2268420173286,83.03372126641216,126.84939257625024,0.002863165749282525,0.0412416420616173,0.015013667862277395,-0.0005241202892389829,0,0,-0.003387286038521508,-0.0412416420616173,-0.015013667862277395,-0.0018208147421453855,-0.003945098607976421,0,0
1284.2268420173286,83.38264517783642,126.06628950603962,0.002863165749282525,0.0412416420616173,0.015013667862277395,-0.0005241202892389829,0,0,-0.003387286038521508,-0.0412416420616173,-0.015013667862277395,-0.0018208147421453855,-0.003945098607976421,0,0
1411.3480414449798,83.03372126641216,126.84939257625024,0.002863165749282525,0.0412416420616173,0.015013667862277395,-0.0005241202892389829,0,0,-0.003387286038521508,-0.0412416420616173,-0.015013667862277395,-0.0018208147421453855,-0.003945098607976421,0,0
1180.1265773010464,82.34399565000513,127.64222867598318,0.002863165749282525,0.0412416420616173,0.015013667862277395,-0.0005241202892389829,0,0,-0.003387286038521508,-0.0412416420616173,-0.015013667862277395,-0.0018208147421453855,-0.003945098607976421,0,0
1284.2268420173286,82.34399565000513,126.84939257625024,0.002863165749282525,0.0412416420616173,0.015013667862277395,-0.0005241202892389829,0,0,-0.003387286038521508,-0.0412416420616173,-0.015013667862277395,-0.0018208147421453855,-0.003945098607976421,0,0
1284.2268420173286,83.73432085224402,122.29045980286173,0.002863165749282525,0.0412416420616173,0.015013667862277395,-0.0005241202892389829,0,0,-0.003387286038521508,-0.0412416420616173,-0.015013667862277395,-0.0018208147421453855,-0.003945098607976421,0,0
1180.1265773010464,84.08878225753256,126.84939257625024,0.002863165749282525,0.0412416420616173,0.015013667862277395,-0.0005241202892389829,0,0,-0.003387286038521508,-0.0412416420616173,-0.015013667862277395,-0.0018208147421453855,-0.003945098607976421,0,0
1284.2268420173286,85.53518482670935,125.29273453547381,0.002863165749282525,0.0412416420616173,0.015013667862277395,-0.0005241202892389829,0,0,-0.003387286038521508,-0.0412416420616173,-0.015013667862277395,-0.0018208147421453855,-0.003945098607976421,0,0
900.238757316699,82.34399565000513,125.29273453547381,0.002863165749282525,0.0412416420616173,0.015013667862277395,-0.0005241202892389829,0,0,-0.003387286038521508,-0.0412416420616173,-0.015013667862277395,-0.0018208147421453855,-0.003945098607976421,0,0
1284.2268420173286,83.73432085224402,126.06628950603962,0.002863165749282525,0.0412416420616173,0.015013667862277395,-0.0005241202892389829,0,0,-0.003387286038521508,-0.0412416420616173,-0.015013667862277395,-0.0018208147421453855,-0.003945098607976421,0,0
1284.2268420173286,83.73432085224402,126.06628950603962,0.002863165749282525,0.0412416420616173,0.015013667862277395,-0.0005241202892389829,0,0,-0.003387286038521508,-0.0412416420616173,-0.015013667862277395,-0.0018208147421453855,-0.003945098607976421,0,0
769.566351540633,83.73432085224402,125.29273453547381,0.002863165749282525,0.0412416420616173,0.015013667862277395,-0.0005241202892389829,0,0,-0.003387286038521508,-0.0412416420616173,-0.015013667862277395,-0.0018208147421453855,-0.003945098607976421,0,0
204.85569342211394,83.03372126641216,125.29273453547381,0.002863165749282525,0.0412416420616173,0.015013667862277395,-0.0005241202892389829,0,0,-0.003387286038521508,-0.0412416420616173,-0.015013667862277395,-0.0018208147421453855,-0.003945098607976421,0,0
1284.2268420173286,81.32922784467303,125.29273453547381,0.002863165749282525,0.0412416420616173,0.015013667862277395,-0.0005241202892389829,0,0,-0.003387286038521508,-0.0412416420616173,-0.015013667862277395,-0.0018208147421453855,-0.003945098607976421,0,0
1180.1265773010464,83.73432085224402,131.75922954059277,0.002863165749282525,0.0412416420616173,0.015013667862277395,-0.0005241202892389829,0,0,-0.003387286038521508,-0.0412416420616173,-0.015013667862277395,-0.0018208147421453855,-0.003945098607976421,0,0
1284.2268420173286,83.03372126641216,126.84939257625024,0.002863165749282525,0.0412416420616173,0.015013667862277395,-0.0005241202892389829,0,0,-0.003387286038521508,-0.0412416420616173,-0.015013667862277395,-0.0018208147421453855,-0.003945098607976421,0,0
1180.1265773010464,83.73432085224402,127.64222867598318,0.002863165749282525,0.0412416420616173,0.015013667862277395,-0.0005241202892389829,0,0,-0.003387286038521508,-0.0412416420616173,-0.015013667862277395,-0.0018208147421453855,-0.003945098607976421,0,0
239.3652489782259,80.66556470717478,115.37236097408694,0.002863165749282525,0.0412416420616173,0.015013667862277395,-0.0005241202892389829,0,0,-0.003387286038521508,-0.0412416420616173,-0.015013667862277395,-0.0018208147421453855,-0.003945098607976421,0,0
1284.2268420173286,84.08878225753256,124.52854747504531,0.002863165749282525,0.0412416420616173,0.015013667862277395,-0.0005241202892389829,0,0,-0.003387286038521508,-0.0412416420616173,-0.015013667862277395,-0.0018208147421453855,-0.003945098607976421,0,0
1284.2268420173286,85.53518482670935,125.29273453547381,0.002863165749282525,0.0412416420616173,0.015013667862277395,-0.0005241202892389829,0,0,-0.003387286038521508,-0.0412416420616173,-0.015013667862277395,-0.0018208147421453855,-0.003945098607976421,0,0
167.46934895889862,84.8062010048873,126.84939257625024,0.002863165749282525,0.0412416420616173,0.015013667862277395,-0.0005241202892389829,0,0,-0.003387286038521508,-0.0412416420616173,-0.015013667862277395,-0.0018208147421453855,-0.003945098607976421,0,0
230.97580043058096,79.04963861634155,117.36537105675751,0.002863165749282525,0.0412416420616173,0.015013667862277395,-0.0005241202892389829,0,0,-0.003387286038521508,-0.0412416420616173,-0.015013667862277395,-0.0018208147421453855,-0.003945098607976421,0,0
1284.2268420173286,83.38264517783642,130.91477695173097,0.002863165749282525,0.0412416420616173,0.015013667862277395,-0.0005241202892389829,0,0,-0.003387286038521508,-0.0412416420616173,-0.015013667862277395,-0.0018208147421453855,-0.003945098607976421,0,0
1284.2268420173286,83.73432085224402,125.29273453547381,0.002863165749282525,0.0412416420616173,0.015013667862277395,-0.0005241202892389829,0,0,-0.003387286038521508,-0.0412416420616173,-0.015013667862277395,-0.0018208147421453855,-0.003945098607976421,0,0
206.97300472647143,80.66556470717478,106.32612268515561,0.002863165749282525,0.0412416420616173,0.015013667862277395,-0.0005241202892389829,0,0,-0.003387286038521508,-0.0412416420616173,-0.015013667862277395,-0.0018208147421453855,-0.003945098607976421,0,0
900.238757316699,83.03372126641216,122.29045980286173,0.002863165749282525,0.0412416420616173,0.015013667862277395,-0.0005241202892389829,0,0,-0.003387286038521508,-0.0412416420616173,-0.015013667862277395,-0.0018208147421453855,-0.003945098607976421,0,0
