FDist,LDist,RDist,XEst,YEst,ThetaEst,XDes,YDes,ThetaDes,XError,YError,ThetaError,SL,SR,RW,LW
1284.2268420173286,85.53518482670935,96.67455639633857,0.0,0.0,0.0,0,0,0,0.0,0.0,0.0,0.0,0.0,0,0
417.22151175368833,74.828338960275,80.33749690282312,0.0,0.0,0.0,0,0,0,0.0,0.0,0.0,0.0,0.0,0,0
1284.2268420173286,85.53518482670935,97.14019014961423,0.0,0.0,0.0,0,0,0,0.0,0.0,0.0,0.0,0.0,0,0
769.566351540633,85.16922919230018,99.53441397948464,0.0,0.0,0.0,0,0,0,0.0,0.0,0.0,0.0,0.0,0,0
1284.2268420173286,85.53518482670935,97.14019014961423,0.0,0.0,0.0,0,0,0,0.0,0.0,0.0,0.0,0.0,0,0
1284.2268420173286,85.53518482670935,96.67455639633857,0.0,0.0,0.0,0,0,0,0.0,0.0,0.0,0.0,0.0,0,0
1180.1265773010464,84.8062010048873,96.67455639633857,0.0,0.0,0.0,0,0,0,0.0,0.0,0.0,0.0,0.0,0,0
1180.1265773010464,85.90410486184942,97.14019014961423,0.0,0.0,0.0,0,0,0,0.0,0.0,0.0,0.0,0.0,0,0
1284.2268420173286,86.65098914560704,97.14019014961423,0.0,0.0,0.0,0,0,0,0.0,0.0,0.0,0.0,0.0,0,0
1284.2268420173286,85.53518482670935,96.67455639633857,0.0,0.0,0.0,0,0,0,0.0,0.0,0.0,0.0,0.0,0,0
1284.2268420173286,85.16922919230018,96.67455639633857,0.0,0.0,0.0,0,0,0,0.0,0.0,0.0,0.0,0.0,0,0
239.3652489782259,80.33749690282312,90.57673222463723,0.0,0.0,0.0,0,0,0,0.0,0.0,0.0,0.0,0.0,0,0
1284.2268420173286,85.16922919230018,96.67455639633857,0.0,0.0,0.0,0,0,0,0.0,0.0,0.0,0.0,0.0,0,0
1284.2268420173286,84.8062010048873,96.67455639633857,0.0,0.0,0.0,0,0,0,0.0,0.0,0.0,0.0,0.0,0,0
581.6409617069837,79.6887422048836,90.57673222463723,0.0,0.0,0.0,0,0,0,0.0,0.0,0.0,0.0,0.0,0,0
239.3652489782259,80.66556470717478,91.40254728973653,0.0,0.0,0.0,3.0,0,0,3.0,0.0,0.0,0.0,0.0,0,0
1284.2268420173286,83.38264517783642,94.40905615911757,0.006600429718827535,1.7695874460234064e-05,0.005362024236527564,3.0,0,0,2.9933995702811727,-1.7695874460234064e-05,-0.005362024236527564,-0.0062211170356555375,-0.006979789844881823,0,0
602.1580731583105,83.03372126641216,101.5330368193872,0.02958726080284478,0.0002272367853346242,0.012868858167666173,3.0,0,0,2.970412739197155,-0.0002272367853346242,-0.012868858167666173,-0.028677832188753576,-0.030498646930896663,0,0
1180.1265773010464,92.66842176880655,86.65098914560704,0.05917114488313542,0.000734901018392627,0.02144809694611028,3.0,0,0,2.9408288551168646,-0.000734901018392627,-0.02144809694611028,-0.05765913350119767,-0.06069382473810281,0,0
1284.2268420173286,70.74309622023037,80.66556470717478,0.08898046718026939,0.0013583613059576418,0.020375692098804757,3.0,0,0,2.9110195328197306,-0.0013583613059576418,-0.020375692098804757,-0.0875508421847133,-0.09043379885977318,0,0
1284.2268420173286,64.767717284378,99.04654639912101,0.11279675262495302,0.0018948066983001718,0.0246653114880268,3.0,0,0,2.887203247375047,-0.0018948066983001718,-0.0246653114880268,-0.11106969927072814,-0.11455959419316905,0,0
1284.2268420173286,63.680115630491734,109.18344276436585,0.1426039148499375,0.0026141665790536017,0.023592906640721275,3.0,0,0,2.8573960851500626,-0.0026141665790536017,-0.023592906640721275,-0.14096140795424378,-0.14429956831483942,0,0
302.6164596847404,58.32507928939602,103.61058678886198,0.16679853253383076,0.0031980744720824673,0.0246653114880268,3.0,0,0,2.833201467466169,-0.0031980744720824673,-0.0246653114880268,-0.16508720328763965,-0.16857709821008054,0,0
1284.2268420173286,62.624502623767405,130.91477695173097,0.19683202548880296,0.003971238724266053,0.02681012118263782,3.0,0,0,2.8031679745111973,-0.003971238724266053,-0.02681012118263782,-0.19497891197115527,-0.1987722760172867,0,0
1284.2268420173286,62.21088813178245,265.2554052777127,0.22686192555333626,0.004873227721629401,0.033244550266470906,3.0,0,0,2.773138074446664,-0.004873227721629401,-0.033244550266470906,-0.2245671515309804,-0.22927092294818335,0,0
1284.2268420173286,79.36799805452281,459.67991945810627,0.25112425436342667,0.005732214639680276,0.03753416965569295,3.0,0,0,2.7488757456365733,-0.005732214639680276,-0.03753416965569295,-0.248541212302531,-0.253851921967115,0,0
288.9697116820819,74.54267433246892,703.2691653992177,0.2810701161491677,0.006872815838028427,0.038606574502998474,3.0,0,0,2.7189298838508322,-0.006872815838028427,-0.038606574502998474,-0.27843292098604666,-0.2838953652124759,0,0
1284.2268420173286,70.48517871055273,562.6000187683081,0.3112452245350134,0.007973541376598382,0.03431695511377641,3.0,0,0,2.6887547754649868,-0.007973541376598382,-0.03431695511377641,-0.3089315679169433,-0.31378707389599153,0,0
168.8620920208621,58.50920899708927,137.98997206957193,0.3415794165488991,0.008852111350816209,0.02359290664072128,3.0,0,0,2.6584205834511008,-0.008852111350816209,-0.02359290664072128,-0.340037153095221,-0.3433753134558166,0,0
602.1580731583105,61.802071720251114,82.00312876373096,0.37169401199455104,0.009385035100908793,0.011796453320360627,3.0,0,0,2.628305988005449,-0.009385035100908793,-0.011796453320360627,-0.3709910037116534,-0.3726600838919512,0,0
1284.2268420173286,54.18923313555184,68.23833891011859,0.4016606186564701,0.009626062805138337,0.004289619389222017,3.0,0,0,2.59833938134353,-0.009626062805138337,-0.004289619389222017,-0.40148965064255004,-0.40209658888993105,0,0
1284.2268420173286,56.887544214014945,67.99665713203012,0.4314001652476477,0.009785528503028749,0.006434429083833038,3.0,0,0,2.5685998347523524,-0.009785528503028749,-0.006434429083833038,-0.4310778902023752,-0.4319882975734467,0,0
1411.3480414449798,59.255959637469736,88.96683466233691,0.46151822445673957,0.01006007550506549,0.011796453320360627,3.0,0,0,2.5384817755432603,-0.01006007550506549,-0.011796453320360627,-0.4608178643240456,-0.46248694450434336,0,0
624.3377665398167,57.77869068170988,136.15031850713706,0.49163337409561875,0.01056070391677265,0.02144809694611026,3.0,0,0,2.5083666259043813,-0.01056070391677265,-0.02144809694611026,-0.49025436932202543,-0.4932890605589305,0,0
1284.2268420173286,60.01951173605402,225.71785045590883,0.5217454064418116,0.011222802520104064,0.02252050179341576,3.0,0,0,2.4782545935581886,-0.011222802520104064,-0.02252050179341576,-0.5202978125673863,-0.5234842383661367,0,0
1180.1265773010464,61.802071720251114,471.8179059817352,0.5517788993967838,0.011995966772287649,0.028954930877248847,3.0,0,0,2.448221100603216,-0.011995966772287649,-0.028954930877248847,-0.5498860521272114,-0.5539828852970333,0,0
1284.2268420173286,63.89502910136053,955.6520228707801,0.5815817759187729,0.012875142272201025,0.03002733572455437,3.0,0,0,2.4184182240812273,-0.012875142272201025,-0.03002733572455437,-0.5796260262488818,-0.583874593980549,0,0
1284.2268420173286,77.49266392626436,261.6981137825328,0.6113053172424677,0.013863652229777493,0.036461764808387434,3.0,0,0,2.3886946827575324,-0.013863652229777493,-0.036461764808387434,-0.6089107966850165,-0.6140697717877551,0,0
1284.2268420173286,108.02276929750369,200.75362703878065,0.640871509384784,0.015005669065570711,0.04075138419760947,3.0,0,0,2.359128490615216,-0.015005669065570711,-0.04075138419760947,-0.6381955671211511,-0.6439614804712708,0,0
1284.2268420173286,145.87739303694283,215.92040254306553,0.6706619413894319,0.016236343482721422,0.041823789044914995,3.0,0,0,2.329338058610568,-0.016236343482721422,-0.041823789044914995,-0.6679355412428215,-0.6738531891547864,0,0
602.1580731583105,136.15031850713706,167.46934895889862,0.7002994380345362,0.0174925390370563,0.04289619389222049,3.0,0,0,2.299700561965464,-0.0174925390370563,-0.04289619389222049,-0.6975237808026467,-0.7035931632764568,0,0
602.1580731583105,84.8062010048873,146.92774685951784,0.723573816688264,0.018379031614000306,0.03324455026647086,3.0,0,0,2.276426183311736,-0.018379031614000306,-0.03324455026647086,-0.7214978415741973,-0.7262016129914001,0,0
1284.2268420173286,60.603559569501805,323.12240163650586,0.7535301881534479,0.019198432507519774,0.021448096946110204,3.0,0,0,2.246469811846552,-0.019198432507519774,-0.021448096946110204,-0.7522999576287844,-0.7553346488656895,0,0
1411.3480414449798,61.599435781669065,147.99350743133397,0.7770455831916276,0.0196019604876428,0.012868858167666097,3.0,0,0,2.2229544168083724,-0.0196019604876428,-0.012868858167666097,-0.7764257529621803,-0.7782465677043233,0,0
1284.2268420173286,55.00843338201938,82.68751571021457,0.8067094810765917,0.01971330198809447,-0.005362024236527641,3.0,0,0,2.1932905189234084,-0.01971330198809447,0.005362024236527641,-0.8073796035786127,-0.8066209307693863,0,0
220.70517709223105,44.69032492014681,75.11601708077,0.8368265011427091,0.019341860315993418,-0.019303287251499313,3.0,0,0,2.163173498857291,-0.019341860315993418,0.019303287251499313,-0.8384851887568904,-0.8357539666436757,0,0
1284.2268420173286,51.11102239631034,78.419964244608,0.8667868355929512,0.018683097221998683,-0.024665311488026878,3.0,0,0,2.133213164407049,-0.018683097221998683,0.024665311488026878,-0.8688321011259418,-0.8653422062035009,0,0
1284.2268420173286,70.48517871055273,86.2760268879407,0.896744895613015,0.017927948879858806,-0.0257377163353324,3.0,0,0,2.103255104386985,-0.017927948879858806,0.0257377163353324,-0.8988755443713027,-0.8952339148870165,0,0
1284.2268420173286,72.32728403086773,98.56325615049124,0.9204082872971511,0.017344165561408255,-0.023592906640721382,3.0,0,0,2.079591712702849,-0.017344165561408255,0.023592906640721382,-0.9223944014573175,-0.9190562410967219,0,0
1284.2268420173286,77.79950406996568,100.02692680886574,0.9501407200815969,0.01667446303338828,-0.021448096946110363,3.0,0,0,2.049859279918403,-0.01667446303338828,0.021448096946110363,-0.9519826410171427,-0.9489479497802376,0,0
1284.2268420173286,83.73432085224402,96.67455639633857,0.9806359297236629,0.01621658368035247,-0.008579238778444239,3.0,0,0,2.019364070276337,-0.01621658368035247,0.008579238778444239,-0.9815708805769678,-0.9803570040822057,0,0
1284.2268420173286,83.73432085224402,109.18344276436585,1.011134506504517,0.016151169936895395,0.004289619389221885,3.0,0,0,1.988865493495483,-0.016151169936895395,-0.004289619389221885,-1.0111591201367929,-1.0117660583841739,0,0
1284.2268420173286,85.16922919230018,85.16922919230018,1.0417077504875498,0.01642986626389994,0.013941263014971516,3.0,0,0,1.9582922495124502,-0.01642986626389994,-0.013941263014971516,-1.0410508288203084,-1.0430233781242968,0,0
602.1580731583105,82.00312876373096,60.40777364647001,1.0720496198694036,0.016983086608255437,0.02252050179341565,3.0,0,0,1.9279503801305964,-0.016983086608255437,-0.02252050179341565,-1.0707908029419788,-1.0739772287407292,0,0
1284.2268420173286,85.53518482670935,105.22351709380416,1.1025354828433587,0.01786604943234435,0.03538935996108178,3.0,0,0,1.8974645171566413,-0.01786604943234435,-0.03538935996108178,-1.1003790425018039,-1.1053862830426975,0,0
624.3377665398167,82.00312876373096,102.04483787812359,1.1325512891056175,0.019154403600952004,0.050403027823358974,3.0,0,0,1.8674487108943825,-0.019154403600952004,-0.050403027823358974,-1.1293603438142479,-1.1364918682209753,0,0
624.3377665398167,86.2760268879407,92.66842176880655,1.1621736102899058,0.020728354780042306,0.055765052059886536,3.0,0,0,1.8378263897100942,-0.020728354780042306,-0.055765052059886536,-1.1586451142503824,-1.1665353114663362,0,0
1284.2268420173286,85.16922919230018,109.18344276436585,1.1922451968586314,0.022423214012646603,0.05683745690719203,3.0,0,0,1.8077548031413686,-0.022423214012646603,-0.05683745690719203,-1.1886885574957433,-1.1967304892735422,0,0
624.3377665398167,88.96683466233691,109.77294326259755,1.2220137951495864,0.02410099657791987,0.05576505205988651,3.0,0,0,1.7779862048504136,-0.02410099657791987,-0.05576505205988651,-1.2185802661792589,-1.2264704633952126,0,0
1284.2268420173286,84.44606393366254,106.88588226030939,1.252097257324213,0.02557006776969413,0.041823789044914836,3.0,0,0,1.747902742675787,-0.02557006776969413,-0.041823789044914836,-1.2496858513575366,-1.255603499269502,0,0
1284.2268420173286,85.90410486184942,105.22351709380416,1.282576807891889,0.026649170085495538,0.02895493087724871,3.0,0,0,1.717423192108111,-0.026649170085495538,-0.02895493087724871,-1.281094905659505,-1.285191738829327,0,0
1284.2268420173286,83.38264517783642,105.22351709380416,1.3066952648007202,0.02724418000622398,0.020375692098804604,3.0,0,0,1.6933047351992798,-0.02724418000622398,-0.020375692098804604,-1.305827639240282,-1.3087105959153418,0,0
1284.2268420173286,84.44606393366254,105.77203060255431,1.3372665749051922,0.027686806016469164,0.008579238778443977,3.0,0,0,1.6627334250948078,-0.027686806016469164,-0.008579238778443977,-1.3372366935422502,-1.3384505700370122,0,0
1284.2268420173286,83.73432085224402,103.61058678886198,1.367613330221985,0.027784438375821476,-0.002144809694611151,3.0,0,0,1.632386669778015,-0.027784438375821476,0.002144809694611151,-1.368342278720528,-1.3680388095968372,0,0
1411.3480414449798,83.38264517783642,101.5330368193872,1.3980345310618914,0.027474501141929165,-0.01823088240419382,3.0,0,0,1.6019654689381086,-0.027474501141929165,0.01823088240419382,-1.3999030675843414,-1.3973235800329717,0,0
1411.3480414449798,86.2760268879407,102.56164513946942,1.4283729978939563,0.02675859569105956,-0.02895493087724895,3.0,0,0,1.5716270021060437,-0.02675859569105956,0.02895493087724895,-1.4310086527626191,-1.4269118195927968,0,0
1284.2268420173286,83.73432085224402,103.61058678886198,1.458477237478973,0.02580590183330104,-0.03431695511377654,3.0,0,0,1.541522762521027,-0.02580590183330104,0.03431695511377654,-1.461507299693516,-1.4566517937144672,0,0
624.3377665398167,80.01189902085736,87.02903054016306,1.4885759359538793,0.024691802782331115,-0.03967897935030413,3.0,0,0,1.5114240640461207,-0.024691802782331115,0.03967897935030413,-1.4920059466244127,-1.4863917678361376,0,0
1180.1265773010464,85.53518482670935,102.56164513946942,1.5182912192723523,0.023480193084241537,-0.04182378904491515,3.0,0,0,1.4817087807276477,-0.023480193084241537,0.04182378904491515,-1.5218976553079282,-1.5159800073959626,0,0
1570.544100534677,85.16922919230018,103.08353533160607,1.5485438804577087,0.022425365168630678,-0.027882526029943476,3.0,0,0,1.4514561195422913,-0.022425365168630678,0.027882526029943476,-1.5511824257440627,-1.5472373271360855,0,0
1180.1265773010464,84.8062010048873,103.61058678886198,1.578809594918691,0.021857299244802977,-0.009651643625749762,3.0,0,0,1.421190405081309,-0.021857299244802977,0.009651643625749762,-1.5801637270565068,-1.578798115999899,0,0
1284.2268420173286,85.16922919230018,102.56164513946942,1.609080287523037,0.02171121714212658,-1.3183898417423734e-16,3.0,0,0,1.390919712476963,-0.02171121714212658,1.3183898417423734e-16,-1.6097519666163318,-1.6097519666163314,0,0
1284.2268420173286,85.53518482670935,102.56164513946942,1.6393503534929248,0.021954685633234394,0.01608607270958254,3.0,0,0,1.3606496465070752,-0.021954685633234394,-0.01608607270958254,-1.6388850024906212,-1.6411610209182996,0,0
624.3377665398167,81.6648832554738,96.21317986298715,1.6693113771757948,0.02258131874669032,0.025737716335332145,3.0,0,0,1.3306886228242052,-0.02258131874669032,-0.025737716335332145,-1.6681697729267557,-1.6718114024110415,0,0
624.3377665398167,82.34399565000513,91.82083615681199,1.6992649574259364,0.023497091307266165,0.03538935996108175,3.0,0,0,1.3007350425740636,-0.023497091307266165,-0.03538935996108175,-1.6974545433628903,-1.7024617839037834,0,0
1284.2268420173286,87.79450977305973,105.22351709380416,1.7289802407444095,0.024708701005355736,0.0461134084341369,3.0,0,0,1.2710197592555905,-0.024708701005355736,-0.0461134084341369,-1.7264358446753343,-1.7329604308346802,0,0
769.566351540633,88.18202887947652,109.77294326259755,1.7591320214141206,0.02632699802828596,0.0611270762964141,3.0,0,0,1.2408679785858794,-0.02632699802828596,-0.0611270762964141,-1.7555688805496237,-1.7642177505748031,0,0
1180.1265773010464,88.18202887947652,110.97077873540402,1.7891132933659428,0.028258788438266784,0.06756150538024719,3.0,0,0,1.2108867066340572,-0.028258788438266784,-0.06756150538024719,-1.7851571201094487,-1.7947163975057,0,0
1284.2268420173286,87.41019065628254,108.6000844939372,1.818862187624585,0.030255708299632,0.06648910053294167,3.0,0,0,1.181137812375415,-0.030255708299632,-0.06648910053294167,-1.8150488287929643,-1.8244563716273703,0,0
1284.2268420173286,88.5727896902875,110.36868736531008,1.8486980682193677,0.032081763379313205,0.05576505205988654,3.0,0,0,1.1513019317806323,-0.032081763379313205,-0.05576505205988654,-1.8456992102857062,-1.8535894075016597,0,0
1411.3480414449798,85.90410486184942,110.97077873540402,1.879008063313007,0.03357818837190024,0.042896193892220366,3.0,0,0,1.120991936686993,-0.03357818837190024,-0.042896193892220366,-1.876956530025829,-1.8830259124996396,0,0
1180.1265773010464,85.16922919230018,105.22351709380416,1.9091854631379785,0.03461419156330651,0.025737716335332176,3.0,0,0,1.0908145368620215,-0.03461419156330651,-0.025737716335332176,-1.9083655843277973,-1.9120072138120836,0,0
239.3652489782259,80.99613175561399,98.08447665807216,1.9402076828598749,0.03529630322265801,0.018230882404193616,3.0,0,0,1.0597923171401251,-0.03529630322265801,-0.018230882404193616,-1.9399263731916108,-1.9425058607429804,0,0
1284.2268420173286,58.694353098834746,106.88588226030939,1.9713106924144355,0.03569658553803309,0.0075068339311384884,3.0,0,0,1.0286893075855645,-0.03569658553803309,-0.0075068339311384884,-1.9717906311791147,-1.9728527731120318,0,0
1284.2268420173286,78.10859556029456,99.04654639912101,2.0022642582429633,0.0358293653685976,0.0010724048473054505,3.0,0,0,0.9977357417570367,-0.0358293653685976,-0.0010724048473054505,-2.003199685481083,-2.0033514200429283,0,0
1284.2268420173286,82.34399565000513,105.77203060255431,2.0328382406267487,0.03564903099936669,-0.012868858167666197,3.0,0,0,0.9671617593732513,-0.03564903099936669,0.012868858167666197,-2.0347604743448966,-2.0329396596027536,0,0
1284.2268420173286,83.38264517783642,103.08353533160607,2.0637863244583414,0.035051557035806674,-0.025737716335332346,3.0,0,0,0.9362136755416586,-0.035051557035806674,0.025737716335332346,-2.0666247323324005,-2.0629831028481145,0,0
206.97300472647143,74.54267433246892,89.76495072901147,2.094427382921133,0.034295632482428395,-0.023592906640721327,3.0,0,0,0.9055726170788669,-0.034295632482428395,0.023592906640721327,-2.097123379263297,-2.0937852189027018,0,0
1284.2268420173286,83.73432085224402,102.56164513946942,2.12499299711113,0.03355796827900948,-0.024665311488026826,3.0,0,0,0.8750070028888701,-0.03355796827900948,0.024665311488026826,-2.127773760756039,-2.1242838658335983,0,0
1284.2268420173286,83.38264517783642,102.56164513946942,2.155559384799619,0.032853083206302036,-0.021448096946110284,3.0,0,0,0.8444406152003809,-0.032853083206302036,0.021448096946110284,-2.15812067312509,-2.1550859818881856,0,0
624.3377665398167,83.73432085224402,99.53441397948464,2.186130694904091,0.03241045719605685,-0.007506833931138636,3.0,0,0,0.8138693050959089,-0.03241045719605685,0.007506833931138636,-2.1877089126849154,-2.186646770751999,0,0
1284.2268420173286,85.16922919230018,105.77203060255431,2.21693279324666,0.03244348952828957,0.009651643625749579,3.0,0,0,0.7830672067533402,-0.03244348952828957,-0.009651643625749579,-2.2172971522447407,-2.2186627633013485,0,0
239.3652489782259,81.6648832554738,98.56325615049124,2.247350810308893,0.03298178278719921,0.02573771633533225,3.0,0,0,0.7526491896911072,-0.03298178278719921,-0.02573771633533225,-2.246581922680875,-2.250223552165162,0,0
1284.2268420173286,88.96683466233691,106.32612268515561,2.277830360876569,0.03406088510300062,0.04504100358683148,3.0,0,0,0.7221696391234311,-0.03406088510300062,-0.04504100358683148,-2.2757149585551644,-2.282087810152666,0,0
624.3377665398167,82.68751571021457,94.40905615911757,2.308438435036268,0.035670755248375735,0.06005467144910866,3.0,0,0,0.6915615649637319,-0.035670755248375735,-0.06005467144910866,-2.3053031981149896,-2.3138003335783246,0,0
1284.2268420173286,87.79450977305973,105.77203060255431,2.339185022887987,0.03751945449832862,0.06005467144910866,3.0,0,0,0.6608149771120129,-0.03751945449832862,-0.06005467144910866,-2.336105314169577,-2.344602449632912,0,0
1284.2268420173286,88.5727896902875,109.18344276436585,2.369931610739706,0.03936815374828151,0.06005467144910866,3.0,0,0,0.6300683892602938,-0.03936815374828151,-0.06005467144910866,-2.366907430224164,-2.375404565687499,0,0
1284.2268420173286,88.18202887947652,110.97077873540402,2.4006053949023314,0.04116295982298904,0.056837456907192115,3.0,0,0,0.5993946050976686,-0.04116295982298904,-0.056837456907192115,-2.397861280840597,-2.4059032126183957,0,0
769.566351540633,85.53518482670935,105.77203060255431,2.4315914035068684,0.0428093691126257,0.049330622976053555,3.0,0,0,0.5684085964931316,-0.0428093691126257,-0.049330622976053555,-2.4294220697044104,-2.4364018595492922,0,0
1284.2268420173286,84.8062010048873,109.77294326259755,2.461680890638457,0.044149380581474044,0.03967897935030393,3.0,0,0,0.5383191093615429,-0.044149380581474044,-0.03967897935030393,-2.4602241857589977,-2.465838364547272,0,0
1284.2268420173286,85.53518482670935,108.6000844939372,2.492390704853563,0.0451542062254586,0.025737716335332256,3.0,0,0,0.507609295146437,-0.0451542062254586,-0.025737716335332256,-2.4919367091846563,-2.4955783386689423,0,0
1284.2268420173286,80.66556470717478,109.18344276436585,2.5229598349983644,0.04572796704576577,0.011796453320360608,3.0,0,0,0.4770401650016356,-0.04572796704576577,-0.011796453320360608,-2.52349749804847,-2.5251665782287676,0,0
1284.2268420173286,84.08878225753256,105.77203060255431,2.5534584117792187,0.045793380789222835,-0.007506833931138629,3.0,0,0,0.44654158822078127,-0.045793380789222835,0.007506833931138629,-2.555361756035974,-2.5542996141030567,0,0
1284.2268420173286,83.03372126641216,105.77203060255431,2.584029229630204,0.04531797021863865,-0.023592906640721324,3.0,0,0,0.41597077036979613,-0.04531797021863865,0.023592906640721324,-2.5870742794616324,-2.5837361191010366,0,0
194.9110753588243,84.08878225753256,106.32612268515561,2.6145904490662386,0.04441642384086488,-0.03538935996108195,3.0,0,0,0.3854095509337614,-0.04441642384086488,0.03538935996108195,-2.6184833337636007,-2.613476093222707,0,0
239.3652489782259,79.36799805452281,98.08447665807216,2.645299168042717,0.0433786654273696,-0.03217214541916541,3.0,0,0,0.35470083195728286,-0.0433786654273696,0.03217214541916541,-2.648981980694497,-2.6444299438391394,0,0
1284.2268420173286,82.34399565000513,103.08353533160607,2.675859403082735,0.04244434557442766,-0.028954930877248868,3.0,0,0,0.3241405969172648,-0.04244434557442766,0.028954930877248868,-2.6793288930635484,-2.6752320598937267,0,0
1284.2268420173286,83.38264517783642,102.04483787812359,2.7067249183552384,0.04156695066283313,-0.027882526029943344,3.0,0,0,0.29327508164476157,-0.04156695066283313,0.027882526029943344,-2.7101310091181356,-2.7061859105101593,0,0
1284.2268420173286,83.03372126641216,102.56164513946942,2.737520640591821,0.040939379656869855,-0.012868858167666149,3.0,0,0,0.2624793594081791,-0.040939379656869855,0.012868858167666149,-2.739870983239806,-2.7380501684976633,0,0
1284.2268420173286,83.38264517783642,106.32612268515561,2.768094412003356,0.040726257710710694,-0.0010724048473055216,3.0,0,0,0.23190558799664407,-0.040726257710710694,0.0010724048473055216,-2.769610957361476,-2.7694592227996315,0,0
1284.2268420173286,83.38264517783642,105.77203060255431,2.798516662464641,0.04090569712029281,0.012868858167666126,3.0,0,0,0.20148333753535885,-0.04090569712029281,-0.012868858167666126,-2.799047462359456,-2.8008682771016,0,0
1284.2268420173286,80.33749690282312,109.18344276436585,2.828857275505609,0.041523993677892085,0.02788252602994327,3.0,0,0,0.17114272449439083,-0.041523993677892085,-0.02788252602994327,-2.8283322327955904,-2.832277331403568,0,0
602.1580731583105,76.58539900875073,101.5330368193872,2.8594120614016876,0.04262216403514814,0.043968598739525966,3.0,0,0,0.14058793859831242,-0.04262216403514814,-0.043968598739525966,-2.8577687377935703,-2.8639898548292266,0,0
1180.1265773010464,54.027895775402335,109.77294326259755,2.8893407657619252,0.04414802920018641,0.057909861754497666,3.0,0,0,0.11065923423807478,-0.04414802920018641,-0.057909861754497666,-2.8867500391060146,-2.8949437054456593,0,0
602.1580731583105,47.01299362275322,97.14019014961423,2.9191056970604725,0.04588965583564334,0.05898226660180319,3.0,0,0,0.08089430293952748,-0.04588965583564334,-0.05898226660180319,-2.9164900132276848,-2.924835414129175,0,0
239.3652489782259,44.45675008456414,101.5330368193872,2.9449289653480624,0.047456227791330484,0.06219948114371973,3.0,0,0,0.055071034651937634,-0.047456227791330484,-0.06219948114371973,-2.9421331541795332,-2.950933758766559,0,0
1284.2268420173286,56.0199058821893,108.6000844939372,2.9649955840033937,0.048695171992579,0.06112707629641421,3.0,0,0,0.03500441599660631,-0.048695171992579,-0.06112707629641421,-2.9623138509049523,-2.970962720930133,0,0
1411.3480414449798,60.01951173605402,113.44477390085575,2.9797671468146767,0.049511818902034974,0.049330622976053555,3.0,0,0,0.020232853185323307,-0.049511818902034974,-0.049330622976053555,-2.977942510775014,-2.9849223006198966,0,0
1411.3480414449798,86.2760268879407,105.22351709380416,2.989848896068158,0.04992830668188496,0.03324455026647087,3.0,0,0,0.01015110393184182,-0.04992830668188496,-0.03324455026647087,-2.9891708683515628,-2.9938746397687668,0,0
1284.2268420173286,85.53518482670935,105.22351709380416,2.9960679526901473,0.05008840635026641,0.018230882404193696,3.0,0,0,0.003932047309852749,-0.05008840635026641,-0.018230882404193696,-2.9964541273201353,-2.9990336148715055,0,0
211.34777997197892,82.68751571021457,110.36868736531008,2.999254156785839,0.050125994001686186,0.0053620242365275406,3.0,0,0,0.000745843214160935,-0.050125994001686186,-0.0053620242365275406,-3.0005509604899574,-3.001309633299184,0,0
602.1580731583105,79.6887422048836,91.82083615681199,2.9993300231833437,0.05012636012224427,0.004289619389222028,3.0,0,0,0.0006699768166562592,-0.05012636012224427,-0.004289619389222028,-3.0007026950518028,-3.001309633299184,0,0
1284.2268420173286,82.34399565000513,104.68049512451793,2.9993300231833437,0.05012636012224427,0.004289619389222028,3.0,0,0,0.0006699768166562592,-0.05012636012224427,-0.004289619389222028,-3.0007026950518028,-3.001309633299184,0,0
1284.2268420173286,83.38264517783642,109.77294326259755,2.9993300231833437,0.05012636012224427,0.004289619389222028,3.0,0,0,0.0006699768166562592,-0.05012636012224427,-0.004289619389222028,-3.0007026950518028,-3.001309633299184,0,0
138.92864283985838,82.68751571021457,106.88588226030939,2.9993300231833437,0.05012636012224427,0.004289619389222028,3.0,0,0,0.0006699768166562592,-0.05012636012224427,-0.004289619389222028,-3.0007026950518028,-3.001309633299184,0,0
248.42442609070224,83.73432085224402,105.22351709380416,2.9993300231833437,0.05012636012224427,0.004289619389222028,3.0,0,0,0.0006699768166562592,-0.05012636012224427,-0.004289619389222028,-3.0007026950518028,-3.001309633299184,0,0
602.1580731583105,78.73363637499943,101.5330368193872,2.9993300231833437,0.05012636012224427,0.004289619389222028,3.0,0,0,0.0006699768166562592,-0.05012636012224427,-0.004289619389222028,-3.0007026950518028,-3.001309633299184,0,0
1284.2268420173286,83.73432085224402,110.36868736531008,2.9993300231833437,0.05012636012224427,0.004289619389222028,3.0,0,0,0.0006699768166562592,-0.05012636012224427,-0.004289619389222028,-3.0007026950518028,-3.001309633299184,0,0
1284.2268420173286,83.38264517783642,108.6000844939372,2.9993300231833437,0.05012636012224427,0.004289619389222028,3.0,0,0,0.0006699768166562592,-0.05012636012224427,-0.004289619389222028,-3.0007026950518028,-3.001309633299184,0,0
602.1580731583105,80.01189902085736,101.5330368193872,2.9993300231833437,0.05012636012224427,0.004289619389222028,3.0,0,0,0.0006699768166562592,-0.05012636012224427,-0.004289619389222028,-3.0007026950518028,-3.001309633299184,0,0
1411.3480414449798,83.38264517783642,105.77203060255431,2.9993300231833437,0.05012636012224427,0.004289619389222028,3.0,0,0,0.0006699768166562592,-0.05012636012224427,-0.004289619389222028,-3.0007026950518028,-3.001309633299184,0,0
239.3652489782259,79.04963861634155,101.5330368193872,2.9993300231833437,0.05012636012224427,0.004289619389222028,3.0,0,0,0.0006699768166562592,-0.05012636012224427,-0.004289619389222028,-3.0007026950518028,-3.001309633299184,0,0
602.1580731583105,78.73363637499943,94.40905615911757,2.9993300231833437,0.05012636012224427,0.004289619389222028,3.0,0,0,0.0006699768166562592,-0.05012636012224427,-0.004289619389222028,-3.0007026950518028,-3.001309633299184,0,0
624.3377665398167,78.73363637499943,101.5330368193872,2.9993300231833437,0.05012636012224427,0.004289619389222028,3.0,0,0,0.0006699768166562592,-0.05012636012224427,-0.004289619389222028,-3.0007026950518028,-3.001309633299184,0,0
1284.2268420173286,72.32728403086773,108.6000844939372,2.9993300231833437,0.05012636012224427,0.004289619389222028,3.0,0,0,0.0006699768166562592,-0.05012636012224427,-0.004289619389222028,-3.0007026950518028,-3.001309633299184,0,0
1284.2268420173286,56.887544214014945,110.36868736531008,2.9993300231833437,0.05012636012224427,0.004289619389222028,3.0,0,0,0.0006699768166562592,-0.05012636012224427,-0.004289619389222028,-3.0007026950518028,-3.001309633299184,0,0
1180.1265773010464,82.00312876373096,105.77203060255431,2.9993300231833437,0.05012636012224427,0.004289619389222028,3.0,0,0,0.0006699768166562592,-0.05012636012224427,-0.004289619389222028,-3.0007026950518028,-3.001309633299184,0,0
1284.2268420173286,83.73432085224402,109.18344276436585,2.9993300231833437,0.05012636012224427,0.004289619389222028,3.0,0,0,0.0006699768166562592,-0.05012636012224427,-0.004289619389222028,-3.0007026950518028,-3.001309633299184,0,0
1284.2268420173286,85.16922919230018,110.36868736531008,2.9993300231833437,0.05012636012224427,0.004289619389222028,3.0,0,0,0.0006699768166562592,-0.05012636012224427,-0.004289619389222028,-3.0007026950518028,-3.001309633299184,0,0
1284.2268420173286,83.03372126641216,105.77203060255431,2.9993300231833437,0.05012636012224427,0.004289619389222028,3.0,0,0,0.0006699768166562592,-0.05012636012224427,-0.004289619389222028,-3.0007026950518028,-3.001309633299184,0,0
1284.2268420173286,83.38264517783642,108.6000844939372,2.9993300231833437,0.05012636012224427,0.004289619389222028,3.0,0,0,0.0006699768166562592,-0.05012636012224427,-0.004289619389222028,-3.0007026950518028,-3.001309633299184,0,0
1411.3480414449798,82.34399565000513,110.97077873540402,2.9993300231833437,0.05012636012224427,0.004289619389222028,3.0,0,0,0.0006699768166562592,-0.05012636012224427,-0.004289619389222028,-3.0007026950518028,-3.001309633299184,0,0
624.3377665398167,79.36799805452281,95.30295822324965,2.9993300231833437,0.05012636012224427,0.004289619389222028,3.0,0,0,0.0006699768166562592,-0.05012636012224427,-0.004289619389222028,-3.0007026950518028,-3.001309633299184,0,0
1284.2268420173286,83.73432085224402,109.18344276436585,2.9993300231833437,0.05012636012224427,0.004289619389222028,3.0,0,0,0.0006699768166562592,-0.05012636012224427,-0.004289619389222028,-3.0007026950518028,-3.001309633299184,0,0
204.85569342211394,73.9772983740448,94.40905615911757,2.9993300231833437,0.05012636012224427,0.004289619389222028,3.0,0,0,0.0006699768166562592,-0.05012636012224427,-0.004289619389222028,-3.0007026950518028,-3.001309633299184,0,0
1284.2268420173286,84.08878225753256,106.88588226030939,2.9993300231833437,0.05012636012224427,0.004289619389222028,3.0,0,0,0.0006699768166562592,-0.05012636012224427,-0.004289619389222028,-3.0007026950518028,-3.001309633299184,0,0
624.3377665398167,82.68751571021457,109.18344276436585,2.9993300231833437,0.05012636012224427,0.004289619389222028,3.0,0,0,0.0006699768166562592,-0.05012636012224427,-0.004289619389222028,-3.0007026950518028,-3.001309633299184,0,0
1284.2268420173286,84.08878225753256,113.44477390085575,2.9993300231833437,0.05012636012224427,0.004289619389222028,3.0,0,0,0.0006699768166562592,-0.05012636012224427,-0.004289619389222028,-3.0007026950518028,-3.001309633299184,0,0
900.238757316699,80.99613175561399,106.88588226030939,2.9993300231833437,0.05012636012224427,0.004289619389222028,3.0,0,0,0.0006699768166562592,-0.05012636012224427,-0.004289619389222028,-3.0007026950518028,-3.001309633299184,0,0
239.3652489782259,79.36799805452281,100.52415418066585,2.9993300231833437,0.05012636012224427,0.004289619389222028,3.0,0,0,0.0006699768166562592,-0.05012636012224427,-0.004289619389222028,-3.0007026950518028,-3.001309633299184,0,0
1284.2268420173286,82.68751571021457,112.81620876492863,2.9993300231833437,0.05012636012224427,0.004289619389222028,3.0,0,0,0.0006699768166562592,-0.05012636012224427,-0.004289619389222028,-3.0007026950518028,-3.001309633299184,0,0
1411.3480414449798,83.38264517783642,105.22351709380416,2.9993300231833437,0.05012636012224427,0.004289619389222028,3.0,0,0,0.0006699768166562592,-0.05012636012224427,-0.004289619389222028,-3.0007026950518028,-3.001309633299184,0,0
1284.2268420173286,83.38264517783642,109.18344276436585,2.9993300231833437,0.05012636012224427,0.004289619389222028,3.0,0,0,0.0006699768166562592,-0.05012636012224427,-0.004289619389222028,-3.0007026950518028,-3.001309633299184,0,0
1284.2268420173286,83.03372126641216,109.18344276436585,2.9993300231833437,0.05012636012224427,0.004289619389222028,3.0,0,0,0.0006699768166562592,-0.05012636012224427,-0.004289619389222028,-3.0007026950518028,-3.001309633299184,0,0
239.3652489782259,79.04963861634155,99.04654639912101,2.9993300231833437,0.05012636012224427,0.004289619389222028,3.0,0,0,0.0006699768166562592,-0.05012636012224427,-0.004289619389222028,-3.0007026950518028,-3.001309633299184,0,0
624.3377665398167,77.79950406996568,98.56325615049124,2.9993300231833437,0.05012636012224427,0.004289619389222028,3.0,0,0,0.0006699768166562592,-0.05012636012224427,-0.004289619389222028,-3.0007026950518028,-3.001309633299184,0,0
1284.2268420173286,85.53518482670935,109.77294326259755,2.9993300231833437,0.05012636012224427,0.004289619389222028,3.0,0,0,0.0006699768166562592,-0.05012636012224427,-0.004289619389222028,-3.0007026950518028,-3.001309633299184,0,0
1284.2268420173286,82.00312876373096,105.77203060255431,2.9993300231833437,0.05012636012224427,0.004289619389222028,3.0,0,0,0.0006699768166562592,-0.05012636012224427,-0.004289619389222028,-3.0007026950518028,-3.001309633299184,0,0
382.4520830402873,78.73363637499943,99.04654639912101,2.9993300231833437,0.05012636012224427,0.004289619389222028,3.0,0,0,0.0006699768166562592,-0.05012636012224427,-0.004289619389222028,-3.0007026950518028,-3.001309633299184,0,0
206.97300472647143,74.828338960275,88.5727896902875,2.9993300231833437,0.05012636012224427,0.004289619389222028,3.0,0,0,0.0006699768166562592,-0.05012636012224427,-0.004289619389222028,-3.0007026950518028,-3.001309633299184,0,0
900.238757316699,83.73432085224402,110.36868736531008,2.9993300231833437,0.05012636012224427,0.004289619389222028,3.0,0,0,0.0006699768166562592,-0.05012636012224427,-0.004289619389222028,-3.0007026950518028,-3.001309633299184,0,0
1284.2268420173286,83.73432085224402,110.36868736531008,2.9993300231833437,0.05012636012224427,0.004289619389222028,3.0,0,0,0.0006699768166562592,-0.05012636012224427,-0.004289619389222028,-3.0007026950518028,-3.001309633299184,0,0
1411.3480414449798,82.34399565000513,106.88588226030939,2.9993300231833437,0.05012636012224427,0.004289619389222028,3.0,0,0,0.0006699768166562592,-0.05012636012224427,-0.004289619389222028,-3.0007026950518028,-3.001309633299184,0,0
900.238757316699,83.73432085224402,106.32612268515561,2.9993300231833437,0.05012636012224427,0.004289619389222028,3.0,0,0,0.0006699768166562592,-0.05012636012224427,-0.004289619389222028,-3.0007026950518028,-3.001309633299184,0,0
239.3652489782259,82.68751571021457,73.9772983740448,2.9993300231833437,0.05012636012224427,0.004289619389222028,3.0,0,0,0.0006699768166562592,-0.05012636012224427,-0.004289619389222028,-3.0007026950518028,-3.001309633299184,0,0
1284.2268420173286,83.73432085224402,109.77294326259755,2.9993300231833437,0.05012636012224427,0.004289619389222028,3.0,0,0,0.0006699768166562592,-0.05012636012224427,-0.004289619389222028,-3.0007026950518028,-3.001309633299184,0,0
528.3325926770696,73.9772983740448,88.18202887947652,2.9993300231833437,0.05012636012224427,0.004289619389222028,3.0,0,0,0.0006699768166562592,-0.05012636012224427,-0.004289619389222028,-3.0007026950518028,-3.001309633299184,0,0
1411.3480414449798,83.38264517783642,109.77294326259755,2.9993300231833437,0.05012636012224427,0.004289619389222028,3.0,0,0,0.0006699768166562592,-0.05012636012224427,-0.004289619389222028,-3.0007026950518028,-3.001309633299184,0,0
1284.2268420173286,84.44606393366254,109.77294326259755,2.9993300231833437,0.05012636012224427,0.004289619389222028,3.0,0,0,0.0006699768166562592,-0.05012636012224427,-0.004289619389222028,-3.0007026950518028,-3.001309633299184,0,0
602.1580731583105,78.10859556029456,102.04483787812359,2.9993300231833437,0.05012636012224427,0.004289619389222028,3.0,0,0,0.0006699768166562592,-0.05012636012224427,-0.004289619389222028,-3.0007026950518028,-3.001309633299184,0,0
1284.2268420173286,82.68751571021457,109.77294326259755,2.9993300231833437,0.05012636012224427,0.004289619389222028,3.0,0,0,0.0006699768166562592,-0.05012636012224427,-0.004289619389222028,-3.0007026950518028,-3.001309633299184,0,0
1284.2268420173286,82.34399565000513,110.36868736531008,2.9993300231833437,0.05012636012224427,0.004289619389222028,3.0,0,0,0.0006699768166562592,-0.05012636012224427,-0.004289619389222028,-3.0007026950518028,-3.001309633299184,0,0
1284.2268420173286,84.44606393366254,105.22351709380416,2.9993300231833437,0.05012636012224427,0.004289619389222028,3.0,0,0,0.0006699768166562592,-0.05012636012224427,-0.004289619389222028,-3.0007026950518028,-3.001309633299184,0,0
1284.2268420173286,85.53518482670935,110.36868736531008,2.9993300231833437,0.05012636012224427,0.004289619389222028,3.0,0,0,0.0006699768166562592,-0.05012636012224427,-0.004289619389222028,-3.0007026950518028,-3.001309633299184,0,0
1284.2268420173286,81.32922784467303,106.32612268515561,2.9993300231833437,0.05012636012224427,0.004289619389222028,3.0,0,0,0.0006699768166562592,-0.05012636012224427,-0.004289619389222028,-3.0007026950518028,-3.001309633299184,0,0
734.7683303247097,83.73432085224402,109.18344276436585,2.9993300231833437,0.05012636012224427,0.004289619389222028,3.0,0,0,0.0006699768166562592,-0.05012636012224427,-0.004289619389222028,-3.0007026950518028,-3.001309633299184,0,0
512.8513118946122,79.36799805452281,94.8539958627646,2.9993300231833437,0.05012636012224427,0.004289619389222028,3.0,0,0,0.0006699768166562592,-0.05012636012224427,-0.004289619389222028,-3.0007026950518028,-3.001309633299184,0,0
1284.2268420173286,79.04963861634155,102.56164513946942,2.9993300231833437,0.05012636012224427,0.004289619389222028,3.0,0,0,0.0006699768166562592,-0.05012636012224427,-0.004289619389222028,-3.0007026950518028,-3.001309633299184,0,0
1284.2268420173286,82.34399565000513,108.02276929750369,2.9993300231833437,0.05012636012224427,0.004289619389222028,3.0,0,0,0.0006699768166562592,-0.05012636012224427,-0.004289619389222028,-3.0007026950518028,-3.001309633299184,0,0
1284.2268420173286,83.03372126641216,106.88588226030939,2.9993300231833437,0.05012636012224427,0.004289619389222028,3.0,0,0,0.0006699768166562592,-0.05012636012224427,-0.004289619389222028,-3.0007026950518028,-3.001309633299184,0,0
1284.2268420173286,83.03372126641216,106.32612268515561,2.9993300231833437,0.05012636012224427,0.004289619389222028,3.0,0,0,0.0006699768166562592,-0.05012636012224427,-0.004289619389222028,-3.0007026950518028,-3.001309633299184,0,0
1284.2268420173286,83.38264517783642,105.77203060255431,2.9993300231833437,0.05012636012224427,0.004289619389222028,3.0,0,0,0.0006699768166562592,-0.05012636012224427,-0.004289619389222028,-3.0007026950518028,-3.001309633299184,0,0
1284.2268420173286,78.10859556029456,111.57932338755117,2.9993300231833437,0.05012636012224427,0.004289619389222028,3.0,0,0,0.0006699768166562592,-0.05012636012224427,-0.004289619389222028,-3.0007026950518028,-3.001309633299184,0,0
703.2691653992177,83.73432085224402,111.57932338755117,2.9993300231833437,0.05012636012224427,0.004289619389222028,3.0,0,0,0.0006699768166562592,-0.05012636012224427,-0.004289619389222028,-3.0007026950518028,-3.001309633299184,0,0
1284.2268420173286,83.38264517783642,105.22351709380416,2.9993300231833437,0.05012636012224427,0.004289619389222028,3.0,0,0,0.0006699768166562592,-0.05012636012224427,-0.004289619389222028,-3.0007026950518028,-3.001309633299184,0,0
1284.2268420173286,83.03372126641216,109.77294326259755,2.9993300231833437,0.05012636012224427,0.004289619389222028,3.0,0,0,0.0006699768166562592,-0.05012636012224427,-0.004289619389222028,-3.0007026950518028,-3.001309633299184,0,0
602.1580731583105,79.6887422048836,92.66842176880655,2.9993300231833437,0.05012636012224427,0.004289619389222028,3.0,0,0,0.0006699768166562592,-0.05012636012224427,-0.004289619389222028,-3.0007026950518028,-3.001309633299184,0,0
239.3652489782259,78.73363637499943,97.6101426547749,2.9993300231833437,0.05012636012224427,0.004289619389222028,3.0,0,0,0.0006699768166562592,-0.05012636012224427,-0.004289619389222028,-3.0007026950518028,-3.001309633299184,0,0
1284.2268420173286,82.68751571021457,109.77294326259755,2.9993300231833437,0.05012636012224427,0.004289619389222028,3.0,0,0,0.0006699768166562592,-0.05012636012224427,-0.004289619389222028,-3.0007026950518028,-3.001309633299184,0,0
1180.1265773010464,83.03372126641216,110.97077873540402,2.9993300231833437,0.05012636012224427,0.004289619389222028,3.0,0,0,0.0006699768166562592,-0.05012636012224427,-0.004289619389222028,-3.0007026950518028,-3.001309633299184,0,0
1284.2268420173286,83.03372126641216,105.22351709380416,2.9993300231833437,0.05012636012224427,0.004289619389222028,3.0,0,0,0.0006699768166562592,-0.05012636012224427,-0.004289619389222028,-3.0007026950518028,-3.001309633299184,0,0
624.3377665398167,78.419964244608,99.04654639912101,2.9993300231833437,0.05012636012224427,0.004289619389222028,3.0,0,0,0.0006699768166562592,-0.05012636012224427,-0.004289619389222028,-3.0007026950518028,-3.001309633299184,0,0
1284.2268420173286,83.73432085224402,108.6000844939372,2.9993300231833437,0.05012636012224427,0.004289619389222028,-0.0006699768166562592,0,0,-3.0,-0.05012636012224427,-0.004289619389222028,-3.0007026950518028,-3.001309633299184,0,0
1284.2268420173286,83.73432085224402,109.18344276436585,2.9929572045668174,0.05010585732678029,0.0021448096946109943,-0.0006699768166562592,0,0,-2.9936271813834736,-0.05010585732678029,-0.0021448096946109943,-2.9944815780161473,-2.994785047139838,0,0
1284.2268420173286,83.38264517783642,106.32612268515561,2.9657971084452828,0.0502514918161802,-0.01286885816766615,-0.0006699768166562592,0,0,-2.966467085261939,-0.0502514918161802,0.01286885816766615,-2.968383233378763,-2.96656241863662,0,0
1284.2268420173286,83.03372126641216,102.04483787812359,2.9357575521628574,0.05073475198650206,-0.019303287251499237,-0.0006699768166562592,0,0,-2.9364275289795136,-0.05073475198650206,0.019303287251499237,-2.938794993818938,-2.9360637717057236,0,0
1284.2268420173286,83.03372126641216,105.22351709380416,2.906324364747132,0.05117668529241722,-0.01072404847305513,-0.0006699768166562592,0,0,-2.9069943415637884,-0.05117668529241722,0.01072404847305513,-2.908751550573577,-2.9072342049551247,0,0
1284.2268420173286,83.38264517783642,105.77203060255431,2.8768132185699615,0.051445699861163555,-0.007506833931138611,-0.0006699768166562592,0,0,-2.877483195386618,-0.051445699861163555,0.007506833931138611,-2.879011576451907,-2.87794943451899,0,0
1284.2268420173286,82.68751571021457,110.97077873540402,2.847149457145653,0.05158885299937526,-0.0021448096946110468,-0.0006699768166562592,0,0,-2.847819433962309,-0.05158885299937526,0.0021448096946110468,-2.848968133206546,-2.8486646640828557,0,0
1284.2268420173286,79.36799805452281,93.53102222430564,2.8176371230501056,0.0515413792032182,0.005362024236527563,-0.0006699768166562592,0,0,-2.818307099866762,-0.0515413792032182,-0.005362024236527563,-2.818924689961185,-2.8196833627704114,0,0
1284.2268420173286,83.03372126641216,109.18344276436585,2.787519063841014,0.05126683220118146,0.012868858167666149,-0.0006699768166562592,0,0,-2.78818904065767,-0.05126683220118146,-0.012868858167666149,-2.788274308468443,-2.790095123210586,0,0
602.1580731583105,78.73363637499943,98.56325615049124,2.757327792627869,0.050781131322928684,0.019303287251499237,-0.0006699768166562592,0,0,-2.7579977694445255,-0.050781131322928684,-0.019303287251499237,-2.7576239269757012,-2.760355149088916,0,0
624.3377665398167,81.32922784467303,95.30295822324965,2.727439951276163,0.050300311860537746,0.012868858167666149,-0.0006699768166562592,0,0,-2.7281099280928194,-0.050300311860537746,-0.012868858167666149,-2.7281874219777213,-2.730008236719865,0,0
1284.2268420173286,80.99613175561399,109.18344276436585,2.6980048173349402,0.05001620561570708,0.006434429083833061,-0.0006699768166562592,0,0,-2.6986747941515965,-0.05001620561570708,-0.006434429083833061,-2.699206120665277,-2.7001165280363493,0,0
239.3652489782259,80.01189902085736,97.6101426547749,2.668796019153922,0.04993789628619914,-0.0010724048473055242,-0.0006699768166562592,0,0,-2.669465995970578,-0.04993789628619914,0.0010724048473055242,-2.6705282884765236,-2.670376553914679,0,0
1284.2268420173286,82.68751571021457,106.88588226030939,2.6393599373238787,0.05009573478309067,-0.00965164362574963,-0.0006699768166562592,0,0,-2.640029914140535,-0.05009573478309067,0.00965164362574963,-2.6416987217259247,-2.640333110669318,0,0
1284.2268420173286,83.38264517783642,105.22351709380416,2.6106088212728666,0.0504811683230092,-0.017158477556888242,-0.0006699768166562592,0,0,-2.611278798089523,-0.0504811683230092,0.017158477556888242,-2.613476093222707,-2.6110483402331837,0,0
1284.2268420173286,83.03372126641216,109.18344276436585,2.581328917319378,0.05101502595531226,-0.01930328725149926,-0.0006699768166562592,0,0,-2.581998894136034,-0.05101502595531226,0.01930328725149926,-2.5843430573484176,-2.5816118352352038,0,0
1284.2268420173286,83.73432085224402,106.32612268515561,2.551821742067944,0.05156885463794127,-0.018230882404193738,-0.0006699768166562592,0,0,-2.5524917188846,-0.05156885463794127,0.018230882404193738,-2.5547548177885924,-2.552175330237224,0,0
602.1580731583105,74.54267433246892,92.66842176880655,2.5220861457616004,0.05207912227732264,-0.01608607270958272,-0.0006699768166562592,0,0,-2.5227561225782567,-0.05207912227732264,0.01608607270958272,-2.524863109105077,-2.5225870906773986,0,0
1284.2268420173286,83.38264517783642,105.77203060255431,2.4921217102994007,0.05251296166701706,-0.012868858167666175,-0.0006699768166562592,0,0,-2.492791687116057,-0.05251296166701706,0.012868858167666175,-2.4946679312978706,-2.4928471165557284,0,0
1284.2268420173286,80.99613175561399,109.18344276436585,2.4623834462874097,0.05283188847796212,-0.008579238778444107,-0.0006699768166562592,0,0,-2.463053423104066,-0.05283188847796212,0.008579238778444107,-2.4646244880525097,-2.4634106115577485,0,0
624.3377665398167,78.10859556029456,101.02616679983112,2.432644857357102,0.053118923653151864,-0.010724048473055128,-0.0006699768166562592,0,0,-2.4333148341737583,-0.053118923653151864,0.010724048473055128,-2.4350362484926844,-2.433518902874233,0,0
1284.2268420173286,83.73432085224402,105.77203060255431,2.4031332020740073,0.053324641859245944,-0.003217214541916518,-0.0006699768166562592,0,0,-2.4038031788906635,-0.053324641859245944,0.003217214541916518,-2.4049928052473235,-2.4045376015617888,0,0
1284.2268420173286,85.16922919230018,109.18344276436585,2.379690242599652,0.053362352406836,2.5587171270657905e-17,-0.0006699768166562592,0,0,-2.3803602194163083,-0.053362352406836,-2.5587171270657905e-17,-2.3813222135994634,-2.3813222135994643,0,0
239.3652489782259,79.04963861634155,98.56325615049124,2.350026242369059,0.05328282267219288,0.005362024236527589,-0.0006699768166562592,0,0,-2.3506962191857155,-0.05328282267219288,-0.005362024236527589,-2.3512787703541025,-2.3520374431633297,0,0
624.3377665398167,78.73363637499943,97.6101426547749,2.320363095015109,0.05304423575484161,0.010724048473055154,-0.0006699768166562592,0,0,-2.3210330718317653,-0.05304423575484161,-0.010724048473055154,-2.3212353271087416,-2.322752672727195,0,0
1284.2268420173286,80.66556470717478,83.73432085224402,2.290701244018001,0.05267840781078239,0.013941263014971698,-0.0006699768166562592,0,0,-2.291371220834657,-0.05267840781078239,-0.013941263014971698,-2.291343618425226,-2.2933161677292153,0,0
1284.2268420173286,83.38264517783642,105.22351709380416,2.2611173599377103,0.05217074357772439,0.020375692098804785,-0.0006699768166562592,0,0,-2.2617873367543666,-0.05217074357772439,-0.020375692098804785,-2.261300175179865,-2.264183131854926,0,0
1284.2268420173286,88.96683466233691,105.77203060255431,2.2313094434077447,0.05148334944974913,0.02573771633533235,-0.0006699768166562592,0,0,-2.231979420224401,-0.05148334944974913,-0.02573771633533235,-2.231104997372659,-2.2347466268569462,0,0
602.1580731583105,85.90410486184942,106.88588226030939,2.201500806853453,0.05082792186509108,0.018230882404193766,-0.0006699768166562592,0,0,-2.2021707836701094,-0.05082792186509108,-0.018230882404193766,-2.2018202269365243,-2.204399714487895,0,0
1284.2268420173286,84.8062010048873,105.77203060255431,2.172294964694094,0.05040506575108513,0.01072404847305518,-0.0006699768166562592,0,0,-2.17296494151075,-0.05040506575108513,-0.01072404847305518,-2.173142394747771,-2.174659740366225,0,0
1180.1265773010464,86.2760268879407,105.22351709380416,2.142783546994128,0.050167699227173,0.005362024236527616,-0.0006699768166562592,0,0,-2.143453523810784,-0.050167699227173,-0.005362024236527616,-2.1440093588734817,-2.1447680316827094,0,0
1284.2268420173286,85.53518482670935,109.77294326259755,2.1132712128985807,0.050120225431015936,-0.002144809694610994,-0.0006699768166562592,0,0,-2.113941189715237,-0.050120225431015936,0.002144809694610994,-2.1150280575610374,-2.1147245884373485,0,0
1284.2268420173286,80.66556470717478,109.77294326259755,2.083759184269281,0.05026264632811146,-0.007506833931138558,-0.0006699768166562592,0,0,-2.084429161085937,-0.05026264632811146,0.007506833931138558,-2.0858950216867482,-2.084832879753833,0,0
1284.2268420173286,85.53518482670935,105.22351709380416,2.0540969580129236,0.05059666455511784,-0.015013667862277143,-0.0006699768166562592,0,0,-2.05476693482958,-0.05059666455511784,0.015013667862277143,-2.056761985812459,-2.0546377019466266,0,0
1284.2268420173286,83.03372126641216,105.77203060255431,2.0247420983583906,0.05117912641218933,-0.024665311488026774,-0.0006699768166562592,0,0,-2.025412075175047,-0.05117912641218933,0.024665311488026774,-2.0280841536237055,-2.0245942587012657,0,0
417.22151175368833,77.18804967871625,87.02903054016306,1.9952435092006562,0.05208098850349061,-0.03646176480838743,-0.0006699768166562592,0,0,-1.9959134860173124,-0.05208098850349061,0.03646176480838743,-1.999406321434952,-1.9942473463322143,0,0
239.3652489782259,79.36799805452281,98.08447665807216,1.9662008800795947,0.053000086104300466,-0.02681012118263782,-0.0006699768166562592,0,0,-1.966870856896251,-0.053000086104300466,0.02681012118263782,-1.9696663473132816,-1.9658729832671513,0,0
1284.2268420173286,83.73432085224402,105.77203060255431,1.9371507330050561,0.053638836142275104,-0.017158477556888214,-0.0006699768166562592,0,0,-1.9378207098217124,-0.053638836142275104,0.017158477556888214,-1.9399263731916112,-1.9374986202020883,0,0
624.3377665398167,84.44606393366254,106.88588226030939,1.907716665426594,0.05401763989438616,-0.008579238778444107,-0.0006699768166562592,0,0,-1.9083866422432503,-0.05401763989438616,0.008579238778444107,-1.9098829299462503,-1.9086690534514894,0,0
1284.2268420173286,83.03372126641216,105.77203060255431,1.8785838975879796,0.054142609146682175,-4.85722573273506e-17,-0.0006699768166562592,0,0,-1.8792538744046359,-0.054142609146682175,4.85722573273506e-17,-1.88014295582458,-1.880142955824581,0,0
1284.2268420173286,83.03372126641216,105.77203060255431,1.8486922576584857,0.05407849716926406,0.004289619389221993,-0.0006699768166562592,0,0,-1.849362234475142,-0.05407849716926406,-0.004289619389221993,-1.8499477780173739,-1.850554716264756,0,0
239.3652489782259,79.04963861634155,102.04483787812359,1.8184977049176514,0.053884209779640126,0.008579238778444059,-0.0006699768166562592,0,0,-1.8191676817343077,-0.053884209779640126,-0.008579238778444059,-1.819449131086477,-1.8206630075812404,0,0
602.1580731583105,80.66556470717478,93.96808322544976,1.7884556609982587,0.0535942456740913,0.01072404847305508,-0.0006699768166562592,0,0,-1.789125637814915,-0.0535942456740913,-0.01072404847305508,-1.789253953279271,-1.790771298897725,0,0
1180.1265773010464,85.53518482670935,104.1428794944386,1.7585673211998158,0.053145478347981584,0.019303287251499185,-0.0006699768166562592,0,0,-1.759237298016472,-0.053145478347981584,-0.019303287251499185,-1.7587553063483743,-1.7614865284615904,0,0
1284.2268420173286,85.90410486184942,109.77294326259755,1.72913828058664,0.05248260951922712,0.025737716335332273,-0.0006699768166562592,0,0,-1.7298082574032962,-0.05248260951922712,-0.025737716335332273,-1.7288635976648588,-1.7325052271491463,0,0
1284.2268420173286,87.79450977305973,110.97077873540402,1.6989557595328237,0.05160843239488038,0.03217214541916536,-0.0006699768166562592,0,0,-1.69962573634948,-0.05160843239488038,-0.03217214541916536,-1.6982132161721168,-1.702765253027476,0,0
220.70517709223105,79.6887422048836,92.2427776670329,1.66869693743521,0.050748283574914246,0.024665311488026753,-0.0006699768166562592,0,0,-1.6693669142518663,-0.050748283574914246,-0.024665311488026753,-1.6684732420504464,-1.6719631369728887,0,0
1284.2268420173286,85.16922919230018,109.18344276436585,1.638355678776786,0.050162524787110314,0.013941263014971625,-0.0006699768166562592,0,0,-1.6390256555934422,-0.050162524787110314,-0.013941263014971625,-1.6388850024906214,-1.640857551794611,0,0
1284.2268420173286,85.16922919230018,109.77294326259755,1.6081619073628508,0.04987109621638195,0.005362024236527518,-0.0006699768166562592,0,0,-1.608831884179507,-0.04987109621638195,-0.005362024236527518,-1.6092967629307964,-1.6100554357400236,0,0
417.22151175368833,76.28731360165042,84.44606393366254,1.578194335706447,0.04988716490247509,-0.006434429083833133,-0.0006699768166562592,0,0,-1.5788643125231032,-0.04988716490247509,0.006434429083833133,-1.580163727056507,-1.5792533196854364,0,0
1284.2268420173286,84.8062010048873,105.77203060255431,1.5475464921453677,0.05028158942786908,-0.019303287251499282,-0.0006699768166562592,0,0,-1.548216468962024,-0.05028158942786908,0.019303287251499282,-1.5504237529348366,-1.547692530821623,0,0
1180.1265773010464,83.38264517783642,105.77203060255431,1.5173589711040172,0.05096154250478732,-0.02573771633533237,-0.0006699768166562592,0,0,-1.5180289479206734,-0.05096154250478732,0.02573771633533237,-1.5206837788131662,-1.517042149328881,0,0
1180.1265773010464,84.44606393366254,100.02692680886574,1.4868750720364732,0.051909889622293724,-0.036461764808387524,-0.0006699768166562592,0,0,-1.4875450488531294,-0.051909889622293724,0.036461764808387524,-1.4909438046914958,-1.4857848295887581,0,0
1284.2268420173286,83.38264517783642,99.04654639912101,1.456326613772165,0.05317187891010985,-0.04611340843413715,-0.0006699768166562592,0,0,-1.4569965905888214,-0.05317187891010985,0.04611340843413715,-1.4610520960079802,-1.4545275098486352,0,0
1019.267059271828,83.73432085224402,102.56164513946942,1.4259354269945141,0.0545579842007745,-0.04504100358683163,-0.0006699768166562592,0,0,-1.4266054038111704,-0.0545579842007745,0.04504100358683163,-1.4305534490770835,-1.4241805974795838,0,0
851.4899528953961,84.8062010048873,103.61058678886198,1.3958445201306442,0.05586572679341353,-0.041823789044915086,-0.0006699768166562592,0,0,-1.3965144969473005,-0.05586572679341353,0.041823789044915086,-1.400206536708032,-1.3942888887960683,0,0
1284.2268420173286,85.16922919230018,102.04483787812359,1.3655241457474323,0.05713457965988718,-0.041823789044915086,-0.0006699768166562592,0,0,-1.3661941225640886,-0.05713457965988718,0.041823789044915086,-1.3698596243389807,-1.3639419764270169,0,0
1284.2268420173286,84.8062010048873,102.56164513946942,1.3355069751080526,0.05839074399769609,-0.041823789044915086,-0.0006699768166562592,0,0,-1.3361769519247089,-0.05839074399769609,0.041823789044915086,-1.3398161810936198,-1.333898533181656,0,0
1284.2268420173286,83.38264517783642,103.08353533160607,1.3055564961063018,0.05940287874666062,-0.02573771633533239,-0.0006699768166562592,0,0,-1.306226472922958,-0.05940287874666062,0.02573771633533239,-1.308710595915342,-1.305068966431057,0,0
648.3999468665874,83.73432085224402,109.18344276436585,1.2812834891795624,0.05987148577690377,-0.012868858167666216,-0.0006699768166562592,0,0,-1.2819534659962186,-0.05987148577690377,0.012868858167666216,-1.2835226586490294,-1.2817018439068875,0,0
1284.2268420173286,85.53518482670935,108.6000844939372,1.2508610637802071,0.06001830012069634,0.003217214541916454,-0.0006699768166562592,0,0,-1.2515310405968634,-0.06001830012069634,-0.003217214541916454,-1.251961869785216,-1.252417073470753,0,0
602.1580731583105,80.66556470717478,94.40905615911757,1.2261294821697981,0.0597795922964314,0.01608607270958263,-0.0006699768166562592,0,0,-1.2267994589864544,-0.0597795922964314,-0.01608607270958263,-1.2263187288333675,-1.2285947472610477,0,0
1284.2268420173286,84.8062010048873,109.18344276436585,1.195029066053398,0.059212541443467014,0.020375692098804646,-0.0006699768166562592,0,0,-1.1956990428700542,-0.059212541443467014,-0.020375692098804646,-1.1949096745313992,-1.1977926312064604,0,0
239.3652489782259,82.00312876373096,102.04483787812359,1.1632491245112717,0.05847967085918806,0.02573771633533221,-0.0006699768166562592,0,0,-1.163919101327928,-0.05847967085918806,-0.02573771633533221,-1.1627419474202048,-1.1663835769044921,0,0
1411.3480414449798,87.79450977305973,110.36868736531008,1.1316987884777656,0.057667457907399244,0.02573771633533221,-0.0006699768166562592,0,0,-1.1323687652944219,-0.057667457907399244,-0.02573771633533221,-1.1311811585563913,-1.1348227880406787,0,0
1284.2268420173286,85.16922919230018,109.77294326259755,1.1004545707034634,0.05676253083395488,0.03217214541916527,-0.0006699768166562592,0,0,-1.1011245475201197,-0.05676253083395488,-0.03217214541916527,-1.0994686351307326,-1.1040206719860914,0,0
1180.1265773010464,84.8062010048873,105.77203060255431,1.0763429798885364,0.05593476949006747,0.03646176480838734,-0.0006699768166562592,0,0,-1.0770129567051927,-0.05593476949006747,-0.03646176480838734,-1.075039370673646,-1.0801983457763862,0,0
1180.1265773010464,85.90410486184942,105.77203060255431,1.0460881258840249,0.05494483015191973,0.02895493087724873,-0.0006699768166562592,0,0,-1.0467581027006811,-0.05494483015191973,-0.02895493087724873,-1.0452993965519757,-1.049396229721799,0,0
1284.2268420173286,83.73432085224402,105.77203060255431,1.015825892480033,0.05421448767756701,0.019303287251499098,-0.0006699768166562592,0,0,-1.0164958692966892,-0.05421448767756701,-0.019303287251499098,-1.0157111569921506,-1.0184423791053665,0,0
206.97300472647143,76.88563626605912,88.96683466233691,0.9857853687913904,0.053795657700932,0.00857923877844397,-0.0006699768166562592,0,0,-0.9864553456080467,-0.053795657700932,-0.00857923877844397,-0.986426386556016,-0.9876402630507793,0,0
1284.2268420173286,93.09781934285294,110.97077873540402,0.9555148502526055,0.053617113250998674,0.003217214541916406,-0.0006699768166562592,0,0,-0.9561848270692618,-0.053617113250998674,-0.003217214541916406,-0.9565346778725003,-0.9569898815580374,0,0
1284.2268420173286,66.34704544306035,103.08353533160607,0.9247886412328197,0.05366653969686914,-0.006434429083833176,-0.0006699768166562592,0,0,-0.9254586180494759,-0.05366653969686914,0.006434429083833176,-0.9264912346271394,-0.9255808272560693,0,0
624.3377665398167,56.36420238587991,139.88023555455067,0.8934578369826773,0.05405295131041507,-0.01823088240419378,-0.0006699768166562592,0,0,-0.8941278137993336,-0.05405295131041507,0.01823088240419378,-0.8959925876962428,-0.8934131001448747,0,0
1284.2268420173286,51.852303182374264,84.08878225753256,0.8619820804346657,0.054812580701032565,-0.030027335724554405,-0.0006699768166562592,0,0,-0.862652057251322,-0.054812580701032565,0.030027335724554405,-0.8653422062035009,-0.861093638471835,0,0
1284.2268420173286,47.919138344411984,66.34704544306035,0.8366573278177298,0.05568199041442375,-0.03860657450299851,-0.0006699768166562592,0,0,-0.8373273046343861,-0.05568199041442375,0.03860657450299851,-0.840609472622724,-0.835147028396296,0,0
1284.2268420173286,48.584237987391454,76.88563626605912,0.8052035818237516,0.057082758070776556,-0.050403027823359134,-0.0006699768166562592,0,0,-0.8058735586404079,-0.057082758070776556,0.050403027823359134,-0.8099590911299821,-0.8028275667232562,0,0
1284.2268420173286,44.92590039496099,80.66556470717478,0.7799725475149945,0.05836912034915059,-0.05147543267066463,-0.0006699768166562592,0,0,-0.7806425243316507,-0.05836912034915059,0.05147543267066463,-0.7847711538636695,-0.7774878948950983,0,0
1284.2268420173286,50.102785059575574,77.18804967871625,0.7483769279751994,0.05997997040945681,-0.050403027823359106,-0.0006699768166562592,0,0,-0.7490469047918556,-0.05997997040945681,0.050403027823359106,-0.7530586304380108,-0.7459271060312849,0,0
1284.2268420173286,50.96490904549061,69.97442321249366,0.7170810340756508,0.06150824850064767,-0.047185813281442585,-0.0006699768166562592,0,0,-0.7177510108923071,-0.06150824850064767,0.047185813281442585,-0.7214978415741974,-0.7148215208530072,0,0
1284.2268420173286,55.679217725074686,75.99135610686974,0.6856258039786584,0.06287528420831819,-0.039678979350304,-0.0006699768166562592,0,0,-0.6862957807953146,-0.06287528420831819,0.039678979350304,-0.6894818490248481,-0.6838676702365748,0,0
602.1580731583105,57.06386143042885,64.98920973082122,0.6541577227458957,0.06390492036203076,-0.02573771633533235,-0.0006699768166562592,0,0,-0.6548276995625519,-0.06390492036203076,0.02573771633533235,-0.6570106527899631,-0.6533690233056781,0,0
602.1580731583105,56.19159937776923,143.82153882231913,0.6228294408339202,0.06445932214739156,-0.009651643625749655,-0.0006699768166562592,0,0,-0.6234994176505765,-0.06445932214739156,0.009651643625749655,-0.624539456555078,-0.623173845498472,0,0
1284.2268420173286,85.16922919230018,265.2554052777127,0.5911169356437878,0.06442531349006822,0.011796453320360601,-0.0006699768166562592,0,0,-0.591786912460444,-0.06442531349006822,-0.011796453320360601,-0.5913095875109667,-0.5929786676912658,0,0
1284.2268420173286,245.3252030939217,225.71785045590883,0.559714401146386,0.06378537655295297,0.028954930877248816,-0.0006699768166562592,0,0,-0.5603843779630423,-0.06378537655295297,-0.028954930877248816,-0.5586866567142365,-0.5627834898840597,0,0
1284.2268420173286,223.1819809443389,268.9169663380496,0.5283968924597062,0.0627942869729674,0.03431695511377635,-0.0006699768166562592,0,0,-0.5290668692763625,-0.0627942869729674,-0.03431695511377635,-0.5269741332885778,-0.5318296392676273,0,0
1284.2268420173286,223.1819809443389,168.8620920208621,0.49754004037082256,0.061652124973610334,0.039678979350303914,-0.0006699768166562592,0,0,-0.4982100171874788,-0.061652124973610334,-0.039678979350303914,-0.4957168135484548,-0.5013309923367306,0,0
562.6000187683081,236.49825525583836,162.1258003695371,0.4667634969338327,0.06039724350058899,0.04182378904491496,-0.0006699768166562592,0,0,-0.46743347375048894,-0.06039724350058899,-0.04182378904491496,-0.4647629629320224,-0.4706806108439887,0,0
602.1580731583105,293.3703955349555,154.7323071690459,0.44220742733804475,0.0592904649430004,0.048258218128748046,-0.0006699768166562592,0,0,-0.442877404154701,-0.0592904649430004,-0.048258218128748046,-0.43972676022755497,-0.44655481551059284,0,0
900.238757316699,196.81893899271049,163.42873978461637,0.41151615976267863,0.0578247029164756,0.04718581328144252,-0.0006699768166562592,0,0,-0.4121861365793349,-0.0578247029164756,-0.04718581328144252,-0.40907637873481306,-0.4157526994560057,0,0
382.4520830402873,184.22292190812155,191.20821604693444,0.38021399808674367,0.056430685947623294,0.04182378904491498,-0.0006699768166562592,0,0,-0.3808839749033999,-0.056430685947623294,-0.04182378904491498,-0.37812252811838065,-0.38404017603034696,0,0
1284.2268420173286,179.3202830877122,223.1819809443389,0.3488258200170449,0.055285710136146006,0.03109974057185988,-0.0006699768166562592,0,0,-0.34949579683370113,-0.055285710136146006,-0.03109974057185988,-0.34747214662563874,-0.3518724489191525,0,0
1284.2268420173286,180.92431015592842,198.76603234393832,0.3237198182372217,0.054733683340925106,0.012868858167666142,-0.0006699768166562592,0,0,-0.32438979505387794,-0.054733683340925106,-0.012868858167666142,-0.3236498204159334,-0.3254706351580778,0,0
1284.2268420173286,65.88884418534775,245.3252030939217,0.2926901404863762,0.054683768732626294,-0.009651643625749638,-0.0006699768166562592,0,0,-0.29336011730303246,-0.054683768732626294,0.009651643625749638,-0.29421331541795354,-0.29284770436134755,0,0
1284.2268420173286,60.01951173605402,67.04513494735056,0.26151697587106854,0.0554026465611195,-0.036461764808387434,-0.0006699768166562592,0,0,-0.2621869526877248,-0.0554026465611195,0.036461764808387434,-0.26492854498181895,-0.2597695698790815,0,0
1284.2268420173286,50.819497486764014,82.00312876373096,0.23051652018511695,0.05674991789711285,-0.050403027823359106,-0.0006699768166562592,0,0,-0.2311864970017732,-0.05674991789711285,0.050403027823359106,-0.23488510173645805,-0.22775357732973228,0,0
239.3652489782259,46.88585314489331,74.54267433246892,0.19998683132586537,0.05840491561494472,-0.05790986175449769,-0.0006699768166562592,0,0,-0.20065680814252163,-0.05840491561494472,0.05790986175449769,-0.20484165849109714,-0.1966479921514546,0,0
1284.2268420173286,47.919138344411984,76.28731360165042,0.16893533719441708,0.06023852993854748,-0.06005467144910871,-0.0006699768166562592,0,0,-0.16960531401107334,-0.06023852993854748,0.06005467144910871,-0.1738878078746647,-0.16539067241133165,0,0
624.3377665398167,47.01299362275322,70.48517871055273,0.13803531376604902,0.062063199802035104,-0.05790986175449769,-0.0006699768166562592,0,0,-0.13870529058270528,-0.062063199802035104,0.05790986175449769,-0.14278222269638702,-0.13458855635674447,0,0
1284.2268420173286,55.00843338201938,82.00312876373096,0.10667891069738374,0.06388107733899555,-0.05790986175449769,-0.0006699768166562592,0,0,-0.10734888751404,-0.06388107733899555,0.05790986175449769,-0.11137316839441883,-0.10317950205477627,0,0
602.1580731583105,53.867377246779164,80.01189902085736,0.07622767292560512,0.06558095462341804,-0.05362024236527563,-0.0006699768166562592,0,0,-0.07689764974226138,-0.06558095462341804,0.05362024236527563,-0.08057105233983165,-0.07298432424757012,0,0
1284.2268420173286,81.32922784467303,100.02692680886574,0.05000952716960701,0.06687536224200583,-0.045041003586831524,-0.0006699768166562592,0,0,-0.050679503986263266,-0.06687536224200583,0.045041003586831524,-0.05371403489322116,-0.04734118329572168,0,0
1284.2268420173286,84.44606393366254,112.19442975602797,0.029388161123764342,0.06764973177537997,-0.03002733572455433,-0.0006699768166562592,0,0,-0.0300581379404206,-0.06764973177537997,0.03002733572455433,-0.032015992549349406,-0.027767424817683524,0,0
602.1580731583105,86.2760268879407,120.84213728458607,0.014217226432837448,0.06792634194755773,-0.006434429083833026,-0.0006699768166562592,0,0,-0.014887203249493707,-0.06792634194755773,0.006434429083833026,-0.015173456184525876,-0.01426304881345565,0,0
1284.2268420173286,87.79450977305973,117.36537105675751,0.004582249354076324,0.06786951200985965,0.018230882404193776,-0.0006699768166562592,0,0,-0.005252226170732583,-0.06786951200985965,-0.018230882404193776,-0.003793364046131599,-0.006372851597502286,0,0
1284.2268420173286,81.6648832554738,122.29045980286173,-0.0002717797093362154,0.0677497615855621,0.03109974057185993,-0.0006699768166562592,0,0,-0.0003981971073200438,-0.0677497615855621,-0.03109974057185993,0.0019725493039881676,-0.002427752989525604,0,0
602.1580731583105,73.6975442509615,118.73212177360972,-0.0027736866354619205,0.0676571538558845,0.042896193892220574,-0.0006699768166562592,0,0,0.0021037098188056613,-0.0676571538558845,-0.042896193892220574,0.005310709664583822,-0.0007586728092277765,0,0
602.1580731583105,73.6975442509615,118.73212177360972,-0.0028494823706353965,0.0676538597939383,0.04396859873952609,-0.0006699768166562592,0,0,0.0021795055539791373,-0.0676538597939383,-0.04396859873952609,0.005462444226429079,-0.0007586728092277765,0,0
1284.2268420173286,73.41971802386729,146.92774685951784,-0.0028494823706353965,0.0676538597939383,0.04396859873952609,-0.0006699768166562592,0,0,0.0021795055539791373,-0.0676538597939383,-0.04396859873952609,0.005462444226429079,-0.0007586728092277765,0,0
1284.2268420173286,75.99135610686974,139.88023555455067,-0.0028494823706353965,0.0676538597939383,0.04396859873952609,-0.0006699768166562592,0,0,0.0021795055539791373,-0.0676538597939383,-0.04396859873952609,0.005462444226429079,-0.0007586728092277765,0,0
1284.2268420173286,75.99135610686974,136.15031850713706,-0.0028494823706353965,0.0676538597939383,0.04396859873952609,-0.0006699768166562592,0,0,0.0021795055539791373,-0.0676538597939383,-0.04396859873952609,0.005462444226429079,-0.0007586728092277765,0,0
1284.2268420173286,75.69750294678715,134.3591943699604,-0.0028494823706353965,0.0676538597939383,0.04396859873952609,-0.0006699768166562592,0,0,0.0021795055539791373,-0.0676538597939383,-0.04396859873952609,0.005462444226429079,-0.0007586728092277765,0,0
528.3325926770696,75.99135610686974,135.24881572421333,-0.0028494823706353965,0.0676538597939383,0.04396859873952609,-0.0006699768166562592,0,0,0.0021795055539791373,-0.0676538597939383,-0.04396859873952609,0.005462444226429079,-0.0007586728092277765,0,0
1411.3480414449798,75.40573089722304,136.15031850713706,-0.0028494823706353965,0.0676538597939383,0.04396859873952609,-0.0006699768166562592,0,0,0.0021795055539791373,-0.0676538597939383,-0.04396859873952609,0.005462444226429079,-0.0007586728092277765,0,0
1284.2268420173286,76.28731360165042,138.92864283985838,-0.0028494823706353965,0.0676538597939383,0.04396859873952609,-0.0006699768166562592,0,0,0.0021795055539791373,-0.0676538597939383,-0.04396859873952609,0.005462444226429079,-0.0007586728092277765,0,0
1284.2268420173286,77.79950406996568,140.84502956740286,-0.0028494823706353965,0.0676538597939383,0.04396859873952609,-0.0006699768166562592,0,0,0.0021795055539791373,-0.0676538597939383,-0.04396859873952609,0.005462444226429079,-0.0007586728092277765,0,0
1284.2268420173286,75.69750294678715,135.24881572421333,-0.0028494823706353965,0.0676538597939383,0.04396859873952609,-0.0006699768166562592,0,0,0.0021795055539791373,-0.0676538597939383,-0.04396859873952609,0.005462444226429079,-0.0007586728092277765,0,0
1093.1463157010076,75.99135610686974,140.84502956740286,-0.0028494823706353965,0.0676538597939383,0.04396859873952609,-0.0006699768166562592,0,0,0.0021795055539791373,-0.0676538597939383,-0.04396859873952609,0.005462444226429079,-0.0007586728092277765,0,0
1284.2268420173286,75.69750294678715,140.84502956740286,-0.0028494823706353965,0.0676538597939383,0.04396859873952609,-0.0006699768166562592,0,0,0.0021795055539791373,-0.0676538597939383,-0.04396859873952609,0.005462444226429079,-0.0007586728092277765,0,0
1284.2268420173286,75.69750294678715,140.84502956740286,-0.0028494823706353965,0.0676538597939383,0.04396859873952609,-0.0006699768166562592,0,0,0.0021795055539791373,-0.0676538597939383,-0.04396859873952609,0.005462444226429079,-0.0007586728092277765,0,0
1284.2268420173286,77.49266392626436,138.92864283985838,-0.0028494823706353965,0.0676538597939383,0.04396859873952609,-0.0006699768166562592,0,0,0.0021795055539791373,-0.0676538597939383,-0.04396859873952609,0.005462444226429079,-0.0007586728092277765,0,0
624.3377665398167,71.79211210149265,129.25786434407527,-0.0028494823706353965,0.0676538597939383,0.04396859873952609,-0.0006699768166562592,0,0,0.0021795055539791373,-0.0676538597939383,-0.04396859873952609,0.005462444226429079,-0.0007586728092277765,0,0
1284.2268420173286,75.99135610686974,135.24881572421333,-0.0028494823706353965,0.0676538597939383,0.04396859873952609,-0.0006699768166562592,0,0,0.0021795055539791373,-0.0676538597939383,-0.04396859873952609,0.005462444226429079,-0.0007586728092277765,0,0
1284.2268420173286,75.40573089722304,135.24881572421333,-0.0028494823706353965,0.0676538597939383,0.04396859873952609,-0.0006699768166562592,0,0,0.0021795055539791373,-0.0676538597939383,-0.04396859873952609,0.005462444226429079,-0.0007586728092277765,0,0
1284.2268420173286,75.99135610686974,140.84502956740286,-0.0028494823706353965,0.0676538597939383,0.04396859873952609,-0.0006699768166562592,0,0,0.0021795055539791373,-0.0676538597939383,-0.04396859873952609,0.005462444226429079,-0.0007586728092277765,0,0
1284.2268420173286,75.99135610686974,136.15031850713706,-0.0028494823706353965,0.0676538597939383,0.04396859873952609,-0.0006699768166562592,0,0,0.0021795055539791373,-0.0676538597939383,-0.04396859873952609,0.005462444226429079,-0.0007586728092277765,0,0
1284.2268420173286,75.99135610686974,135.24881572421333,-0.0028494823706353965,0.0676538597939383,0.04396859873952609,-0.0006699768166562592,0,0,0.0021795055539791373,-0.0676538597939383,-0.04396859873952609,0.005462444226429079,-0.0007586728092277765,0,0
1284.2268420173286,77.79950406996568,135.24881572421333,-0.0028494823706353965,0.0676538597939383,0.04396859873952609,-0.0006699768166562592,0,0,0.0021795055539791373,-0.0676538597939383,-0.04396859873952609,0.005462444226429079,-0.0007586728092277765,0,0
1284.2268420173286,77.49266392626436,141.82331249922515,-0.0028494823706353965,0.0676538597939383,0.04396859873952609,-0.0006699768166562592,0,0,0.0021795055539791373,-0.0676538597939383,-0.04396859873952609,0.005462444226429079,-0.0007586728092277765,0,0
1284.2268420173286,77.79950406996568,136.15031850713706,-0.0028494823706353965,0.0676538597939383,0.04396859873952609,-0.0006699768166562592,0,0,0.0021795055539791373,-0.0676538597939383,-0.04396859873952609,0.005462444226429079,-0.0007586728092277765,0,0
1284.2268420173286,75.69750294678715,140.84502956740286,-0.0028494823706353965,0.0676538597939383,0.04396859873952609,-0.0006699768166562592,0,0,0.0021795055539791373,-0.0676538597939383,-0.04396859873952609,0.005462444226429079,-0.0007586728092277765,0,0
1284.2268420173286,77.79950406996568,135.24881572421333,-0.0028494823706353965,0.0676538597939383,0.04396859873952609,-0.0006699768166562592,0,0,0.0021795055539791373,-0.0676538597939383,-0.04396859873952609,0.005462444226429079,-0.0007586728092277765,0,0
1284.2268420173286,75.99135610686974,140.84502956740286,-0.0028494823706353965,0.0676538597939383,0.04396859873952609,-0.0006699768166562592,0,0,0.0021795055539791373,-0.0676538597939383,-0.04396859873952609,0.005462444226429079,-0.0007586728092277765,0,0
1284.2268420173286,77.18804967871625,135.24881572421333,-0.0028494823706353965,0.0676538597939383,0.04396859873952609,-0.0006699768166562592,0,0,0.0021795055539791373,-0.0676538597939383,-0.04396859873952609,0.005462444226429079,-0.0007586728092277765,0,0
1411.3480414449798,78.10859556029456,140.84502956740286,-0.0028494823706353965,0.0676538597939383,0.04396859873952609,-0.0006699768166562592,0,0,0.0021795055539791373,-0.0676538597939383,-0.04396859873952609,0.005462444226429079,-0.0007586728092277765,0,0
213.60849807698625,72.59760196071355,126.06628950603962,-0.0028494823706353965,0.0676538597939383,0.04396859873952609,-0.0006699768166562592,0,0,0.0021795055539791373,-0.0676538597939383,-0.04396859873952609,0.005462444226429079,-0.0007586728092277765,0,0
602.1580731583105,71.527220004475,126.06628950603962,-0.0028494823706353965,0.0676538597939383,0.04396859873952609,-0.0006699768166562592,0,0,0.0021795055539791373,-0.0676538597939383,-0.04396859873952609,0.005462444226429079,-0.0007586728092277765,0,0
1284.2268420173286,77.79950406996568,140.84502956740286,-0.0028494823706353965,0.0676538597939383,0.04396859873952609,-0.0006699768166562592,0,0,0.0021795055539791373,-0.0676538597939383,-0.04396859873952609,0.005462444226429079,-0.0007586728092277765,0,0
1284.2268420173286,75.69750294678715,140.84502956740286,-0.0028494823706353965,0.0676538597939383,0.04396859873952609,-0.0006699768166562592,0,0,0.0021795055539791373,-0.0676538597939383,-0.04396859873952609,0.005462444226429079,-0.0007586728092277765,0,0
1284.2268420173286,77.49266392626436,140.84502956740286,-0.0028494823706353965,0.0676538597939383,0.04396859873952609,-0.0006699768166562592,0,0,0.0021795055539791373,-0.0676538597939383,-0.04396859873952609,0.005462444226429079,-0.0007586728092277765,0,0
1284.2268420173286,75.99135610686974,139.88023555455067,-0.0028494823706353965,0.0676538597939383,0.04396859873952609,-0.0006699768166562592,0,0,0.0021795055539791373,-0.0676538597939383,-0.04396859873952609,0.005462444226429079,-0.0007586728092277765,0,0
1284.2268420173286,75.99135610686974,139.88023555455067,-0.0028494823706353965,0.0676538597939383,0.04396859873952609,-0.0006699768166562592,0,0,0.0021795055539791373,-0.0676538597939383,-0.04396859873952609,0.005462444226429079,-0.0007586728092277765,0,0
1284.2268420173286,77.49266392626436,134.3591943699604,-0.0028494823706353965,0.0676538597939383,0.04396859873952609,-0.0006699768166562592,0,0,0.0021795055539791373,-0.0676538597939383,-0.04396859873952609,0.005462444226429079,-0.0007586728092277765,0,0
1411.3480414449798,75.69750294678715,142.81538054950164,-0.0028494823706353965,0.0676538597939383,0.04396859873952609,-0.0006699768166562592,0,0,0.0021795055539791373,-0.0676538597939383,-0.04396859873952609,0.005462444226429079,-0.0007586728092277765,0,0
206.97300472647143,72.59760196071355,107.45140018288424,-0.0028494823706353965,0.0676538597939383,0.04396859873952609,-0.0006699768166562592,0,0,0.0021795055539791373,-0.0676538597939383,-0.04396859873952609,0.005462444226429079,-0.0007586728092277765,0,0
1284.2268420173286,75.99135610686974,140.84502956740286,-0.0028494823706353965,0.0676538597939383,0.04396859873952609,-0.0006699768166562592,0,0,0.0021795055539791373,-0.0676538597939383,-0.04396859873952609,0.005462444226429079,-0.0007586728092277765,0,0
1284.2268420173286,77.79950406996568,141.82331249922515,-0.0028494823706353965,0.0676538597939383,0.04396859873952609,-0.0006699768166562592,0,0,0.0021795055539791373,-0.0676538597939383,-0.04396859873952609,0.005462444226429079,-0.0007586728092277765,0,0
1284.2268420173286,75.99135610686974,141.82331249922515,-0.0028494823706353965,0.0676538597939383,0.04396859873952609,-0.0006699768166562592,0,0,0.0021795055539791373,-0.0676538597939383,-0.04396859873952609,0.005462444226429079,-0.0007586728092277765,0,0
602.1580731583105,71.527220004475,128.44498763419128,-0.0028494823706353965,0.0676538597939383,0.04396859873952609,-0.0006699768166562592,0,0,0.0021795055539791373,-0.0676538597939383,-0.04396859873952609,0.005462444226429079,-0.0007586728092277765,0,0
602.1580731583105,67.28076465107131,114.0802412881919,-0.0028494823706353965,0.0676538597939383,0.04396859873952609,-0.0006699768166562592,0,0,0.0021795055539791373,-0.0676538597939383,-0.04396859873952609,0.005462444226429079,-0.0007586728092277765,0,0
1284.2268420173286,72.05879380612686,110.97077873540402,-0.0028494823706353965,0.0676538597939383,0.04396859873952609,-0.0006699768166562592,0,0,0.0021795055539791373,-0.0676538597939383,-0.04396859873952609,0.005462444226429079,-0.0007586728092277765,0,0
1284.2268420173286,75.40573089722304,140.84502956740286,-0.0028494823706353965,0.0676538597939383,0.04396859873952609,-0.0006699768166562592,0,0,0.0021795055539791373,-0.0676538597939383,-0.04396859873952609,0.005462444226429079,-0.0007586728092277765,0,0
1284.2268420173286,75.69750294678715,139.88023555455067,-0.0028494823706353965,0.0676538597939383,0.04396859873952609,-0.0006699768166562592,0,0,0.0021795055539791373,-0.0676538597939383,-0.04396859873952609,0.005462444226429079,-0.0007586728092277765,0,0
