FDist,LDist,RDist,XEst,YEst,ThetaEst,XDes,YDes,ThetaDes,XError,YError,ThetaError,SL,SR,RW,LW
162.1258003695371,312.50933522689996,71.26409887021845,0.0,0.0,0.0,0,0,0,0.0,0.0,0.0,0.0,0.0,0,0
399.01729906632625,1411.3480414449798,137.98997206957193,0.0,0.0,0.0,0,0,0,0.0,0.0,0.0,0.0,0.0,0,0
198.76603234393832,734.7683303247097,76.58539900875073,0.0,0.0,0.0,0,0,0,0.0,0.0,0.0,0.0,0.0,0,0
159.58252707905322,346.8640580657511,71.26409887021845,0.0,0.0,0.0,0,0,0,0.0,0.0,0.0,0.0,0.0,0,0
284.7075611688845,1284.2268420173286,93.96808322544976,0.0,0.0,0.0,0,0,0,0.0,0.0,0.0,0.0,0.0,0,0
288.9697116820819,1411.3480414449798,64.1112337943502,0.0,0.0,0.0,0,0,0,0.0,0.0,0.0,0.0,0.0,0,0
312.50933522689996,602.1580731583105,85.53518482670935,0.0,0.0,0.0,0,0,0,0.0,0.0,0.0,0.0,0.0,0,0
399.01729906632625,769.566351540633,93.53102222430564,0.0,0.0,0.0,0,0,0,0.0,0.0,0.0,0.0,0.0,0,0
261.6981137825328,602.1580731583105,105.22351709380416,0.0,0.0,0.0,0,0,0,0.0,0.0,0.0,0.0,0.0,0,0
317.7208243859324,1411.3480414449798,107.45140018288424,0.0,0.0,0.0,0,0,0,0.0,0.0,0.0,0.0,0.0,0,0
280.5772654118684,602.1580731583105,88.96683466233691,0.0,0.0,0.0,0,0,0,0.0,0.0,0.0,0.0,0.0,0,0
317.7208243859324,1411.3480414449798,168.8620920208621,0.0,0.0,0.0,0,0,0,0.0,0.0,0.0,0.0,0.0,0,0
225.71785045590883,484.6780696502813,68.72637072202204,0.0,0.0,0.0,0,0,0,0.0,0.0,0.0,0.0,0.0,0,0
176.198566643824,225.71785045590883,99.04654639912101,0.0,0.0,0.0,0,0,0,0.0,0.0,0.0,0.0,0.0,0,0
390.5444991736698,648.3999468665874,76.28731360165042,0.0,0.0,0.0,0,0,0,0.0,0.0,0.0,0.0,0.0,0,0
261.6981137825328,1411.3480414449798,96.67455639633857,0.0,0.0,0.0,0,0,0,0.0,0.0,0.0,0.0,0.0,0,0
407.8990969411948,544.8761250677193,100.02692680886574,0.0,0.0,0.0,0,0,0,0.0,0.0,0.0,0.0,0.0,0,0
317.7208243859324,1411.3480414449798,81.32922784467303,0.0,0.0,0.0,0,0,0,0.0,0.0,0.0,0.0,0.0,0,0
528.3325926770696,1411.3480414449798,98.08447665807216,0.0,0.0,0.0,0,0,0,0.0,0.0,0.0,0.0,0.0,0,0
528.3325926770696,624.3377665398167,102.56164513946942,0.0,0.0,0.0,0,0,0,0.0,0.0,0.0,0.0,0.0,0,0
471.8179059817352,1411.3480414449798,100.52415418066585,0.0,0.0,0.0,0,0,0,0.0,0.0,0.0,0.0,0.0,0,0
206.97300472647143,512.8513118946122,65.43626790658098,0.0,0.0,0.0,0,0,0,0.0,0.0,0.0,0.0,0.0,0,0
544.8761250677193,168.8620920208621,72.86976705815192,0.0,0.0,0.0,0,0,0,0.0,0.0,0.0,0.0,0.0,0,0
1284.2268420173286,1570.544100534677,90.57673222463723,0.0,0.0,0.0,0,0,0,0.0,0.0,0.0,0.0,0.0,0,0
280.5772654118684,280.5772654118684,95.30295822324965,0.0,0.0,0.0,0.3,0,0,0.3,0.0,0.0,0.0,0.0,0,0
674.6059938250444,1411.3480414449798,121.56203207857888,0.005765913350119767,0.0,0.0,0.3,0,0,0.2942340866498802,0.0,0.0,-0.005765913350119767,-0.005765913350119767,0,0
196.81893899271049,648.3999468665874,67.51788505098841,0.025946505635786984,6.492551896929127e-05,0.006434429083833087,0.3,0,0,0.274053494364213,-6.492551896929127e-05,-0.006434429083833087,-0.02549140639000318,-0.026401813761074724,0,0
1093.1463157010076,544.8761250677193,30.13818450719404,0.054394932352242076,0.0003852754809319311,0.01608607270958272,0.3,0,0,0.2456050676477579,-0.0003852754809319311,-0.01608607270958272,-0.05325883120768521,-0.05553484963536407,0,0
1093.1463157010076,624.3377665398167,43.9954973922686,0.0836012111903414,0.0007768108710866394,0.010724048473055154,0.3,0,0,0.21639878880965857,-0.0007768108710866394,-0.010724048473055154,-0.08284707076751033,-0.0843644163859629,0,0
581.6409617069837,374.71408913910363,35.7417900319635,0.1068155178553266,0.0010008740435561863,0.008579238778444133,0.3,0,0,0.19318448214467338,-0.0010008740435561863,-0.008579238778444133,-0.10621419329167991,-0.10742806978644197,0,0
1093.1463157010076,196.81893899271049,30.074083981884726,0.13511309832341725,0.001228477419955225,0.007506833931138611,0.3,0,0,0.16488690167658274,-0.001228477419955225,-0.007506833931138611,-0.13458855635674297,-0.13565069828965978,0,0
258.2405371440609,562.6000187683081,29.135426468315842,0.16272853450377056,0.0013469378570274838,0.0010724048473055234,0.3,0,0,0.13727146549622943,-0.0013469378570274838,-0.0010724048473055234,-0.16265945029811552,-0.1628111848599608,0,0
258.2405371440609,346.8640580657511,29.196701571220196,0.18882687914115476,0.0013469378570274842,-0.0010724048473054974,0.3,0,0,0.11117312085884523,-0.0013469378570274842,0.0010724048473054974,-0.188909529497345,-0.18875779493549974,0,0
1284.2268420173286,390.5444991736698,28.237612839164704,0.21333197917421856,0.0013075187409382033,-0.0021448096946109956,0.3,0,0,0.08666802082578143,-0.0013075187409382033,0.0021448096946109956,-0.21349052851627662,-0.21318705939258611,0,0
544.8761250677193,312.50933522689996,22.245039036567718,0.23207119486822306,0.0012974707271027487,0.001072404847305548,0.3,0,0,0.06792880513177693,-0.0012974707271027487,-0.001072404847305548,-0.23200214506139796,-0.23215387962324324,0,0
1284.2268420173286,1019.267059271828,24.41804431856243,0.25338987322516093,0.0013317641376943534,0.0021448096946110463,0.3,0,0,0.046610126774839056,-0.0013317641376943534,-0.0021448096946110463,-0.2532449837197339,-0.2535484528434245,0,0
1284.2268420173286,448.2028325964311,21.865492873548824,0.2707634181172472,0.0013783429336873838,0.0032172145419165693,0.3,0,0,0.0292365818827528,-0.0013783429336873838,-0.0032172145419165693,-0.2705427237700932,-0.270997927455629,0,0
1093.1463157010076,312.50933522689996,19.457286087701,0.2835091139831378,0.0013920114849560964,-0.0010724048473054974,0.3,0,0,0.016490886016862216,-0.0013920114849560964,0.0010724048473054974,-0.2835918960887853,-0.28344016152694007,0,0
624.3377665398167,194.9110753588243,22.502702204181062,0.2918544381035742,0.001356213001225469,-0.007506833931138585,0.3,0,0,0.00814556189642579,-0.001356213001225469,0.007506833931138585,-0.29239250067581024,-0.2913303587428934,0,0
512.8513118946122,211.34777997197892,23.435077391437254,0.2969373815120516,0.0013153298210143818,-0.008579238778444102,0.3,0,0,0.0030626184879483653,-0.0013153298210143818,0.008579238778444102,-0.29755147577854896,-0.2963375992837869,0,0
220.70517709223105,225.71785045590883,23.253708365120502,0.29807530418457495,0.001301295500909808,-0.016086072709582695,0.3,0,0,0.001924695815425037,-0.001301295500909808,0.016086072709582695,-0.2992205559588468,-0.2969445375311679,0,0
209.13650375320472,220.70517709223105,23.756904125116755,0.29807530418457495,0.001301295500909808,-0.016086072709582695,0.3,0,0,0.001924695815425037,-0.001301295500909808,0.016086072709582695,-0.2992205559588468,-0.2969445375311679,0,0
1411.3480414449798,390.5444991736698,24.41804431856243,0.29807530418457495,0.001301295500909808,-0.016086072709582695,0.3,0,0,0.001924695815425037,-0.001301295500909808,0.016086072709582695,-0.2992205559588468,-0.2969445375311679,0,0
1284.2268420173286,211.34777997197892,24.466187237839733,0.29807530418457495,0.001301295500909808,-0.016086072709582695,0.3,0,0,0.001924695815425037,-0.001301295500909808,0.016086072709582695,-0.2992205559588468,-0.2969445375311679,0,0
1284.2268420173286,382.4520830402873,24.514455284677474,0.29807530418457495,0.001301295500909808,-0.016086072709582695,0.3,0,0,0.001924695815425037,-0.001301295500909808,0.016086072709582695,-0.2992205559588468,-0.2969445375311679,0,0
340.5824855543227,185.91929651913173,22.546013685281594,0.29807530418457495,0.001301295500909808,-0.016086072709582695,0.3,0,0,0.001924695815425037,-0.001301295500909808,0.016086072709582695,-0.2992205559588468,-0.2969445375311679,0,0
399.01729906632625,200.75362703878065,23.710579061410876,0.29807530418457495,0.001301295500909808,-0.016086072709582695,0.3,0,0,0.001924695815425037,-0.001301295500909808,0.016086072709582695,-0.2992205559588468,-0.2969445375311679,0,0
1284.2268420173286,280.5772654118684,24.37002602209273,0.29807530418457495,0.001301295500909808,-0.016086072709582695,0.3,0,0,0.001924695815425037,-0.001301295500909808,0.016086072709582695,-0.2992205559588468,-0.2969445375311679,0,0
544.8761250677193,50.24476518910293,24.274361292354016,0.29807530418457495,0.001301295500909808,-0.016086072709582695,0.3,0,0,0.001924695815425037,-0.001301295500909808,0.016086072709582695,-0.2992205559588468,-0.2969445375311679,0,0
1284.2268420173286,42.44040737188923,24.41804431856243,0.29807530418457495,0.001301295500909808,-0.016086072709582695,0.3,0,0,0.001924695815425037,-0.001301295500909808,0.016086072709582695,-0.2992205559588468,-0.2969445375311679,0,0
1093.1463157010076,21.575898614386084,24.41804431856243,0.29807530418457495,0.001301295500909808,-0.016086072709582695,0.3,0,0,0.001924695815425037,-0.001301295500909808,0.016086072709582695,-0.2992205559588468,-0.2969445375311679,0,0
624.3377665398167,18.071576020988715,23.710579061410876,0.29807530418457495,0.001301295500909808,-0.016086072709582695,0.3,0,0,0.001924695815425037,-0.001301295500909808,0.016086072709582695,-0.2992205559588468,-0.2969445375311679,0,0
1411.3480414449798,18.749479645181225,23.572306256804332,0.29807530418457495,0.001301295500909808,-0.016086072709582695,0.3,0,0,0.001924695815425037,-0.001301295500909808,0.016086072709582695,-0.2992205559588468,-0.2969445375311679,0,0
1411.3480414449798,19.028900223129533,24.466187237839733,0.29807530418457495,0.001301295500909808,-0.016086072709582695,0.3,0,0,0.001924695815425037,-0.001301295500909808,0.016086072709582695,-0.2992205559588468,-0.2969445375311679,0,0
1284.2268420173286,18.853694991318818,24.32213184643946,0.29807530418457495,0.001301295500909808,-0.016086072709582695,0.3,0,0,0.001924695815425037,-0.001301295500909808,0.016086072709582695,-0.2992205559588468,-0.2969445375311679,0,0
1284.2268420173286,18.611570757963946,24.22671386331148,0.29807530418457495,0.001301295500909808,-0.016086072709582695,0.3,0,0,0.001924695815425037,-0.001301295500909808,0.016086072709582695,-0.2992205559588468,-0.2969445375311679,0,0
1284.2268420173286,18.784143038865714,24.274361292354016,0.29807530418457495,0.001301295500909808,-0.016086072709582695,0.3,0,0,0.001924695815425037,-0.001301295500909808,0.016086072709582695,-0.2992205559588468,-0.2969445375311679,0,0
624.3377665398167,17.421651905480985,23.208649349752903,0.29807530418457495,0.001301295500909808,-0.016086072709582695,0.3,0,0,0.001924695815425037,-0.001301295500909808,0.016086072709582695,-0.2992205559588468,-0.2969445375311679,0,0
624.3377665398167,38.820199780260964,23.208649349752903,0.29807530418457495,0.001301295500909808,-0.016086072709582695,0.3,0,0,0.001924695815425037,-0.001301295500909808,0.016086072709582695,-0.2992205559588468,-0.2969445375311679,0,0
1284.2268420173286,50.24476518910293,24.61136879396949,0.29807530418457495,0.001301295500909808,-0.016086072709582695,0.3,0,0,0.001924695815425037,-0.001301295500909808,0.016086072709582695,-0.2992205559588468,-0.2969445375311679,0,0
581.6409617069837,340.5824855543227,23.16370274985499,0.29807530418457495,0.001301295500909808,-0.016086072709582695,0.3,0,0,0.001924695815425037,-0.001301295500909808,0.016086072709582695,-0.2992205559588468,-0.2969445375311679,0,0
624.3377665398167,307.4777105974586,23.253708365120502,0.29807530418457495,0.001301295500909808,-0.016086072709582695,0.3,0,0,0.001924695815425037,-0.001301295500909808,0.016086072709582695,-0.2992205559588468,-0.2969445375311679,0,0
624.3377665398167,297.9167592848756,23.849908233631425,0.29807530418457495,0.001301295500909808,-0.016086072709582695,0.3,0,0,0.001924695815425037,-0.001301295500909808,0.016086072709582695,-0.2992205559588468,-0.2969445375311679,0,0
1284.2268420173286,239.3652489782259,24.274361292354016,0.29807530418457495,0.001301295500909808,-0.016086072709582695,0.3,0,0,0.001924695815425037,-0.001301295500909808,0.016086072709582695,-0.2992205559588468,-0.2969445375311679,0,0
1284.2268420173286,218.28532251964043,24.274361292354016,0.29807530418457495,0.001301295500909808,-0.016086072709582695,0.3,0,0,0.001924695815425037,-0.001301295500909808,0.016086072709582695,-0.2992205559588468,-0.2969445375311679,0,0
1284.2268420173286,312.50933522689996,24.22671386331148,0.29807530418457495,0.001301295500909808,-0.016086072709582695,0.3,0,0,0.001924695815425037,-0.001301295500909808,0.016086072709582695,-0.2992205559588468,-0.2969445375311679,0,0
1093.1463157010076,307.4777105974586,24.274361292354016,0.29807530418457495,0.001301295500909808,-0.016086072709582695,0.3,0,0,0.001924695815425037,-0.001301295500909808,0.016086072709582695,-0.2992205559588468,-0.2969445375311679,0,0
1411.3480414449798,399.01729906632625,24.22671386331148,0.29807530418457495,0.001301295500909808,-0.016086072709582695,0.3,0,0,0.001924695815425037,-0.001301295500909808,0.016086072709582695,-0.2992205559588468,-0.2969445375311679,0,0
624.3377665398167,209.13650375320472,23.1188681289847,0.29807530418457495,0.001301295500909808,-0.016086072709582695,0.3,0,0,0.001924695815425037,-0.001301295500909808,0.016086072709582695,-0.2992205559588468,-0.2969445375311679,0,0
1284.2268420173286,209.13650375320472,24.17918906549187,0.29807530418457495,0.001301295500909808,-0.016086072709582695,0.3,0,0,0.001924695815425037,-0.001301295500909808,0.016086072709582695,-0.2992205559588468,-0.2969445375311679,0,0
