FDist,LDist,RDist,XEst,YEst,ThetaEst,XDes,YDes,ThetaDes,XError,YError,ThetaError,SL,SR,RW,LW
151.28683687310368,185.91929651913173,50.38742144020711,0.0,0.0,0.0,0,0,0,0.0,0.0,0.0,0.0,0.0,0,0
129.25786434407527,198.76603234393832,58.32507928939602,0.0,0.0,0.0,0,0,0,0.0,0.0,0.0,0.0,0.0,0,0
113.44477390085575,137.98997206957193,46.75927786047718,0.0,0.0,0.0,0,0,0,0.0,0.0,0.0,0.0,0.0,0,0
129.25786434407527,245.3252030939217,50.67478248141688,0.0,0.0,0.0,0,0,0,0.0,0.0,0.0,0.0,0.0,0,0
84.8062010048873,182.55823066529945,48.05094550934816,0.0,0.0,0.0,0,0,0,0.0,0.0,0.0,0.0,0.0,0,0
115.37236097408694,133.48121220361529,46.01147903511478,0.0,0.0,0.0,0,0,0,0.0,0.0,0.0,0.0,0.0,0,0
121.56203207857888,149.07502982648927,46.3829042936969,0.0,0.0,0.0,0,0,0,0.0,0.0,0.0,0.0,0.0,0,0
134.3591943699604,288.9697116820819,52.0027403531362,0.0,0.0,0.0,0,0,0,0.0,0.0,0.0,0.0,0.0,0,0
151.28683687310368,242.3065498311679,50.24476518910293,0.0,0.0,0.0,0,0,0,0.0,0.0,0.0,0.0,0.0,0,0
133.48121220361529,184.22292190812155,54.842902515546676,0.0,0.0,0.0,0,0,0,0.0,0.0,0.0,0.0,0.0,0,0
128.44498763419128,177.7453057985956,56.36420238587991,0.0,0.0,0.0,0,0,0,0.0,0.0,0.0,0.0,0.0,0,0
153.56624101955603,448.2028325964311,46.63326386384414,0.0,0.0,0.0,0,0,0,0.0,0.0,0.0,0.0,0.0,0,0
146.92774685951784,179.3202830877122,62.624502623767405,0.0,0.0,0.0,0,0,0,0.0,0.0,0.0,0.0,0.0,0,0
118.73212177360972,157.11931592309642,57.59853319318177,0.0,0.0,0.0,0,0,0,0.0,0.0,0.0,0.0,0.0,0,0
135.24881572421333,209.13650375320472,54.842902515546676,0.0,0.0,0.0,0,0,0,0.0,0.0,0.0,0.0,0.0,0,0
130.91477695173097,25.71178945415557,49.54152688927771,0.0,0.0,0.0,0,0,0,0.0,0.0,0.0,0.0,0.0,0,0
95.30295822324965,23.389564303261636,54.027895775402335,0.0,0.0,0.0,0,0,0,0.0,0.0,0.0,0.0,0.0,0,0
140.84502956740286,33.388857821495826,59.445249703111536,0.0,0.0,0.0,0,0,0,0.0,0.0,0.0,0.0,0.0,0,0
146.92774685951784,35.7417900319635,50.24476518910293,0.0,0.0,0.0,0,0,0,0.0,0.0,0.0,0.0,0.0,0,0
126.06628950603962,35.01040148158687,47.26898596692454,0.0,0.0,0.0,0,0,0,0.0,0.0,0.0,0.0,0.0,0,0
97.14019014961423,31.191035234338365,49.54152688927771,0.0,0.0,0.0,0,0,0,0.0,0.0,0.0,0.0,0.0,0,0
135.24881572421333,30.724001887465562,49.54152688927771,0.0,0.0,0.0,0,0,0,0.0,0.0,0.0,0.0,0.0,0,0
119.42733126216413,30.074083981884726,61.802071720251114,0.0,0.0,0.0,0,0,0,0.0,0.0,0.0,0.0,0.0,0,0
123.77355272308415,30.01017807866701,60.213094273732246,0.0,0.0,0.0,0,0,0,0.0,0.0,0.0,0.0,0.0,0,0
134.3591943699604,29.946465878260994,52.0027403531362,0.0,0.0,0.0,0,0,0,0.0,0.0,0.0,0.0,0.0,0,0
118.0448484665879,28.120842178481034,46.3829042936969,0.0,0.0,0.0,0,0,0,0.0,0.0,0.0,0.0,0.0,0,0
144.84210166738234,28.892132026161015,53.07684344785989,0.0,0.0,0.0,0,0,0,0.0,0.0,0.0,0.0,0.0,0,0
119.42733126216413,28.711534351575374,52.45851470980181,0.0,0.0,0.0,0,0,0,0.0,0.0,0.0,0.0,0.0,0,0
123.02757911911826,29.135426468315842,53.07684344785989,0.0,0.0,0.0,0,0,0,0.0,0.0,0.0,0.0,0.0,0,0
134.3591943699604,27.831840782090417,50.53075884371071,0.0,0.0,0.0,0,0,0,0.0,0.0,0.0,0.0,0.0,0,0
147.99350743133397,134.3591943699604,50.53075884371071,0.0,0.0,0.0,0,0,0,0.0,0.0,0.0,0.0,0.0,0,0
143.82153882231913,180.92431015592842,58.14195534124432,0.0,0.0,0.0,0,0,0,0.0,0.0,0.0,0.0,0.0,0,0
129.25786434407527,228.31501027837746,51.11102239631034,0.0,0.0,0.0,0,0,0,0.0,0.0,0.0,0.0,0.0,0,0
101.5330368193872,136.15031850713706,47.919138344411984,0.0,0.0,0.0,0,0,0,0.0,0.0,0.0,0.0,0.0,0,0
141.82331249922515,168.8620920208621,50.67478248141688,0.0,0.0,0.0,0,0,0,0.0,0.0,0.0,0.0,0.0,0,0
140.84502956740286,189.41093412341306,62.005885601807684,0.0,0.0,0.0,0,0,0,0.0,0.0,0.0,0.0,0.0,0,0
159.58252707905322,185.91929651913173,52.611946269889565,0.0,0.0,0.0,0,0,0,0.0,0.0,0.0,0.0,0.0,0,0
126.06628950603962,185.91929651913173,54.351395854975586,0.0,0.0,0.0,0,0,0,0.0,0.0,0.0,0.0,0.0,0,0
135.24881572421333,187.6483042942066,53.867377246779164,0.0,0.0,0.0,0,0,0,0.0,0.0,0.0,0.0,0.0,0,0
149.07502982648927,167.46934895889862,50.38742144020711,0.0,0.0,0.0,0,0,0,0.0,0.0,0.0,0.0,0.0,0,0
127.64222867598318,177.7453057985956,50.67478248141688,0.0,0.0,0.0,0,0,0,0.0,0.0,0.0,0.0,0.0,0,0
134.3591943699604,211.34777997197892,55.51020841703632,0.0,0.0,0.0,0,0,0,0.0,0.0,0.0,0.0,0.0,0,0
127.64222867598318,163.42873978461637,51.25784283159802,0.0,0.0,0.0,0,0,0,0.0,0.0,0.0,0.0,0.0,0,0
129.25786434407527,177.7453057985956,49.54152688927771,0.0,0.0,0.0,0,0,0,0.0,0.0,0.0,0.0,0.0,0,0
134.3591943699604,162.1258003695371,58.14195534124432,0.0,0.0,0.0,0.3,0,0,0.3,0.0,0.0,0.0,0.0,0,0
135.24881572421333,448.2028325964311,48.854583701372256,0.010090311533641311,2.7262334845686908e-05,0.0054036524873666905,0.3,0,0,0.2899096884663587,-2.7262334845686908e-05,-0.0054036524873666905,-0.00971101195809645,-0.010469684767322733,0,0
114.0802412881919,185.91929651913173,59.067719529011335,0.030952933495214108,0.00021891613626461406,0.012968765969680045,0.3,0,0,0.2690470665047859,-0.00021891613626461406,-0.012968765969680045,-0.030043443245360894,-0.031864257987503974,0,0
128.44498763419128,544.8761250677193,52.153917529280825,0.059020139070084035,0.0006739522730459099,0.0194531489545201,0.3,0,0,0.24097986092991597,-0.0006739522730459099,-0.0194531489545201,-0.057659133501197675,-0.0603903556144123,0,0
128.44498763419128,1411.3480414449798,35.907463519817924,0.08738787426451235,0.0012872053095719445,0.023776070944413426,0.3,0,0,0.21261212573548766,-0.0012872053095719445,-0.023776070944413426,-0.08573002744257023,-0.08906818780316587,0,0
123.77355272308415,236.49825525583836,29.946465878260994,0.10968655063271028,0.0018174801463636393,0.023776070944413426,0.3,0,0,0.19031344936728972,-0.0018174801463636393,-0.023776070944413426,-0.10803500803382302,-0.11137316839441866,0,0
106.32612268515561,312.50933522689996,30.331663097801872,0.13737195915731357,0.0024010156101358926,0.018372418457046673,0.3,0,0,0.16262804084268642,-0.0024010156101358926,-0.018372418457046673,-0.13610590197519556,-0.13868538952656492,0,0
108.02276929750369,164.75326598182954,22.416395940132503,0.16415169783419334,0.0026759712341060627,0.0021614609949465874,0.3,0,0,0.13584830216580665,-0.0026759712341060627,-0.0021614609949465874,-0.16402506135472286,-0.16432853047841336,0,0
97.14019014961423,174.67928447558052,28.711534351575374,0.19002225555315777,0.002578113914902716,-0.009726574477260169,0.3,0,0,0.10997774444684222,-0.002578113914902716,0.009726574477260169,-0.1907303442394881,-0.18936473318288077,0,0
97.6101426547749,176.198566643824,28.414041435834406,0.2142220490348799,0.0022773336973017275,-0.015130226964626872,0.3,0,0,0.08577795096512009,-0.0022773336973017275,0.015130226964626872,-0.21531134325841972,-0.21318705939258611,0,0
90.16911060094986,223.1819809443389,26.28680469382479,0.2370560168730973,0.0019688478634351755,-0.011888035472206845,0.3,0,0,0.06294398312690269,-0.0019688478634351755,0.011888035472206845,-0.23791979297336302,-0.23625071279306517,0,0
87.79450977305973,225.71785045590883,22.28772229885734,0.25769114601570103,0.0017904353108604556,-0.005403652487366791,0.3,0,0,0.042308853984298955,-0.0017904353108604556,0.005403652487366791,-0.2581004896987822,-0.2573418168895559,0,0
92.66842176880655,374.71408913910363,19.566163838158445,0.27430596167685417,0.001727588528146283,-0.0021614609949467643,0.3,0,0,0.025694038323145818,-0.001727588528146283,0.0021614609949467643,-0.27448782237806996,-0.2741843532543794,0,0
81.6648832554738,265.2554052777127,19.97166324722388,0.2865964540088017,0.0017143058130828755,-8.803721640582296e-17,0.3,0,0,0.013403545991198307,-0.0017143058130828755,8.803721640582296e-17,-0.2866265873256905,-0.28662658732569046,0,0
94.40905615911757,177.7453057985956,20.387324852120102,0.29456250803846473,0.0017013920654690732,-0.0032421914924201088,0.3,0,0,0.005437491961535257,-0.0017013920654690732,0.0032421914924201088,-0.2948202536653344,-0.29436504997979857,0,0
83.03372126641216,160.8439044330725,22.159982088780858,0.29858344516194013,0.0016861825701090223,-0.004322921989893453,0.3,0,0,0.001416554838059858,-0.0016861825701090223,0.004322921989893453,-0.29891708683515633,-0.29831014858777527,0,0
85.16922919230018,168.8620920208621,22.676586373412853,0.2988110443131437,0.0016850756813348875,-0.005403652487366794,0.3,0,0,0.0011889556868562856,-0.0016850756813348875,0.005403652487366794,-0.29922055595884683,-0.2984618831496205,0,0
78.10859556029456,130.91477695173097,22.159982088780858,0.2988110443131437,0.0016850756813348875,-0.005403652487366794,0.3,0,0,0.0011889556868562856,-0.0016850756813348875,0.005403652487366794,-0.29922055595884683,-0.2984618831496205,0,0
75.11601708077,198.76603234393832,22.117607626819968,0.2988110443131437,0.0016850756813348875,-0.005403652487366794,0.3,0,0,0.0011889556868562856,-0.0016850756813348875,0.005403652487366794,-0.29922055595884683,-0.2984618831496205,0,0
79.36799805452281,194.9110753588243,22.58943126976108,0.2988110443131437,0.0016850756813348875,-0.005403652487366794,0.3,0,0,0.0011889556868562856,-0.0016850756813348875,0.005403652487366794,-0.29922055595884683,-0.2984618831496205,0,0
82.34399565000513,346.8640580657511,22.676586373412853,0.2988110443131437,0.0016850756813348875,-0.005403652487366794,0.3,0,0,0.0011889556868562856,-0.0016850756813348875,0.005403652487366794,-0.29922055595884683,-0.2984618831496205,0,0
83.38264517783642,174.67928447558052,22.416395940132503,0.2988110443131437,0.0016850756813348875,-0.005403652487366794,0.3,0,0,0.0011889556868562856,-0.0016850756813348875,0.005403652487366794,-0.29922055595884683,-0.2984618831496205,0,0
87.41019065628254,390.5444991736698,22.58943126976108,0.2988110443131437,0.0016850756813348875,-0.005403652487366794,0.3,0,0,0.0011889556868562856,-0.0016850756813348875,0.005403652487366794,-0.29922055595884683,-0.2984618831496205,0,0
84.8062010048873,163.42873978461637,22.075335325140372,0.2988110443131437,0.0016850756813348875,-0.005403652487366794,0.3,0,0,0.0011889556868562856,-0.0016850756813348875,0.005403652487366794,-0.29922055595884683,-0.2984618831496205,0,0
71.79211210149265,276.5725757314533,22.117607626819968,0.2988110443131437,0.0016850756813348875,-0.005403652487366794,0.3,0,0,0.0011889556868562856,-0.0016850756813348875,0.005403652487366794,-0.29922055595884683,-0.2984618831496205,0,0
89.76495072901147,123.77355272308415,22.58943126976108,0.2988110443131437,0.0016850756813348875,-0.005403652487366794,0.3,0,0,0.0011889556868562856,-0.0016850756813348875,0.005403652487366794,-0.29922055595884683,-0.2984618831496205,0,0
87.41019065628254,50.96490904549061,22.37340035638271,0.2988110443131437,0.0016850756813348875,-0.005403652487366794,0.3,0,0,0.0011889556868562856,-0.0016850756813348875,0.005403652487366794,-0.29922055595884683,-0.2984618831496205,0,0
82.68751571021457,24.17918906549187,22.632955363231254,0.2988110443131437,0.0016850756813348875,-0.005403652487366794,0.3,0,0,0.0011889556868562856,-0.0016850756813348875,0.005403652487366794,-0.29922055595884683,-0.2984618831496205,0,0
90.16911060094986,21.130411066922797,22.28772229885734,0.2988110443131437,0.0016850756813348875,-0.005403652487366794,0.3,0,0,0.0011889556868562856,-0.0016850756813348875,0.005403652487366794,-0.29922055595884683,-0.2984618831496205,0,0
90.16911060094986,18.406914256574545,20.502503202851024,0.2988110443131437,0.0016850756813348875,-0.005403652487366794,0.3,0,0,0.0011889556868562856,-0.0016850756813348875,0.005403652487366794,-0.29922055595884683,-0.2984618831496205,0,0
84.44606393366254,17.906543292002304,21.534920213973493,0.2988110443131437,0.0016850756813348875,-0.005403652487366794,0.3,0,0,0.0011889556868562856,-0.0016850756813348875,0.005403652487366794,-0.29922055595884683,-0.2984618831496205,0,0
87.41019065628254,18.339276104241605,22.546013685281594,0.2988110443131437,0.0016850756813348875,-0.005403652487366794,0.3,0,0,0.0011889556868562856,-0.0016850756813348875,0.005403652487366794,-0.29922055595884683,-0.2984618831496205,0,0
87.41019065628254,18.373059168895537,22.632955363231254,0.2988110443131437,0.0016850756813348875,-0.005403652487366794,0.3,0,0,0.0011889556868562856,-0.0016850756813348875,0.005403652487366794,-0.29922055595884683,-0.2984618831496205,0,0
87.41019065628254,18.543059645113814,22.58943126976108,0.2988110443131437,0.0016850756813348875,-0.005403652487366794,0.3,0,0,0.0011889556868562856,-0.0016850756813348875,0.005403652487366794,-0.29922055595884683,-0.2984618831496205,0,0
84.08878225753256,18.853694991318818,22.37340035638271,0.2988110443131437,0.0016850756813348875,-0.005403652487366794,0.3,0,0,0.0011889556868562856,-0.0016850756813348875,0.005403652487366794,-0.29922055595884683,-0.2984618831496205,0,0
89.76495072901147,18.9235488562729,22.546013685281594,0.2988110443131437,0.0016850756813348875,-0.005403652487366794,0.3,0,0,0.0011889556868562856,-0.0016850756813348875,0.005403652487366794,-0.29922055595884683,-0.2984618831496205,0,0
87.41019065628254,18.9235488562729,22.676586373412853,0.2988110443131437,0.0016850756813348875,-0.005403652487366794,0.3,0,0,0.0011889556868562856,-0.0016850756813348875,0.005403652487366794,-0.29922055595884683,-0.2984618831496205,0,0
87.79450977305973,19.06417053152061,22.502702204181062,0.2988110443131437,0.0016850756813348875,-0.005403652487366794,0.3,0,0,0.0011889556868562856,-0.0016850756813348875,0.005403652487366794,-0.29922055595884683,-0.2984618831496205,0,0
92.66842176880655,19.099517867391533,22.58943126976108,0.2988110443131437,0.0016850756813348875,-0.005403652487366794,0.3,0,0,0.0011889556868562856,-0.0016850756813348875,0.005403652487366794,-0.29922055595884683,-0.2984618831496205,0,0
83.73432085224402,19.028900223129533,22.676586373412853,0.2988110443131437,0.0016850756813348875,-0.005403652487366794,0.3,0,0,0.0011889556868562856,-0.0016850756813348875,0.005403652487366794,-0.29922055595884683,-0.2984618831496205,0,0
78.73363637499943,18.749479645181225,21.45325395754319,0.2988110443131437,0.0016850756813348875,-0.005403652487366794,0.3,0,0,0.0011889556868562856,-0.0016850756813348875,0.005403652487366794,-0.29922055595884683,-0.2984618831496205,0,0
84.08878225753256,35.09054457381912,22.676586373412853,0.2988110443131437,0.0016850756813348875,-0.005403652487366794,0.3,0,0,0.0011889556868562856,-0.0016850756813348875,0.005403652487366794,-0.29922055595884683,-0.2984618831496205,0,0
84.8062010048873,43.76776822876407,22.58943126976108,0.2988110443131437,0.0016850756813348875,-0.005403652487366794,0.3,0,0,0.0011889556868562856,-0.0016850756813348875,0.005403652487366794,-0.29922055595884683,-0.2984618831496205,0,0
88.18202887947652,47.26898596692454,22.546013685281594,0.2988110443131437,0.0016850756813348875,-0.005403652487366794,0.3,0,0,0.0011889556868562856,-0.0016850756813348875,0.005403652487366794,-0.29922055595884683,-0.2984618831496205,0,0
87.41019065628254,41.07371114311431,22.58943126976108,0.2988110443131437,0.0016850756813348875,-0.005403652487366794,0.3,0,0,0.0011889556868562856,-0.0016850756813348875,0.005403652487366794,-0.29922055595884683,-0.2984618831496205,0,0
88.18202887947652,158.34116103748556,22.37340035638271,0.2988110443131437,0.0016850756813348875,-0.005403652487366794,0.3,0,0,0.0011889556868562856,-0.0016850756813348875,0.005403652487366794,-0.29922055595884683,-0.2984618831496205,0,0
83.03372126641216,242.3065498311679,22.502702204181062,0.2988110443131437,0.0016850756813348875,-0.005403652487366794,0.3,0,0,0.0011889556868562856,-0.0016850756813348875,0.005403652487366794,-0.29922055595884683,-0.2984618831496205,0,0
87.41019065628254,284.7075611688845,22.58943126976108,0.2988110443131437,0.0016850756813348875,-0.005403652487366794,0.3,0,0,0.0011889556868562856,-0.0016850756813348875,0.005403652487366794,-0.29922055595884683,-0.2984618831496205,0,0
73.14379906825155,157.11931592309642,22.033164800444176,0.2988110443131437,0.0016850756813348875,-0.005403652487366794,0.3,0,0,0.0011889556868562856,-0.0016850756813348875,0.005403652487366794,-0.29922055595884683,-0.2984618831496205,0,0
69.22073170815571,198.76603234393832,21.17043565318336,0.2988110443131437,0.0016850756813348875,-0.005403652487366794,0.3,0,0,0.0011889556868562856,-0.0016850756813348875,0.005403652487366794,-0.29922055595884683,-0.2984618831496205,0,0
88.18202887947652,185.91929651913173,22.632955363231254,0.2988110443131437,0.0016850756813348875,-0.005403652487366794,0.3,0,0,0.0011889556868562856,-0.0016850756813348875,0.005403652487366794,-0.29922055595884683,-0.2984618831496205,0,0
91.82083615681199,166.09994149545804,22.459496422942998,0.2988110443131437,0.0016850756813348875,-0.005403652487366794,0.3,0,0,0.0011889556868562856,-0.0016850756813348875,0.005403652487366794,-0.29922055595884683,-0.2984618831496205,0,0
87.79450977305973,137.98997206957193,22.58943126976108,0.2988110443131437,0.0016850756813348875,-0.005403652487366794,0.3,0,0,0.0011889556868562856,-0.0016850756813348875,0.005403652487366794,-0.29922055595884683,-0.2984618831496205,0,0
87.02903054016306,211.34777997197892,22.58943126976108,0.2988110443131437,0.0016850756813348875,-0.005403652487366794,0.3,0,0,0.0011889556868562856,-0.0016850756813348875,0.005403652487366794,-0.29922055595884683,-0.2984618831496205,0,0
84.44606393366254,225.71785045590883,22.459496422942998,0.2988110443131437,0.0016850756813348875,-0.005403652487366794,0.3,0,0,0.0011889556868562856,-0.0016850756813348875,0.005403652487366794,-0.29922055595884683,-0.2984618831496205,0,0
84.8062010048873,261.6981137825328,22.632955363231254,0.2988110443131437,0.0016850756813348875,-0.005403652487366794,0.3,0,0,0.0011889556868562856,-0.0016850756813348875,0.005403652487366794,-0.29922055595884683,-0.2984618831496205,0,0
84.8062010048873,307.4777105974586,22.58943126976108,0.2988110443131437,0.0016850756813348875,-0.005403652487366794,0.3,0,0,0.0011889556868562856,-0.0016850756813348875,0.005403652487366794,-0.29922055595884683,-0.2984618831496205,0,0
85.16922919230018,145.87739303694283,22.330509274381335,0.2988110443131437,0.0016850756813348875,-0.005403652487366794,0.3,0,0,0.0011889556868562856,-0.0016850756813348875,0.005403652487366794,-0.29922055595884683,-0.2984618831496205,0,0
82.68751571021457,284.7075611688845,22.459496422942998,0.2988110443131437,0.0016850756813348875,-0.005403652487366794,0.3,0,0,0.0011889556868562856,-0.0016850756813348875,0.005403652487366794,-0.29922055595884683,-0.2984618831496205,0,0
79.6887422048836,171.72011046907937,21.534920213973493,0.2988110443131437,0.0016850756813348875,-0.005403652487366794,0.3,0,0,0.0011889556868562856,-0.0016850756813348875,0.005403652487366794,-0.29922055595884683,-0.2984618831496205,0,0
92.2427776670329,280.5772654118684,22.58943126976108,0.2988110443131437,0.0016850756813348875,-0.005403652487366794,0.3,0,0,0.0011889556868562856,-0.0016850756813348875,0.005403652487366794,-0.29922055595884683,-0.2984618831496205,0,0
87.41019065628254,220.70517709223105,22.676586373412853,0.2988110443131437,0.0016850756813348875,-0.005403652487366794,0.3,0,0,0.0011889556868562856,-0.0016850756813348875,0.005403652487366794,-0.29922055595884683,-0.2984618831496205,0,0
95.30295822324965,239.3652489782259,22.58943126976108,0.2988110443131437,0.0016850756813348875,-0.005403652487366794,0.3,0,0,0.0011889556868562856,-0.0016850756813348875,0.005403652487366794,-0.29922055595884683,-0.2984618831496205,0,0
87.79450977305973,390.5444991736698,22.502702204181062,0.2988110443131437,0.0016850756813348875,-0.005403652487366794,0.3,0,0,0.0011889556868562856,-0.0016850756813348875,0.005403652487366794,-0.29922055595884683,-0.2984618831496205,0,0
89.76495072901147,220.70517709223105,22.58943126976108,0.2988110443131437,0.0016850756813348875,-0.005403652487366794,0.3,0,0,0.0011889556868562856,-0.0016850756813348875,0.005403652487366794,-0.29922055595884683,-0.2984618831496205,0,0
92.66842176880655,164.75326598182954,22.330509274381335,0.2988110443131437,0.0016850756813348875,-0.005403652487366794,0.3,0,0,0.0011889556868562856,-0.0016850756813348875,0.005403652487366794,-0.29922055595884683,-0.2984618831496205,0,0
