FDist,LDist,RDist,XEst,YEst,ThetaEst,XDes,YDes,ThetaDes,XError,YError,ThetaError,SL,SR,RW,LW
163.42873978461637,1411.3480414449798,106.88588226030939,0.0,0.0,0.0,0,0,0,0.0,0.0,0.0,0.0,0.0,0,0
177.7453057985956,1411.3480414449798,200.75362703878065,0.0,0.0,0.0,0,0,0,0.0,0.0,0.0,0.0,0.0,0,0
225.71785045590883,399.01729906632625,96.67455639633857,0.0,0.0,0.0,0,0,0,0.0,0.0,0.0,0.0,0.0,0,0
160.8439044330725,258.2405371440609,140.84502956740286,0.0,0.0,0.0,0,0,0,0.0,0.0,0.0,0.0,0.0,0,0
196.81893899271049,1411.3480414449798,407.8990969411948,0.0,0.0,0.0,0,0,0,0.0,0.0,0.0,0.0,0.0,0,0
137.98997206957193,307.4777105974586,135.24881572421333,0.0,0.0,0.0,0,0,0,0.0,0.0,0.0,0.0,0.0,0,0
194.9110753588243,528.3325926770696,116.69355260679126,0.0,0.0,0.0,0,0,0,0.0,0.0,0.0,0.0,0.0,0,0
196.81893899271049,1411.3480414449798,108.6000844939372,0.0,0.0,0.0,0,0,0,0.0,0.0,0.0,0.0,0.0,0,0
137.0639518589543,562.6000187683081,134.3591943699604,0.0,0.0,0.0,0,0,0,0.0,0.0,0.0,0.0,0.0,0,0
184.22292190812155,648.3999468665874,129.25786434407527,0.0,0.0,0.0,0,0,0,0.0,0.0,0.0,0.0,0.0,0,0
152.41788953728954,245.3252030939217,209.13650375320472,0.0,0.0,0.0,0,0,0,0.0,0.0,0.0,0.0,0.0,0,0
174.67928447558052,215.92040254306553,113.44477390085575,0.0,0.0,0.0,0,0,0,0.0,0.0,0.0,0.0,0.0,0,0
198.76603234393832,1411.3480414449798,136.15031850713706,0.0,0.0,0.0,0,0,0,0.0,0.0,0.0,0.0,0.0,0,0
185.91929651913173,211.34777997197892,99.04654639912101,0.0,0.0,0.0,0,0,0,0.0,0.0,0.0,0.0,0.0,0,0
157.11931592309642,1411.3480414449798,185.91929651913173,0.0,0.0,0.0,0,0,0,0.0,0.0,0.0,0.0,0.0,0,0
184.22292190812155,1411.3480414449798,140.84502956740286,0.0,0.0,0.0,0,0,0,0.0,0.0,0.0,0.0,0.0,0,0
258.2405371440609,1093.1463157010076,160.8439044330725,0.0,0.0,0.0,0.3,0,0,0.3,0.0,0.0,0.0,0.0,0,0
176.198566643824,1411.3480414449798,191.20821604693444,0.005841772955086228,9.470081583454548e-06,0.003242191492420027,0.3,0,0,0.29415822704491373,-9.470081583454548e-06,-0.003242191492420027,-0.005614178788274509,-0.006069382473810281,0,0
215.92040254306553,1284.2268420173286,71.00273031673345,0.03156014661138885,0.00019013815332020534,0.010807304974733405,0.3,0,0,0.26843985338861115,-0.00019013815332020534,-0.010807304974733405,-0.030802116054587176,-0.03231946167303974,0,0
471.8179059817352,228.31501027837746,29.81961893815634,0.059702958839552935,0.0006616115833217968,0.02269534044694016,0.3,0,0,0.24029704116044706,-0.0006616115833217968,-0.02269534044694016,-0.058114337186733436,-0.06130076298548383,0,0
471.8179059817352,602.1580731583105,34.93053395250103,0.08776518127804422,0.0013592923702305379,0.027018262436833536,0.3,0,0,0.21223481872195576,-0.0013592923702305379,-0.027018262436833536,-0.08588176200441547,-0.0896751260505469,0,0
900.238757316699,648.3999468665874,35.41390242737805,0.11536997022005185,0.0021351633476045535,0.029179723431780213,0.3,0,0,0.18463002977994813,-0.0021351633476045535,-0.029179723431780213,-0.11334571769840698,-0.11744255086822893,0,0
242.3065498311679,498.3296704628293,28.952686402369643,0.14274765896658195,0.0028898459432684805,0.025937531939360187,0.3,0,0,0.15725234103341804,-0.0028898459432684805,-0.025937531939360187,-0.14096140795424378,-0.14460303743852992,0,0
674.6059938250444,512.8513118946122,31.945994776763527,0.1636060410784953,0.003352038505423767,0.018372418457046832,0.3,0,0,0.1363939589215047,-0.003352038505423767,-0.018372418457046832,-0.162355981174425,-0.16493546872579437,0,0
648.3999468665874,312.50933522689996,27.94694360726399,0.1887914924829976,0.0037059046992828706,0.009726574477260103,0.3,0,0,0.1112085075170024,-0.0037059046992828706,-0.009726574477260103,-0.1881508566881187,-0.189516467744726,0,0
900.238757316699,498.3296704628293,23.849908233631425,0.2128409956785469,0.0038488570563920944,0.0021614609949467236,0.3,0,0,0.0871590043214531,-0.0038488570563920944,-0.0021614609949467236,-0.21273185570705033,-0.21303532483074084,0,0
176.198566643824,280.5772654118684,22.76417078542179,0.23628389991836016,0.0037855182483671535,-0.0075651134823133325,0.3,0,0,0.06371610008163983,-0.0037855182483671535,0.0075651134823133325,-0.2368576510404462,-0.2357955091075294,0,0
185.91929651913173,280.5772654118684,23.66437137022323,0.25684284944083724,0.0035744333359141326,-0.01296876596968001,0.3,0,0,0.04315715055916275,-0.0035744333359141326,0.01296876596968001,-0.2577970205750917,-0.25597620583294856,0,0
220.70517709223105,382.4520830402873,22.37340035638271,0.27322902416069295,0.003379624732370459,-0.010807304974733334,0.3,0,0,0.026770975839307043,-0.003379624732370459,0.010807304974733334,-0.2740326186925342,-0.2725152730740816,0,0
179.3202830877122,258.2405371440609,19.38510129674627,0.28498737969200094,0.003220769900977386,-0.016210957462100037,0.3,0,0,0.015012620307999047,-0.003220769900977386,0.016210957462100037,-0.28617138364015476,-0.2838953652124758,0,0
116.02925942608664,206.97300472647143,20.541072037014736,0.2927242109799398,0.003061880407943203,-0.024856801441886754,0.3,0,0,0.007275789020060208,-0.003061880407943203,0.024856801441886754,-0.2945167845416439,-0.2910268896192029,0,0
100.02692680886574,204.85569342211394,20.23497444201862,0.2971226400739043,0.0029334990243343236,-0.03350264542167348,0.3,0,0,0.0028773599260956684,-0.0029334990243343236,0.03350264542167348,-0.29952402508253734,-0.2948202536653344,0,0
102.04483787812359,184.22292190812155,21.740789092600608,0.2975017425132365,0.002920178050001109,-0.0367448369140935,0.3,0,0,0.0024982574867634666,-0.002920178050001109,0.0367448369140935,-0.30013096332991834,-0.2949719882271796,0,0
101.5330368193872,528.3325926770696,21.534920213973493,0.2975017425132365,0.002920178050001109,-0.0367448369140935,0.3,0,0,0.0024982574867634666,-0.002920178050001109,0.0367448369140935,-0.30013096332991834,-0.2949719882271796,0,0
95.30295822324965,166.09994149545804,21.823825552140526,0.2975017425132365,0.002920178050001109,-0.0367448369140935,0.3,0,0,0.0024982574867634666,-0.002920178050001109,0.0367448369140935,-0.30013096332991834,-0.2949719882271796,0,0
100.02692680886574,382.4520830402873,21.782257748458605,0.2975017425132365,0.002920178050001109,-0.0367448369140935,0.3,0,0,0.0024982574867634666,-0.002920178050001109,0.0367448369140935,-0.30013096332991834,-0.2949719882271796,0,0
87.02903054016306,164.75326598182954,20.121616418144527,0.2975017425132365,0.002920178050001109,-0.0367448369140935,0.3,0,0,0.0024982574867634666,-0.002920178050001109,0.0367448369140935,-0.30013096332991834,-0.2949719882271796,0,0
90.16911060094986,49.54152688927771,21.782257748458605,0.2975017425132365,0.002920178050001109,-0.0367448369140935,0.3,0,0,0.0024982574867634666,-0.002920178050001109,0.0367448369140935,-0.30013096332991834,-0.2949719882271796,0,0
105.22351709380416,22.37340035638271,21.699419216529087,0.2975017425132365,0.002920178050001109,-0.0367448369140935,0.3,0,0,0.0024982574867634666,-0.002920178050001109,0.0367448369140935,-0.30013096332991834,-0.2949719882271796,0,0
97.6101426547749,20.852837358537094,21.575898614386084,0.2975017425132365,0.002920178050001109,-0.0367448369140935,0.3,0,0,0.0024982574867634666,-0.002920178050001109,0.0367448369140935,-0.30013096332991834,-0.2949719882271796,0,0
107.45140018288424,20.65731111090045,21.494038780723614,0.2975017425132365,0.002920178050001109,-0.0367448369140935,0.3,0,0,0.0024982574867634666,-0.002920178050001109,0.0367448369140935,-0.30013096332991834,-0.2949719882271796,0,0
106.88588226030939,19.823053641380127,21.05064198016546,0.2975017425132365,0.002920178050001109,-0.0367448369140935,0.3,0,0,0.0024982574867634666,-0.002920178050001109,0.0367448369140935,-0.30013096332991834,-0.2949719882271796,0,0
91.82083615681199,20.735250827891868,21.782257748458605,0.2975017425132365,0.002920178050001109,-0.0367448369140935,0.3,0,0,0.0024982574867634666,-0.002920178050001109,0.0367448369140935,-0.30013096332991834,-0.2949719882271796,0,0
94.8539958627646,20.197102771620948,21.740789092600608,0.2975017425132365,0.002920178050001109,-0.0367448369140935,0.3,0,0,0.0024982574867634666,-0.002920178050001109,0.0367448369140935,-0.30013096332991834,-0.2949719882271796,0,0
95.30295822324965,20.084001131964996,21.658147754059783,0.2975017425132365,0.002920178050001109,-0.0367448369140935,0.3,0,0,0.0024982574867634666,-0.002920178050001109,0.0367448369140935,-0.30013096332991834,-0.2949719882271796,0,0
92.66842176880655,29.443633183885872,21.494038780723614,0.2975017425132365,0.002920178050001109,-0.0367448369140935,0.3,0,0,0.0024982574867634666,-0.002920178050001109,0.0367448369140935,-0.30013096332991834,-0.2949719882271796,0,0
91.40254728973653,43.20669553443567,20.696236055220425,0.2975017425132365,0.002920178050001109,-0.0367448369140935,0.3,0,0,0.0024982574867634666,-0.002920178050001109,0.0367448369140935,-0.30013096332991834,-0.2949719882271796,0,0
99.04654639912101,44.45675008456414,21.534920213973493,0.2975017425132365,0.002920178050001109,-0.0367448369140935,0.3,0,0,0.0024982574867634666,-0.002920178050001109,0.0367448369140935,-0.30013096332991834,-0.2949719882271796,0,0
116.02925942608664,127.64222867598318,21.494038780723614,0.2975017425132365,0.002920178050001109,-0.0367448369140935,0.3,0,0,0.0024982574867634666,-0.002920178050001109,0.0367448369140935,-0.30013096332991834,-0.2949719882271796,0,0
104.1428794944386,284.7075611688845,21.616974340849836,0.2975017425132365,0.002920178050001109,-0.0367448369140935,0.3,0,0,0.0024982574867634666,-0.002920178050001109,0.0367448369140935,-0.30013096332991834,-0.2949719882271796,0,0
102.56164513946942,166.09994149545804,21.740789092600608,0.2975017425132365,0.002920178050001109,-0.0367448369140935,0.3,0,0,0.0024982574867634666,-0.002920178050001109,0.0367448369140935,-0.30013096332991834,-0.2949719882271796,0,0
94.8539958627646,146.92774685951784,22.075335325140372,0.2975017425132365,0.002920178050001109,-0.0367448369140935,0.3,0,0,0.0024982574867634666,-0.002920178050001109,0.0367448369140935,-0.30013096332991834,-0.2949719882271796,0,0
101.02616679983112,209.13650375320472,22.416395940132503,0.2975017425132365,0.002920178050001109,-0.0367448369140935,0.3,0,0,0.0024982574867634666,-0.002920178050001109,0.0367448369140935,-0.30013096332991834,-0.2949719882271796,0,0
99.04654639912101,204.85569342211394,22.459496422942998,0.2975017425132365,0.002920178050001109,-0.0367448369140935,0.3,0,0,0.0024982574867634666,-0.002920178050001109,0.0367448369140935,-0.30013096332991834,-0.2949719882271796,0,0
92.66842176880655,302.6164596847404,22.632955363231254,0.2975017425132365,0.002920178050001109,-0.0367448369140935,0.3,0,0,0.0024982574867634666,-0.002920178050001109,0.0367448369140935,-0.30013096332991834,-0.2949719882271796,0,0
106.88588226030939,220.70517709223105,22.94064078706048,0.29757756007754854,0.0029174319151927075,-0.035664106416620156,0.3,0,0,0.002422439922451447,-0.0029174319151927075,0.035664106416620156,-0.30013096332991834,-0.2951237227890249,0,0
109.77294326259755,184.22292190812155,22.416395940132503,0.29757756007754854,0.0029174319151927075,-0.035664106416620156,0.3,0,0,0.002422439922451447,-0.0029174319151927075,0.035664106416620156,-0.30013096332991834,-0.2951237227890249,0,0
89.76495072901147,184.22292190812155,22.459496422942998,0.29757756007754854,0.0029174319151927075,-0.035664106416620156,0.3,0,0,0.002422439922451447,-0.0029174319151927075,0.035664106416620156,-0.30013096332991834,-0.2951237227890249,0,0
110.36868736531008,174.67928447558052,22.37340035638271,0.29757756007754854,0.0029174319151927075,-0.035664106416620156,0.3,0,0,0.002422439922451447,-0.0029174319151927075,0.035664106416620156,-0.30013096332991834,-0.2951237227890249,0,0
98.56325615049124,218.28532251964043,22.676586373412853,0.2975017395896821,0.0029200961100593506,-0.034583375919146814,0.3,0,0,0.002498260410317865,-0.0029200961100593506,0.034583375919146814,-0.2999792287680731,-0.2951237227890249,0,0
91.82083615681199,284.7075611688845,21.865492873548824,0.2975017395896821,0.0029200961100593506,-0.034583375919146814,0.3,0,0,0.002498260410317865,-0.0029200961100593506,0.034583375919146814,-0.2999792287680731,-0.2951237227890249,0,0
98.08447665807216,245.3252030939217,22.330509274381335,0.2975017395896821,0.0029200961100593506,-0.034583375919146814,0.3,0,0,0.002498260410317865,-0.0029200961100593506,0.034583375919146814,-0.2999792287680731,-0.2951237227890249,0,0
90.98786202822609,258.2405371440609,22.459496422942998,0.2975017395896821,0.0029200961100593506,-0.034583375919146814,0.3,0,0,0.002498260410317865,-0.0029200961100593506,0.034583375919146814,-0.2999792287680731,-0.2951237227890249,0,0
95.30295822324965,242.3065498311679,22.416395940132503,0.2975017395896821,0.0029200961100593506,-0.034583375919146814,0.3,0,0,0.002498260410317865,-0.0029200961100593506,0.034583375919146814,-0.2999792287680731,-0.2951237227890249,0,0
98.08447665807216,261.6981137825328,22.37340035638271,0.2975017395896821,0.0029200961100593506,-0.034583375919146814,0.3,0,0,0.002498260410317865,-0.0029200961100593506,0.034583375919146814,-0.2999792287680731,-0.2951237227890249,0,0
93.96808322544976,317.7208243859324,22.416395940132503,0.2975017395896821,0.0029200961100593506,-0.034583375919146814,0.3,0,0,0.002498260410317865,-0.0029200961100593506,0.034583375919146814,-0.2999792287680731,-0.2951237227890249,0,0
103.61058678886198,206.97300472647143,21.210554056051848,0.2975017395896821,0.0029200961100593506,-0.034583375919146814,0.3,0,0,0.002498260410317865,-0.0029200961100593506,0.034583375919146814,-0.2999792287680731,-0.2951237227890249,0,0
97.6101426547749,382.4520830402873,22.37340035638271,0.2975017395896821,0.0029200961100593506,-0.034583375919146814,0.3,0,0,0.002498260410317865,-0.0029200961100593506,0.034583375919146814,-0.2999792287680731,-0.2951237227890249,0,0
108.02276929750369,265.2554052777127,22.37340035638271,0.2975017395896821,0.0029200961100593506,-0.034583375919146814,0.3,0,0,0.002498260410317865,-0.0029200961100593506,0.034583375919146814,-0.2999792287680731,-0.2951237227890249,0,0
101.5330368193872,239.3652489782259,22.459496422942998,0.2975017395896821,0.0029200961100593506,-0.034583375919146814,0.3,0,0,0.002498260410317865,-0.0029200961100593506,0.034583375919146814,-0.2999792287680731,-0.2951237227890249,0,0
101.5330368193872,346.8640580657511,22.159982088780858,0.2975017395896821,0.0029200961100593506,-0.034583375919146814,0.3,0,0,0.002498260410317865,-0.0029200961100593506,0.034583375919146814,-0.2999792287680731,-0.2951237227890249,0,0
114.72272976706012,171.72011046907937,22.159982088780858,0.2975017395896821,0.0029200961100593506,-0.034583375919146814,0.3,0,0,0.002498260410317865,-0.0029200961100593506,0.034583375919146814,-0.2999792287680731,-0.2951237227890249,0,0
88.96683466233691,223.1819809443389,22.546013685281594,0.2975017395896821,0.0029200961100593506,-0.034583375919146814,0.3,0,0,0.002498260410317865,-0.0029200961100593506,0.034583375919146814,-0.2999792287680731,-0.2951237227890249,0,0
