FDist,LDist,RDist,XEst,YEst,ThetaEst,XDes,YDes,ThetaDes,XError,YError,ThetaError,SL,SR,RW,LW
104.68049512451793,471.8179059817352,40.869665833746936,0.0,0.0,0.0,0,0,0,0.0,0.0,0.0,0.0,0.0,0,0
80.33749690282312,427.0195773074906,39.10299164548677,0.0,0.0,0.0,0,0,0,0.0,0.0,0.0,0.0,0.0,0,0
112.81620876492863,149.07502982648927,39.10299164548677,0.0,0.0,0.0,0,0,0,0.0,0.0,0.0,0.0,0.0,0,0
107.45140018288424,390.5444991736698,41.48668155431983,0.0,0.0,0.0,0,0,0,0.0,0.0,0.0,0.0,0.0,0,0
81.32922784467303,184.22292190812155,39.67832560006777,0.0,0.0,0.0,0,0,0,0.0,0.0,0.0,0.0,0.0,0,0
104.68049512451793,437.33222201576723,40.56659194626288,0.0,0.0,0.0,0,0,0,0.0,0.0,0.0,0.0,0.0,0,0
111.57932338755117,261.6981137825328,39.67832560006777,0.0,0.0,0.0,0,0,0,0.0,0.0,0.0,0.0,0.0,0,0
104.1428794944386,209.13650375320472,43.654616942576325,0.0,0.0,0.0,0,0,0,0.0,0.0,0.0,0.0,0.0,0,0
78.419964244608,204.85569342211394,38.44807213279861,0.0,0.0,0.0,0,0,0,0.0,0.0,0.0,0.0,0.0,0,0
104.1428794944386,196.81893899271049,38.91410827618916,0.0,0.0,0.0,0,0,0,0.0,0.0,0.0,0.0,0.0,0,0
86.65098914560704,162.1258003695371,40.36651046494504,0.0,0.0,0.0,0,0,0,0.0,0.0,0.0,0.0,0.0,0,0
98.56325615049124,528.3325926770696,39.67832560006777,0.0,0.0,0.0,0.3,0,0,0.3,0.0,0.0,0.0,0.0,0,0
93.53102222430564,512.8513118946122,45.88875276428319,0.010014481081786963,0.0,0.0,0.3,0,0,0.289985518918213,0.0,0.0,-0.010014481081786963,-0.010014481081786963,0,0
92.2427776670329,734.7683303247097,64.3287418393918,0.030726007600549964,9.995091235753161e-05,0.009651643625749606,0.3,0,0,0.26927399239945005,-9.995091235753161e-05,-0.009651643625749606,-0.030043443245360887,-0.0314090543019682,0,0
98.08447665807216,648.3999468665874,56.887544214014945,0.05257397528765593,0.00038112483145027575,0.016086072709582695,0.3,0,0,0.24742602471234407,-0.00038112483145027575,-0.016086072709582695,-0.05143801646554212,-0.05371403489322098,0,0
98.08447665807216,900.238757316699,34.535278547288506,0.08041342092359713,0.0008439223808118076,0.017158477556888218,0.3,0,0,0.21958657907640286,-0.0008439223808118076,-0.017158477556888218,-0.07920544128322415,-0.08163319427274826,0,0
93.53102222430564,346.8640580657511,36.753643113630005,0.10885972096032179,0.0013168081601321736,0.01608607270958267,0.3,0,0,0.1911402790396782,-0.0013168081601321736,-0.01608607270958267,-0.10773153891013248,-0.11000755733781133,0,0
89.76495072901147,220.70517709223105,30.461639058159932,0.13662444739982474,0.00170390859308272,0.01179645332036058,0.3,0,0,0.16337555260017525,-0.00170390859308272,-0.01179645332036058,-0.13580243285150503,-0.13747151303180286,0,0
89.76495072901147,171.72011046907937,25.30418426932561,0.16348090888287842,0.001876716974808529,0.0010724048473054523,0.3,0,0,0.13651909111712157,-0.001876716974808529,-0.0010724048473054523,-0.16341812310734183,-0.16356985766918708,0,0
89.76495072901147,196.81893899271049,28.6516875778294,0.18919991341837447,0.0018905075686960556,-4.597017211338539e-17,0.3,0,0,0.11080008658162552,-0.0018905075686960556,4.597017211338539e-17,-0.18921299862103552,-0.18921299862103552,0,0
80.99613175561399,176.198566643824,28.592015692053423,0.21362912168562587,0.0018381114856284525,-0.004289619389222113,0.3,0,0,0.08637087831437412,-0.0018381114856284525,0.004289619389222113,-0.21394573220181243,-0.2133387939544314,0,0
79.04963861634155,209.13650375320472,28.355061199586004,0.23623736339371731,0.0017411301387945692,-0.004289619389222113,0.3,0,0,0.06376263660628267,-0.0017411301387945692,0.004289619389222113,-0.23655418191675573,-0.2359472436693747,0,0
81.32922784467303,346.8640580657511,24.70878894042906,0.25710071868365364,0.0016628208993464608,-0.0032172145419166144,0.3,0,0,0.04289928131634635,-0.0016628208993464608,0.0032172145419166144,-0.25734181688955593,-0.2568866132040202,0,0
79.36799805452281,220.70517709223105,20.81355115370998,0.2737153641974228,0.0015648228178041061,-0.008579238778444178,0.3,0,0,0.026284635802577172,-0.0015648228178041061,0.008579238778444178,-0.2743360878162247,-0.2731222113214627,0,0
72.05879380612686,180.92431015592842,18.818881403249385,0.28585343114109263,0.001434648609255099,-0.01286885816766622,0.3,0,0,0.01414656885890736,-0.001434648609255099,0.01286885816766622,-0.28677832188753577,-0.28495750714539275,0,0
61.397967211159504,136.15031850713706,19.93438562175379,0.293591253030276,0.0013350661795764182,-0.01286885816766622,0.3,0,0,0.0064087469697239885,-0.0013350661795764182,0.01286885816766622,-0.2945167845416439,-0.29269596979950085,0,0
75.99135610686974,168.8620920208621,19.93438562175379,0.29814302813415217,0.0012862508513705405,-0.008579238778444166,0.3,0,0,0.001856971865847823,-0.0012862508513705405,0.008579238778444166,-0.2987653522733111,-0.29755147577854907,0,0
75.99135610686974,284.7075611688845,20.579729421340247,0.2989775249152967,0.001277748832485714,-0.011796453320360705,0.3,0,0,0.001022475084703267,-0.001277748832485714,0.011796453320360705,-0.2998274942062279,-0.2981584140259301,0,0
72.05879380612686,166.09994149545804,20.541072037014736,0.2989775249152967,0.001277748832485714,-0.011796453320360705,0.3,0,0,0.001022475084703267,-0.001277748832485714,0.011796453320360705,-0.2998274942062279,-0.2981584140259301,0,0
72.05879380612686,194.9110753588243,20.464022603165645,0.2989775249152967,0.001277748832485714,-0.011796453320360705,0.3,0,0,0.001022475084703267,-0.001277748832485714,0.011796453320360705,-0.2998274942062279,-0.2981584140259301,0,0
66.11723490259166,233.7026839645806,19.38510129674627,0.2989775249152967,0.001277748832485714,-0.011796453320360705,0.3,0,0,0.001022475084703267,-0.001277748832485714,0.011796453320360705,-0.2998274942062279,-0.2981584140259301,0,0
72.59760196071355,239.3652489782259,20.618475673047115,0.2989775249152967,0.001277748832485714,-0.011796453320360705,0.3,0,0,0.001022475084703267,-0.001277748832485714,0.011796453320360705,-0.2998274942062279,-0.2981584140259301,0,0
73.9772983740448,307.4777105974586,20.425629923801807,0.2989775249152967,0.001277748832485714,-0.011796453320360705,0.3,0,0,0.001022475084703267,-0.001277748832485714,0.011796453320360705,-0.2998274942062279,-0.2981584140259301,0,0
71.26409887021845,159.58252707905322,20.541072037014736,0.2989775249152967,0.001277748832485714,-0.011796453320360705,0.3,0,0,0.001022475084703267,-0.001277748832485714,0.011796453320360705,-0.2998274942062279,-0.2981584140259301,0,0
73.14379906825155,218.28532251964043,20.387324852120102,0.2989775249152967,0.001277748832485714,-0.011796453320360705,0.3,0,0,0.001022475084703267,-0.001277748832485714,0.011796453320360705,-0.2998274942062279,-0.2981584140259301,0,0
75.69750294678715,19.134942493208065,20.502503202851024,0.2989775249152967,0.001277748832485714,-0.011796453320360705,0.3,0,0,0.001022475084703267,-0.001277748832485714,0.011796453320360705,-0.2998274942062279,-0.2981584140259301,0,0
72.05879380612686,18.071576020988715,19.93438562175379,0.2989775249152967,0.001277748832485714,-0.011796453320360705,0.3,0,0,0.001022475084703267,-0.001277748832485714,0.011796453320360705,-0.2998274942062279,-0.2981584140259301,0,0
57.95982861765,18.543059645113814,19.421153838355984,0.2989775249152967,0.001277748832485714,-0.011796453320360705,0.3,0,0,0.001022475084703267,-0.001277748832485714,0.011796453320360705,-0.2998274942062279,-0.2981584140259301,0,0
72.32728403086773,19.313234243315314,20.541072037014736,0.2989775249152967,0.001277748832485714,-0.011796453320360705,0.3,0,0,0.001022475084703267,-0.001277748832485714,0.011796453320360705,-0.2998274942062279,-0.2981584140259301,0,0
72.05879380612686,18.714890970363626,19.457286087701,0.2989775249152967,0.001277748832485714,-0.011796453320360705,0.3,0,0,0.001022475084703267,-0.001277748832485714,0.011796453320360705,-0.2998274942062279,-0.2981584140259301,0,0
73.6975442509615,20.541072037014736,20.579729421340247,0.2989775249152967,0.001277748832485714,-0.011796453320360705,0.3,0,0,0.001022475084703267,-0.001277748832485714,0.011796453320360705,-0.2998274942062279,-0.2981584140259301,0,0
74.25900132173959,258.2405371440609,20.425629923801807,0.2989775249152967,0.001277748832485714,-0.011796453320360705,0.3,0,0,0.001022475084703267,-0.001277748832485714,0.011796453320360705,-0.2998274942062279,-0.2981584140259301,0,0
60.40777364647001,158.34116103748556,19.8600811104764,0.2989775249152967,0.001277748832485714,-0.011796453320360705,0.3,0,0,0.001022475084703267,-0.001277748832485714,0.011796453320360705,-0.2998274942062279,-0.2981584140259301,0,0
78.10859556029456,302.6164596847404,19.421153838355984,0.2989775249152967,0.001277748832485714,-0.011796453320360705,0.3,0,0,0.001022475084703267,-0.001277748832485714,0.011796453320360705,-0.2998274942062279,-0.2981584140259301,0,0
75.11601708077,176.198566643824,20.65731111090045,0.2989775249152967,0.001277748832485714,-0.011796453320360705,0.3,0,0,0.001022475084703267,-0.001277748832485714,0.011796453320360705,-0.2998274942062279,-0.2981584140259301,0,0
71.26409887021845,220.70517709223105,20.502503202851024,0.2989775249152967,0.001277748832485714,-0.011796453320360705,0.3,0,0,0.001022475084703267,-0.001277748832485714,0.011796453320360705,-0.2998274942062279,-0.2981584140259301,0,0
71.00273031673345,164.75326598182954,20.735250827891868,0.2989775249152967,0.001277748832485714,-0.011796453320360705,0.3,0,0,0.001022475084703267,-0.001277748832485714,0.011796453320360705,-0.2998274942062279,-0.2981584140259301,0,0
68.48157158520587,146.92774685951784,20.009024843758404,0.2989775249152967,0.001277748832485714,-0.011796453320360705,0.3,0,0,0.001022475084703267,-0.001277748832485714,0.011796453320360705,-0.2998274942062279,-0.2981584140259301,51,-51
66.5782896093539,293.3703955349555,23.526447916444262,0.2987502436785886,0.001265672480727988,0.11796453320360635,0.3,0,0,0.0012497563214113883,-0.001265672480727988,-0.11796453320360635,-0.29041995137182197,-0.30711075317480024,0,0
1411.3480414449798,648.3999468665874,140.84502956740286,0.2993252129088717,0.0014600546310444,0.5340576139581453,0.3,0,0,0.0006747870911282816,-0.0014600546310444,-0.5340576139581453,-0.26159038462122314,-0.33715419642016115,0,0
1284.2268420173286,459.67991945810627,100.02692680886574,0.2993252129088717,0.0014600546310444,0.5340576139581453,0.3,0,0,0.0006747870911282816,-0.0014600546310444,-0.5340576139581453,-0.26159038462122314,-0.33715419642016115,0,0
624.3377665398167,297.9167592848756,95.7560002023429,0.2993252129088717,0.0014600546310444,0.5340576139581453,0.3,0,0,0.0006747870911282816,-0.0014600546310444,-0.5340576139581453,-0.26159038462122314,-0.33715419642016115,0,0
624.3377665398167,1284.2268420173286,137.0639518589543,0.2993252129088717,0.0014600546310444,0.5340576139581453,0.3,0,0,0.0006747870911282816,-0.0014600546310444,-0.5340576139581453,-0.26159038462122314,-0.33715419642016115,0,0
1284.2268420173286,265.2554052777127,108.6000844939372,0.2993252129088717,0.0014600546310444,0.5340576139581453,0.3,0,0,0.0006747870911282816,-0.0014600546310444,-0.5340576139581453,-0.26159038462122314,-0.33715419642016115,-51,51
900.238757316699,459.67991945810627,67.51788505098841,0.29925754379647695,0.0014257510518973586,0.40429662743417827,0.3,0,0,0.0007424562035230342,-0.0014257510518973586,-0.40429662743417827,-0.27069445833193856,-0.3278983881476005,0,0
63.680115630491734,173.18670720903205,23.029533090035137,0.29955392031488887,0.0014909773377607008,0.028954930877248763,0.3,0,0,0.0004460796851111226,-0.0014909773377607008,-0.028954930877248763,-0.29755147577854907,-0.301648308948371,0,0
80.01189902085736,204.85569342211394,23.896588216502984,0.29955392031488887,0.0014909773377607008,0.028954930877248763,0.3,0,0,0.0004460796851111226,-0.0014909773377607008,-0.028954930877248763,-0.29755147577854907,-0.301648308948371,0,0
77.49266392626436,284.7075611688845,23.849908233631425,0.29955392031488887,0.0014909773377607008,0.028954930877248763,0.3,0,0,0.0004460796851111226,-0.0014909773377607008,-0.028954930877248763,-0.29755147577854907,-0.301648308948371,0,0
77.49266392626436,258.2405371440609,23.756904125116755,0.29955392031488887,0.0014909773377607008,0.028954930877248763,0.3,0,0,0.0004460796851111226,-0.0014909773377607008,-0.028954930877248763,-0.29755147577854907,-0.301648308948371,0,0
78.419964244608,236.49825525583836,23.66437137022323,0.29955392031488887,0.0014909773377607008,0.028954930877248763,0.3,0,0,0.0004460796851111226,-0.0014909773377607008,-0.028954930877248763,-0.29755147577854907,-0.301648308948371,0,0
77.79950406996568,317.7208243859324,24.037345561355124,0.29955392031488887,0.0014909773377607008,0.028954930877248763,0.3,0,0,0.0004460796851111226,-0.0014909773377607008,-0.028954930877248763,-0.29755147577854907,-0.301648308948371,0,0
77.49266392626436,239.3652489782259,23.61828058878553,0.29955392031488887,0.0014909773377607008,0.028954930877248763,0.3,0,0,0.0004460796851111226,-0.0014909773377607008,-0.028954930877248763,-0.29755147577854907,-0.301648308948371,0,0
77.49266392626436,223.1819809443389,23.896588216502984,0.29955392031488887,0.0014909773377607008,0.028954930877248763,0.3,0,0,0.0004460796851111226,-0.0014909773377607008,-0.028954930877248763,-0.29755147577854907,-0.301648308948371,0,0
77.18804967871625,239.3652489782259,23.66437137022323,0.29955392031488887,0.0014909773377607008,0.028954930877248763,0.3,0,0,0.0004460796851111226,-0.0014909773377607008,-0.028954930877248763,-0.29755147577854907,-0.301648308948371,0,0
74.25900132173959,177.7453057985956,23.208649349752903,0.29955392031488887,0.0014909773377607008,0.028954930877248763,0.3,0,0,0.0004460796851111226,-0.0014909773377607008,-0.028954930877248763,-0.29755147577854907,-0.301648308948371,0,0
77.79950406996568,245.3252030939217,23.710579061410876,0.29955392031488887,0.0014909773377607008,0.028954930877248763,0.3,0,0,0.0004460796851111226,-0.0014909773377607008,-0.028954930877248763,-0.29755147577854907,-0.301648308948371,0,0
78.10859556029456,239.3652489782259,23.896588216502984,0.29955392031488887,0.0014909773377607008,0.028954930877248763,0.3,0,0,0.0004460796851111226,-0.0014909773377607008,-0.028954930877248763,-0.29755147577854907,-0.301648308948371,0,0
79.04963861634155,242.3065498311679,23.80334702660077,0.29955392031488887,0.0014909773377607008,0.028954930877248763,0.3,0,0,0.0004460796851111226,-0.0014909773377607008,-0.028954930877248763,-0.29755147577854907,-0.301648308948371,0,0
63.043003529206196,193.04122344313365,23.389564303261636,0.29955392031488887,0.0014909773377607008,0.028954930877248763,0.3,0,0,0.0004460796851111226,-0.0014909773377607008,-0.028954930877248763,-0.29755147577854907,-0.301648308948371,0,0
77.79950406996568,448.2028325964311,23.756904125116755,0.29955392031488887,0.0014909773377607008,0.028954930877248763,0.3,0,0,0.0004460796851111226,-0.0014909773377607008,-0.028954930877248763,-0.29755147577854907,-0.301648308948371,0,0
80.01189902085736,261.6981137825328,23.66437137022323,0.29955392031488887,0.0014909773377607008,0.028954930877248763,0.3,0,0,0.0004460796851111226,-0.0014909773377607008,-0.028954930877248763,-0.29755147577854907,-0.301648308948371,0,0
73.41971802386729,182.55823066529945,22.459496422942998,0.29955392031488887,0.0014909773377607008,0.028954930877248763,0.3,0,0,0.0004460796851111226,-0.0014909773377607008,-0.028954930877248763,-0.29755147577854907,-0.301648308948371,0,0
79.36799805452281,367.3069052663625,23.943387448052704,0.29955392031488887,0.0014909773377607008,0.028954930877248763,0.3,0,0,0.0004460796851111226,-0.0014909773377607008,-0.028954930877248763,-0.29755147577854907,-0.301648308948371,0,0
64.3287418393918,204.85569342211394,23.253708365120502,0.29955392031488887,0.0014909773377607008,0.028954930877248763,0.3,0,0,0.0004460796851111226,-0.0014909773377607008,-0.028954930877248763,-0.29755147577854907,-0.301648308948371,0,0
77.18804967871625,323.12240163650586,23.710579061410876,0.29955392031488887,0.0014909773377607008,0.028954930877248763,0.3,0,0,0.0004460796851111226,-0.0014909773377607008,-0.028954930877248763,-0.29755147577854907,-0.301648308948371,0,0
76.88563626605912,220.70517709223105,24.08450540165466,0.29955392031488887,0.0014909773377607008,0.028954930877248763,0.3,0,0,0.0004460796851111226,-0.0014909773377607008,-0.028954930877248763,-0.29755147577854907,-0.301648308948371,0,0
77.18804967871625,196.81893899271049,23.66437137022323,0.29955392031488887,0.0014909773377607008,0.028954930877248763,0.3,0,0,0.0004460796851111226,-0.0014909773377607008,-0.028954930877248763,-0.29755147577854907,-0.301648308948371,0,0
77.18804967871625,258.2405371440609,23.710579061410876,0.29955392031488887,0.0014909773377607008,0.028954930877248763,0.3,0,0,0.0004460796851111226,-0.0014909773377607008,-0.028954930877248763,-0.29755147577854907,-0.301648308948371,0,0
73.6975442509615,193.04122344313365,22.330509274381335,0.29955392031488887,0.0014909773377607008,0.028954930877248763,0.3,0,0,0.0004460796851111226,-0.0014909773377607008,-0.028954930877248763,-0.29755147577854907,-0.301648308948371,0,0
79.6887422048836,284.7075611688845,23.849908233631425,0.29955392031488887,0.0014909773377607008,0.028954930877248763,0.3,0,0,0.0004460796851111226,-0.0014909773377607008,-0.028954930877248763,-0.29755147577854907,-0.301648308948371,0,0
79.6887422048836,448.2028325964311,23.849908233631425,0.29955392031488887,0.0014909773377607008,0.028954930877248763,0.3,0,0,0.0004460796851111226,-0.0014909773377607008,-0.028954930877248763,-0.29755147577854907,-0.301648308948371,0,0
73.6975442509615,179.3202830877122,22.985031810502477,0.29955392031488887,0.0014909773377607008,0.028954930877248763,0.3,0,0,0.0004460796851111226,-0.0014909773377607008,-0.028954930877248763,-0.29755147577854907,-0.301648308948371,0,0
77.49266392626436,193.04122344313365,23.253708365120502,0.29955392031488887,0.0014909773377607008,0.028954930877248763,0.3,0,0,0.0004460796851111226,-0.0014909773377607008,-0.028954930877248763,-0.29755147577854907,-0.301648308948371,0,0
77.79950406996568,194.9110753588243,23.943387448052704,0.29955392031488887,0.0014909773377607008,0.028954930877248763,0.3,0,0,0.0004460796851111226,-0.0014909773377607008,-0.028954930877248763,-0.29755147577854907,-0.301648308948371,0,0
77.79950406996568,312.50933522689996,23.896588216502984,0.29955392031488887,0.0014909773377607008,0.028954930877248763,0.3,0,0,0.0004460796851111226,-0.0014909773377607008,-0.028954930877248763,-0.29755147577854907,-0.301648308948371,0,0
77.79950406996568,284.7075611688845,23.61828058878553,0.29955392031488887,0.0014909773377607008,0.028954930877248763,0.3,0,0,0.0004460796851111226,-0.0014909773377607008,-0.028954930877248763,-0.29755147577854907,-0.301648308948371,0,0
79.6887422048836,624.3377665398167,23.896588216502984,0.29955392031488887,0.0014909773377607008,0.028954930877248763,0.3,0,0,0.0004460796851111226,-0.0014909773377607008,-0.028954930877248763,-0.29755147577854907,-0.301648308948371,0,0
77.18804967871625,307.4777105974586,23.66437137022323,0.29955392031488887,0.0014909773377607008,0.028954930877248763,0.3,0,0,0.0004460796851111226,-0.0014909773377607008,-0.028954930877248763,-0.29755147577854907,-0.301648308948371,0,0
77.18804967871625,312.50933522689996,23.80334702660077,0.29955392031488887,0.0014909773377607008,0.028954930877248763,0.3,0,0,0.0004460796851111226,-0.0014909773377607008,-0.028954930877248763,-0.29755147577854907,-0.301648308948371,0,0
78.419964244608,223.1819809443389,24.037345561355124,0.29955392031488887,0.0014909773377607008,0.028954930877248763,0.3,0,0,0.0004460796851111226,-0.0014909773377607008,-0.028954930877248763,-0.29755147577854907,-0.301648308948371,0,0
79.04963861634155,225.71785045590883,23.66437137022323,0.29955392031488887,0.0014909773377607008,0.028954930877248763,0.3,0,0,0.0004460796851111226,-0.0014909773377607008,-0.028954930877248763,-0.29755147577854907,-0.301648308948371,0,0
77.49266392626436,399.01729906632625,23.61828058878553,0.29955392031488887,0.0014909773377607008,0.028954930877248763,0.3,0,0,0.0004460796851111226,-0.0014909773377607008,-0.028954930877248763,-0.29755147577854907,-0.301648308948371,0,0
77.18804967871625,312.50933522689996,23.896588216502984,0.29955392031488887,0.0014909773377607008,0.028954930877248763,-0.0004460796851111226,0,0,-0.3,-0.0014909773377607008,-0.028954930877248763,-0.29755147577854907,-0.301648308948371,0,0
60.01951173605402,179.3202830877122,22.676586373412853,0.29447229214930626,0.001368338375901974,0.01930328725149915,-0.0004460796851111226,0,0,-0.2949183718344174,-0.001368338375901974,-0.01930328725149915,-0.2931511734850366,-0.29588239559825125,0,0
77.79950406996568,185.91929651913173,21.130411066922797,0.2701949856171275,0.001264197332321969,-0.01072404847305524,-0.0004460796851111226,0,0,-0.27064106530223864,-0.001264197332321969,0.01072404847305524,-0.27099792745562906,-0.26948058183717655,0,0
77.49266392626436,194.9110753588243,23.943387448052704,0.24342163125219235,0.0019103399224134755,-0.03753416965569306,-0.0004460796851111226,0,0,-0.24386771093730347,-0.0019103399224134755,0.03753416965569306,-0.2461134593130069,-0.24080274964842296,0,0
87.41019065628254,239.3652489782259,28.120842178481034,0.21598421845857058,0.0031175025270069236,-0.05040302782335924,-0.0004460796851111226,0,0,-0.2164302981436817,-0.0031175025270069236,0.05040302782335924,-0.21955991099008693,-0.2124283865833599,0,0
83.38264517783642,144.84210166738234,25.25384320516452,0.18855664062957425,0.004530597285286946,-0.052547837517970306,-0.0004460796851111226,0,0,-0.18900272031468537,-0.004530597285286946,0.052547837517970306,-0.19224768985794066,-0.18481269632752312,0,0
92.2427776670329,258.2405371440609,26.18097245007521,0.16172817312779955,0.0057686270239278685,-0.03967897935030418,-0.0004460796851111226,0,0,-0.16217425281291067,-0.0057686270239278685,0.03967897935030418,-0.16448026504025864,-0.15886608625198417,0,0
96.21317986298715,239.3652489782259,32.227138405664235,0.135718716760896,0.006591735319170119,-0.02359290664072146,-0.0004460796851111226,0,0,-0.13616479644600712,-0.006591735319170119,0.02359290664072146,-0.13731977846995763,-0.13398161810936202,0,0
84.08878225753256,168.8620920208621,33.01927315595455,0.11068395368957698,0.006860219624302448,0.0021448096946108663,-0.0004460796851111226,0,0,-0.1111300333746881,-0.006860219624302448,-0.0021448096946108663,-0.11046276102334714,-0.1107662301470377,0,0
101.02616679983112,900.238757316699,45.283073634897775,0.086788649413993,0.006488620791215556,0.028954930877248687,-0.0004460796851111226,0,0,-0.08723472909910412,-0.006488620791215556,-0.028954930877248687,-0.08466788550965344,-0.08876471867947543,0,0
102.56164513946942,1411.3480414449798,45.283073634897775,0.06404449568696065,0.005634536747052892,0.046113408434136874,-0.0004460796851111226,0,0,-0.06449057537207177,-0.005634536747052892,-0.046113408434136874,-0.060693824738102836,-0.06721841089744893,0,0
152.41788953728954,1411.3480414449798,29.196701571220196,0.04335737938047935,0.0046243190257572436,0.051475432670664435,-0.0004460796851111226,0,0,-0.043803459065590473,-0.0046243190257572436,-0.051475432670664435,-0.039602720641612105,-0.04688597961018448,0,0
176.198566643824,1411.3480414449798,67.99665713203012,0.030175445117841794,0.003916822337340513,0.05576505205988648,-0.0004460796851111226,0,0,-0.030621524802952917,-0.003916822337340513,-0.05576505205988648,-0.02609834463738423,-0.033988541853337634,0,0
177.7453057985956,160.8439044330725,50.38742144020711,0.018359261088944923,0.003244496348568257,0.05790986175449751,-0.0004460796851111226,0,0,-0.018805340774056045,-0.003244496348568257,-0.05790986175449751,-0.014111314251608926,-0.022304980591252844,0,0
152.41788953728954,1411.3480414449798,62.833136667956715,0.009950339343592745,0.0027886533046989344,0.05040302782335891,-0.0004460796851111226,0,0,-0.010396419028703868,-0.0027886533046989344,-0.05040302782335891,-0.006221117035655562,-0.01335264144238268,0,0
107.45140018288424,1411.3480414449798,58.32507928939602,0.005477233021125576,0.0026230819092147406,0.02359290664072109,-0.0004460796851111226,0,0,-0.0059233127062366985,-0.0026230819092147406,-0.02359290664072109,-0.0036416294842861923,-0.006979789844881884,0,0
98.56325615049124,206.97300472647143,80.66556470717478,0.004111754671641825,0.0026040441830040583,0.004289619389221861,-0.0004460796851111226,0,0,-0.004557834356752948,-0.0026040441830040583,-0.004289619389221861,-0.0036416294842861923,-0.004248567731667258,0,0
99.04654639912101,196.81893899271049,74.25900132173959,0.004035887925132965,0.002603759422133338,0.003217214541916348,-0.0004460796851111226,0,0,-0.004481967610244088,-0.002603759422133338,-0.003217214541916348,-0.0036416294842861923,-0.004096833169822001,0,0
87.41019065628254,230.97580043058096,61.397967211159504,0.004035887925132965,0.002603759422133338,0.003217214541916348,-0.0004460796851111226,0,0,-0.004481967610244088,-0.002603759422133338,-0.003217214541916348,-0.0036416294842861923,-0.004096833169822001,0,0
76.58539900875073,171.72011046907937,71.26409887021845,0.004035887925132965,0.002603759422133338,0.003217214541916348,-0.0004460796851111226,0,0,-0.004481967610244088,-0.002603759422133338,-0.003217214541916348,-0.0036416294842861923,-0.004096833169822001,0,0
101.5330368193872,209.13650375320472,63.89502910136053,0.004035887925132965,0.002603759422133338,0.003217214541916348,-0.0004460796851111226,0,0,-0.004481967610244088,-0.002603759422133338,-0.003217214541916348,-0.0036416294842861923,-0.004096833169822001,0,0
94.8539958627646,160.8439044330725,59.635598880684206,0.004035887925132965,0.002603759422133338,0.003217214541916348,-0.0004460796851111226,0,0,-0.004481967610244088,-0.002603759422133338,-0.003217214541916348,-0.0036416294842861923,-0.004096833169822001,0,0
101.5330368193872,390.5444991736698,69.22073170815571,0.004035887925132965,0.002603759422133338,0.003217214541916348,-0.0004460796851111226,0,0,-0.004481967610244088,-0.002603759422133338,-0.003217214541916348,-0.0036416294842861923,-0.004096833169822001,0,0
98.56325615049124,144.84210166738234,63.89502910136053,0.004035887925132965,0.002603759422133338,0.003217214541916348,-0.0004460796851111226,0,0,-0.004481967610244088,-0.002603759422133338,-0.003217214541916348,-0.0036416294842861923,-0.004096833169822001,0,0
89.76495072901147,200.75362703878065,65.43626790658098,0.004111754671641824,0.0026040441830040583,0.004289619389221861,-0.0004460796851111226,0,0,-0.004557834356752947,-0.0026040441830040583,-0.004289619389221861,-0.0036416294842861923,-0.004248567731667258,0,0
91.82083615681199,202.78305134967044,80.01189902085736,0.004111754671641824,0.0026040441830040583,0.004289619389221861,-0.0004460796851111226,0,0,-0.004557834356752947,-0.0026040441830040583,-0.004289619389221861,-0.0036416294842861923,-0.004248567731667258,0,0
105.22351709380416,187.6483042942066,77.18804967871625,0.004111754671641824,0.0026040441830040583,0.004289619389221861,-0.0004460796851111226,0,0,-0.004557834356752947,-0.0026040441830040583,-0.004289619389221861,-0.0036416294842861923,-0.004248567731667258,0,0
78.73363637499943,144.84210166738234,72.59760196071355,0.004111754671641824,0.0026040441830040583,0.004289619389221861,-0.0004460796851111226,0,0,-0.004557834356752947,-0.0026040441830040583,-0.004289619389221861,-0.0036416294842861923,-0.004248567731667258,0,0
111.57932338755117,176.198566643824,68.72637072202204,0.004111754671641824,0.0026040441830040583,0.004289619389221861,-0.0004460796851111226,0,0,-0.004557834356752947,-0.0026040441830040583,-0.004289619389221861,-0.0036416294842861923,-0.004248567731667258,0,0
98.08447665807216,194.9110753588243,60.603559569501805,0.004111754671641824,0.0026040441830040583,0.004289619389221861,-0.0004460796851111226,0,0,-0.004557834356752947,-0.0026040441830040583,-0.004289619389221861,-0.0036416294842861923,-0.004248567731667258,0,0
94.8539958627646,142.81538054950164,54.842902515546676,0.004111754671641824,0.0026040441830040583,0.004289619389221861,-0.0004460796851111226,0,0,-0.004557834356752947,-0.0026040441830040583,-0.004289619389221861,-0.0036416294842861923,-0.004248567731667258,0,0
92.66842176880655,200.75362703878065,64.3287418393918,0.004111754671641824,0.0026040441830040583,0.004289619389221861,-0.0004460796851111226,0,0,-0.004557834356752947,-0.0026040441830040583,-0.004289619389221861,-0.0036416294842861923,-0.004248567731667258,0,0
92.66842176880655,185.91929651913173,59.067719529011335,0.004111754671641824,0.0026040441830040583,0.004289619389221861,-0.0004460796851111226,0,0,-0.004557834356752947,-0.0026040441830040583,-0.004289619389221861,-0.0036416294842861923,-0.004248567731667258,0,0
89.36420701132127,162.1258003695371,57.77869068170988,0.004111754671641824,0.0026040441830040583,0.004289619389221861,-0.0004460796851111226,0,0,-0.004557834356752947,-0.0026040441830040583,-0.004289619389221861,-0.0036416294842861923,-0.004248567731667258,0,0
97.6101426547749,179.3202830877122,76.58539900875073,0.004111754671641824,0.0026040441830040583,0.004289619389221861,-0.0004460796851111226,0,0,-0.004557834356752947,-0.0026040441830040583,-0.004289619389221861,-0.0036416294842861923,-0.004248567731667258,0,0
106.88588226030939,544.8761250677193,58.14195534124432,0.004111754671641824,0.0026040441830040583,0.004289619389221861,-0.0004460796851111226,0,0,-0.004557834356752947,-0.0026040441830040583,-0.004289619389221861,-0.0036416294842861923,-0.004248567731667258,0,0
100.02692680886574,317.7208243859324,48.719098859537986,0.004111754671641824,0.0026040441830040583,0.004289619389221861,-0.0004460796851111226,0,0,-0.004557834356752947,-0.0026040441830040583,-0.004289619389221861,-0.0036416294842861923,-0.004248567731667258,0,0
103.61058678886198,228.31501027837746,62.624502623767405,0.004111754671641824,0.0026040441830040583,0.004289619389221861,-0.0004460796851111226,0,0,-0.004557834356752947,-0.0026040441830040583,-0.004289619389221861,-0.0036416294842861923,-0.004248567731667258,0,0
97.6101426547749,187.6483042942066,59.635598880684206,0.004111754671641824,0.0026040441830040583,0.004289619389221861,-0.0004460796851111226,0,0,-0.004557834356752947,-0.0026040441830040583,-0.004289619389221861,-0.0036416294842861923,-0.004248567731667258,0,0
89.76495072901147,160.8439044330725,64.1112337943502,0.004111754671641824,0.0026040441830040583,0.004289619389221861,-0.0004460796851111226,0,0,-0.004557834356752947,-0.0026040441830040583,-0.004289619389221861,-0.0036416294842861923,-0.004248567731667258,0,0
101.5330368193872,242.3065498311679,72.86976705815192,0.004111754671641824,0.0026040441830040583,0.004289619389221861,-0.0004460796851111226,0,0,-0.004557834356752947,-0.0026040441830040583,-0.004289619389221861,-0.0036416294842861923,-0.004248567731667258,0,0
87.79450977305973,196.81893899271049,59.067719529011335,0.004111754671641824,0.0026040441830040583,0.004289619389221861,-0.0004460796851111226,0,0,-0.004557834356752947,-0.0026040441830040583,-0.004289619389221861,-0.0036416294842861923,-0.004248567731667258,0,0
93.09781934285294,164.75326598182954,80.33749690282312,0.004111754671641824,0.0026040441830040583,0.004289619389221861,-0.0004460796851111226,0,0,-0.004557834356752947,-0.0026040441830040583,-0.004289619389221861,-0.0036416294842861923,-0.004248567731667258,0,0
105.22351709380416,284.7075611688845,51.852303182374264,0.004111754671641824,0.0026040441830040583,0.004289619389221861,-0.0004460796851111226,0,0,-0.004557834356752947,-0.0026040441830040583,-0.004289619389221861,-0.0036416294842861923,-0.004248567731667258,0,0
104.68049512451793,284.7075611688845,84.08878225753256,0.004111754671641824,0.0026040441830040583,0.004289619389221861,-0.0004460796851111226,0,0,-0.004557834356752947,-0.0026040441830040583,-0.004289619389221861,-0.0036416294842861923,-0.004248567731667258,0,0
94.8539958627646,170.27879631253745,56.0199058821893,0.004111754671641824,0.0026040441830040583,0.004289619389221861,-0.0004460796851111226,0,0,-0.004557834356752947,-0.0026040441830040583,-0.004289619389221861,-0.0036416294842861923,-0.004248567731667258,0,0
102.04483787812359,179.3202830877122,89.36420701132127,0.004111754671641824,0.0026040441830040583,0.004289619389221861,-0.0004460796851111226,0,0,-0.004557834356752947,-0.0026040441830040583,-0.004289619389221861,-0.0036416294842861923,-0.004248567731667258,0,0
111.57932338755117,174.67928447558052,69.47032576649053,0.004111754671641824,0.0026040441830040583,0.004289619389221861,-0.0004460796851111226,0,0,-0.004557834356752947,-0.0026040441830040583,-0.004289619389221861,-0.0036416294842861923,-0.004248567731667258,0,0
98.08447665807216,39.77550372711136,63.89502910136053,0.004111754671641824,0.0026040441830040583,0.004289619389221861,-0.0004460796851111226,0,0,-0.004557834356752947,-0.0026040441830040583,-0.004289619389221861,-0.0036416294842861923,-0.004248567731667258,0,0
105.22351709380416,30.989631238220753,62.005885601807684,0.004111754671641824,0.0026040441830040583,0.004289619389221861,-0.0004460796851111226,0,0,-0.004557834356752947,-0.0026040441830040583,-0.004289619389221861,-0.0036416294842861923,-0.004248567731667258,0,0
107.45140018288424,23.435077391437254,64.767717284378,0.004111754671641824,0.0026040441830040583,0.004289619389221861,-0.0004460796851111226,0,0,-0.004557834356752947,-0.0026040441830040583,-0.004289619389221861,-0.0036416294842861923,-0.004248567731667258,0,0
103.61058678886198,22.033164800444176,62.833136667956715,0.004111754671641824,0.0026040441830040583,0.004289619389221861,-0.0004460796851111226,0,0,-0.004557834356752947,-0.0026040441830040583,-0.004289619389221861,-0.0036416294842861923,-0.004248567731667258,0,0
91.40254728973653,20.65731111090045,72.59760196071355,0.004111754671641824,0.0026040441830040583,0.004289619389221861,-0.0004460796851111226,0,0,-0.004557834356752947,-0.0026040441830040583,-0.004289619389221861,-0.0036416294842861923,-0.004248567731667258,0,0
98.08447665807216,21.782257748458605,74.25900132173959,0.004111754671641824,0.0026040441830040583,0.004289619389221861,-0.0004460796851111226,0,0,-0.004557834356752947,-0.0026040441830040583,-0.004289619389221861,-0.0036416294842861923,-0.004248567731667258,0,0
104.1428794944386,21.09047995583375,60.40777364647001,0.004111754671641824,0.0026040441830040583,0.004289619389221861,-0.0004460796851111226,0,0,-0.004557834356752947,-0.0026040441830040583,-0.004289619389221861,-0.0036416294842861923,-0.004248567731667258,0,0
101.02616679983112,20.931683493242176,56.36420238587991,0.004111754671641824,0.0026040441830040583,0.004289619389221861,-0.0004460796851111226,0,0,-0.004557834356752947,-0.0026040441830040583,-0.004289619389221861,-0.0036416294842861923,-0.004248567731667258,0,0
110.97077873540402,20.852837358537094,61.599435781669065,0.004111754671641824,0.0026040441830040583,0.004289619389221861,-0.0004460796851111226,0,0,-0.004557834356752947,-0.0026040441830040583,-0.004289619389221861,-0.0036416294842861923,-0.004248567731667258,0,0
104.1428794944386,20.89221469509625,75.99135610686974,0.004111754671641824,0.0026040441830040583,0.004289619389221861,-0.0004460796851111226,0,0,-0.004557834356752947,-0.0026040441830040583,-0.004289619389221861,-0.0036416294842861923,-0.004248567731667258,0,0
81.32922784467303,31.59957383146636,57.95982861765,0.004111754671641824,0.0026040441830040583,0.004289619389221861,-0.0004460796851111226,0,0,-0.004557834356752947,-0.0026040441830040583,-0.004289619389221861,-0.0036416294842861923,-0.004248567731667258,0,0
101.5330368193872,33.092704166817725,70.74309622023037,0.004111754671641824,0.0026040441830040583,0.004289619389221861,-0.0004460796851111226,0,0,-0.004557834356752947,-0.0026040441830040583,-0.004289619389221861,-0.0036416294842861923,-0.004248567731667258,0,0
95.7560002023429,33.613559426012365,60.603559569501805,0.004111754671641824,0.0026040441830040583,0.004289619389221861,-0.0004460796851111226,0,0,-0.004557834356752947,-0.0026040441830040583,-0.004289619389221861,-0.0036416294842861923,-0.004248567731667258,0,0
106.32612268515561,140.84502956740286,69.97442321249366,0.004111754671641824,0.0026040441830040583,0.004289619389221861,-0.0004460796851111226,0,0,-0.004557834356752947,-0.0026040441830040583,-0.004289619389221861,-0.0036416294842861923,-0.004248567731667258,0,0
74.54267433246892,196.81893899271049,63.466481404640184,0.004111754671641824,0.0026040441830040583,0.004289619389221861,-0.0004460796851111226,0,0,-0.004557834356752947,-0.0026040441830040583,-0.004289619389221861,-0.0036416294842861923,-0.004248567731667258,0,0
89.76495072901147,151.28683687310368,70.74309622023037,0.004111754671641824,0.0026040441830040583,0.004289619389221861,-0.0004460796851111226,0,0,-0.004557834356752947,-0.0026040441830040583,-0.004289619389221861,-0.0036416294842861923,-0.004248567731667258,0,0
94.8539958627646,185.91929651913173,56.36420238587991,0.004111754671641824,0.0026040441830040583,0.004289619389221861,0.5041117546716418,0,0,0.5,-0.0026040441830040583,-0.004289619389221861,-0.0036416294842861923,-0.004248567731667258,0,0
82.00312876373096,346.8640580657511,58.880520330140875,0.012836390384673857,0.0026461480471839695,0.005362024236527384,0.5041117546716418,0,0,0.49127536428696794,-0.0026461480471839695,-0.005362024236527384,-0.012290499509465841,-0.013049172318692166,0,0
65.43626790658098,158.34116103748556,44.34070465302382,0.05236228345020691,0.002921672945320252,0.008579238778443951,0.5041117546716418,0,0,0.45174947122143494,-0.002921672945320252,-0.008579238778443951,-0.05158975102738741,-0.05280362752214951,0,0
95.30295822324965,225.71785045590883,39.97098488311734,0.09401312728357075,0.0030780066633457393,-0.0010724048473056552,0.5041117546716418,0,0,0.41009862738807107,-0.0030780066633457393,0.0010724048473056552,-0.09392369378221412,-0.0937719592203689,0,0
101.5330368193872,196.81893899271049,36.24233355390543,0.13566377951361064,0.002877006476956411,-0.008579238778444265,0.5041117546716418,0,0,0.3684479751580312,-0.002877006476956411,0.008579238778444265,-0.13610590197519556,-0.13489202548043355,0,0
87.41019065628254,276.5725757314533,23.756904125116755,0.1772350092645604,0.002297413478986732,-0.019303287251499393,0.5041117546716418,0,0,0.32687674540708145,-0.002297413478986732,0.019303287251499393,-0.17843984473002228,-0.1757086226168077,0,0
80.01189902085736,239.3652489782259,29.013419717033194,0.2184219354918982,0.0014359912496030025,-0.02252050179341596,0.5041117546716418,0,0,0.2856898191797436,-0.0014359912496030025,0.02252050179341596,-0.21986338011377746,-0.2166769543150271,0,0
77.79950406996568,184.22292190812155,24.5628489666094,0.2595351685043101,0.0006863776830012922,-0.013941263014971877,0.5041117546716418,0,0,0.24457658616733174,-0.0006863776830012922,0.013941263014971877,-0.26037650812646107,-0.2584039588224728,0,0
68.97275209823704,171.72011046907937,18.611570757963946,0.300804097743746,0.0001995281027069807,-0.009651643625749835,0.5041117546716418,0,0,0.20330765692789582,-0.0001995281027069807,0.009651643625749835,-0.30134483982468047,-0.2999792287680732,0,0
74.25900132173959,213.60849807698625,19.134942493208065,0.3419993147025436,-4.345344193913789e-05,-0.002144809694611275,0.5041117546716418,0,0,0.16211243996909824,4.345344193913789e-05,0.002144809694611275,-0.34200970239920936,-0.34170623327551886,0,0
72.05879380612686,284.7075611688845,30.461639058159932,0.383271091792094,-8.77135127140255e-05,-2.2941717969793274e-16,0.5041117546716418,0,0,0.12084066287954781,8.77135127140255e-05,2.2941717969793274e-16,-0.383129768659274,-0.383129768659274,0,0
61.397967211159504,307.4777105974586,23.80334702660077,0.4232530971091981,-2.3398112778891378e-05,0.0032172145419162895,0.5041117546716418,0,0,0.0808586575624437,2.3398112778891378e-05,-0.0032172145419162895,-0.42288422386273133,-0.42333942754826714,0,0
65.21205562750623,187.6483042942066,63.89502910136053,0.4586069247466834,0.00012825728193448504,0.0053620242365272856,0.5041117546716418,0,0,0.04550482992495841,-0.00012825728193448504,-0.0053620242365272856,-0.45808664221083095,-0.45884531502005726,0,0
57.59853319318177,236.49825525583836,448.2028325964311,0.48523495839956904,0.00039954897544120974,0.015013667862276868,0.5041117546716418,0,0,0.018876796272072782,-0.00039954897544120974,-0.015013667862276868,-0.4840332522863699,-0.48615753615220353,0,0
71.00273031673345,220.70517709223105,110.36868736531008,0.5042750152241501,0.0007160671903996356,0.01823088240419341,0.5041117546716418,0,0,-0.00016326055250825977,-0.0007160671903996356,-0.01823088240419341,-0.5028483379551818,-0.5054278255065512,0,0
73.9772983740448,284.7075611688845,35.09054457381912,0.5164117629768916,0.0009373553281418318,0.01823088240419341,0.5041117546716418,0,0,-0.012300008305249799,-0.0009373553281418318,-0.01823088240419341,-0.5149871029028024,-0.5175665904541717,0,0
73.9772983740448,448.2028325964311,39.10299164548677,0.5230111831375257,0.0010541421449127488,0.017158477556887902,0.5041117546716418,0,0,-0.018899428465883883,-0.0010541421449127488,-0.017158477556887902,-0.5216634236239936,-0.5240911766135178,0,0
59.067719529011335,191.20821604693444,32.94608262610615,0.5249076358578102,0.0010836341157926606,0.013941263014971365,0.5041117546716418,0,0,-0.020795881186168375,-0.0010836341157926606,-0.013941263014971365,-0.5237877074898273,-0.5257602567938157,0,0
72.32728403086773,851.4899528953961,45.88875276428319,0.5249076358578102,0.0010836341157926606,0.013941263014971365,0.5041117546716418,0,0,-0.020795881186168375,-0.0010836341157926606,-0.013941263014971365,-0.5237877074898273,-0.5257602567938157,0,0
72.59760196071355,302.6164596847404,37.72022963544492,0.5249076358578102,0.0010836341157926606,0.013941263014971365,0.5041117546716418,0,0,-0.020795881186168375,-0.0010836341157926606,-0.013941263014971365,-0.5237877074898273,-0.5257602567938157,0,0
68.72637072202204,218.28532251964043,41.906294265999335,0.5248317753932956,0.0010826171407532978,0.012868858167665852,0.5041117546716418,0,0,-0.020720020721653798,-0.0010826171407532978,-0.012868858167665852,-0.5237877074898273,-0.5256085222319704,0,0
72.86976705815192,85.53518482670935,34.535278547288506,0.5248317753932956,0.0010826171407532978,0.012868858167665852,0.5041117546716418,0,0,-0.020720020721653798,-0.0010826171407532978,-0.012868858167665852,-0.5237877074898273,-0.5256085222319704,0,0
68.97275209823704,25.81506627835381,36.92653473301203,0.5248317753932956,0.0010826171407532978,0.012868858167665852,0.5041117546716418,0,0,-0.020720020721653798,-0.0010826171407532978,-0.012868858167665852,-0.5237877074898273,-0.5256085222319704,0,0
73.6975442509615,22.416395940132503,39.67832560006777,0.524755914928781,0.001081600165713935,0.013941263014971365,0.5041117546716418,0,0,-0.02064416025713922,-0.001081600165713935,-0.013941263014971365,-0.523635972927982,-0.5256085222319704,0,0
72.05879380612686,22.202459096284322,41.80075928277381,0.524755914928781,0.001081600165713935,0.013941263014971365,0.5041117546716418,0,0,-0.02064416025713922,-0.001081600165713935,-0.013941263014971365,-0.523635972927982,-0.5256085222319704,0,0
72.05879380612686,21.823825552140526,44.69032492014681,0.524755914928781,0.001081600165713935,0.013941263014971365,0.5041117546716418,0,0,-0.02064416025713922,-0.001081600165713935,-0.013941263014971365,-0.523635972927982,-0.5256085222319704,0,0
68.72637072202204,21.658147754059783,37.18822146772475,0.524755914928781,0.001081600165713935,0.013941263014971365,0.5041117546716418,0,0,-0.02064416025713922,-0.001081600165713935,-0.013941263014971365,-0.523635972927982,-0.5256085222319704,0,0
71.79211210149265,21.823825552140526,33.840516440659265,0.524755914928781,0.001081600165713935,0.013941263014971365,0.5041117546716418,0,0,-0.02064416025713922,-0.001081600165713935,-0.013941263014971365,-0.523635972927982,-0.5256085222319704,0,0
59.067719529011335,20.852837358537094,33.76461132687016,0.524755914928781,0.001081600165713935,0.013941263014971365,0.5041117546716418,0,0,-0.02064416025713922,-0.001081600165713935,-0.013941263014971365,-0.523635972927982,-0.5256085222319704,0,0
72.59760196071355,21.823825552140526,45.04444673804966,0.524755914928781,0.001081600165713935,0.013941263014971365,0.5041117546716418,0,0,-0.02064416025713922,-0.001081600165713935,-0.013941263014971365,-0.523635972927982,-0.5256085222319704,0,0
71.26409887021845,46.50780728590231,32.65570094258199,0.524755914928781,0.001081600165713935,0.013941263014971365,0.5041117546716418,0,0,-0.02064416025713922,-0.001081600165713935,-0.013941263014971365,-0.523635972927982,-0.5256085222319704,0,0
72.32728403086773,51.11102239631034,45.283073634897775,0.524755914928781,0.001081600165713935,0.013941263014971365,0.5041117546716418,0,0,-0.02064416025713922,-0.001081600165713935,-0.013941263014971365,-0.523635972927982,-0.5256085222319704,0,0
65.88884418534775,512.8513118946122,33.5384100204288,0.524755914928781,0.001081600165713935,0.013941263014971365,0.5041117546716418,0,0,-0.02064416025713922,-0.001081600165713935,-0.013941263014971365,-0.523635972927982,-0.5256085222319704,0,0
68.97275209823704,242.3065498311679,42.22546365252094,0.524755914928781,0.001081600165713935,0.013941263014971365,0.5041117546716418,0,0,-0.02064416025713922,-0.001081600165713935,-0.013941263014971365,-0.523635972927982,-0.5256085222319704,0,0
72.05879380612686,261.6981137825328,35.01040148158687,0.524755914928781,0.001081600165713935,0.013941263014971365,0.5041117546716418,0,0,-0.02064416025713922,-0.001081600165713935,-0.013941263014971365,-0.523635972927982,-0.5256085222319704,0,0
72.32728403086773,648.3999468665874,50.67478248141688,0.524755914928781,0.001081600165713935,0.013941263014971365,0.5041117546716418,0,0,-0.02064416025713922,-0.001081600165713935,-0.013941263014971365,-0.523635972927982,-0.5256085222319704,0,0
68.48157158520587,346.8640580657511,33.5384100204288,0.524755914928781,0.001081600165713935,0.013941263014971365,0.5041117546716418,0,0,-0.02064416025713922,-0.001081600165713935,-0.013941263014971365,-0.523635972927982,-0.5256085222319704,0,0
72.59760196071355,624.3377665398167,41.279376340133794,0.524755914928781,0.001081600165713935,0.013941263014971365,0.5041117546716418,0,0,-0.02064416025713922,-0.001081600165713935,-0.013941263014971365,-0.523635972927982,-0.5256085222319704,0,0
68.48157158520587,215.92040254306553,33.76461132687016,0.524755914928781,0.001081600165713935,0.013941263014971365,0.5041117546716418,0,0,-0.02064416025713922,-0.001081600165713935,-0.013941263014971365,-0.523635972927982,-0.5256085222319704,0,0
59.067719529011335,225.71785045590883,36.8399334734816,0.524755914928781,0.001081600165713935,0.013941263014971365,0.5041117546716418,0,0,-0.02064416025713922,-0.001081600165713935,-0.013941263014971365,-0.523635972927982,-0.5256085222319704,0,0
72.32728403086773,276.5725757314533,41.279376340133794,0.524755914928781,0.001081600165713935,0.013941263014971365,0.5041117546716418,0,0,-0.02064416025713922,-0.001081600165713935,-0.013941263014971365,-0.523635972927982,-0.5256085222319704,0,0
72.32728403086773,346.8640580657511,35.82448132093792,0.524755914928781,0.001081600165713935,0.013941263014971365,0.5041117546716418,0,0,-0.02064416025713922,-0.001081600165713935,-0.013941263014971365,-0.523635972927982,-0.5256085222319704,0,0
72.59760196071355,360.20900612823414,34.93053395250103,0.524755914928781,0.001081600165713935,0.013941263014971365,0.5041117546716418,0,0,-0.02064416025713922,-0.001081600165713935,-0.013941263014971365,-0.523635972927982,-0.5256085222319704,0,0
73.9772983740448,209.13650375320472,35.41390242737805,0.524755914928781,0.001081600165713935,0.013941263014971365,0.5041117546716418,0,0,-0.02064416025713922,-0.001081600165713935,-0.013941263014971365,-0.523635972927982,-0.5256085222319704,0,0
60.603559569501805,399.01729906632625,41.176340005486864,0.524755914928781,0.001081600165713935,0.013941263014971365,0.5041117546716418,0,0,-0.02064416025713922,-0.001081600165713935,-0.013941263014971365,-0.523635972927982,-0.5256085222319704,0,0
72.32728403086773,399.01729906632625,40.46635602354186,0.524755914928781,0.001081600165713935,0.013941263014971365,0.5041117546716418,0,0,-0.02064416025713922,-0.001081600165713935,-0.013941263014971365,-0.523635972927982,-0.5256085222319704,0,0
72.05879380612686,624.3377665398167,37.99065036400073,0.524755914928781,0.001081600165713935,0.013941263014971365,0.5041117546716418,0,0,-0.02064416025713922,-0.001081600165713935,-0.013941263014971365,-0.523635972927982,-0.5256085222319704,0,0
72.05879380612686,284.7075611688845,34.535278547288506,0.524755914928781,0.001081600165713935,0.013941263014971365,0.5041117546716418,0,0,-0.02064416025713922,-0.001081600165713935,-0.013941263014971365,-0.523635972927982,-0.5256085222319704,0,0
72.59760196071355,211.34777997197892,33.68895942661416,0.524755914928781,0.001081600165713935,0.013941263014971365,0.5041117546716418,0,0,-0.02064416025713922,-0.001081600165713935,-0.013941263014971365,-0.523635972927982,-0.5256085222319704,0,0
72.05879380612686,353.40072554933454,43.9954973922686,0.524755914928781,0.001081600165713935,0.013941263014971365,0.5041117546716418,0,0,-0.02064416025713922,-0.001081600165713935,-0.013941263014971365,-0.523635972927982,-0.5256085222319704,0,0
72.32728403086773,284.7075611688845,33.46350991438838,0.524755914928781,0.001081600165713935,0.013941263014971365,0.5041117546716418,0,0,-0.02064416025713922,-0.001081600165713935,-0.013941263014971365,-0.523635972927982,-0.5256085222319704,0,0
59.255959637469736,236.49825525583836,49.264827372609226,0.524755914928781,0.001081600165713935,0.013941263014971365,0.5041117546716418,0,0,-0.02064416025713922,-0.001081600165713935,-0.013941263014971365,-0.523635972927982,-0.5256085222319704,0,0
72.32728403086773,448.2028325964311,33.840516440659265,0.524755914928781,0.001081600165713935,0.013941263014971365,0.5041117546716418,0,0,-0.02064416025713922,-0.001081600165713935,-0.013941263014971365,-0.523635972927982,-0.5256085222319704,0,0
68.72637072202204,211.34777997197892,36.66766191762644,0.524755914928781,0.001081600165713935,0.013941263014971365,0.5041117546716418,0,0,-0.02064416025713922,-0.001081600165713935,-0.013941263014971365,-0.523635972927982,-0.5256085222319704,0,0
74.25900132173959,239.3652489782259,36.753643113630005,0.524755914928781,0.001081600165713935,0.013941263014971365,0.5041117546716418,0,0,-0.02064416025713922,-0.001081600165713935,-0.013941263014971365,-0.523635972927982,-0.5256085222319704,0,0
72.86976705815192,399.01729906632625,45.16350334108189,0.524755914928781,0.001081600165713935,0.013941263014971365,0.5041117546716418,0,0,-0.02064416025713922,-0.001081600165713935,-0.013941263014971365,-0.523635972927982,-0.5256085222319704,0,0
68.97275209823704,448.2028325964311,33.240292574490965,0.524755914928781,0.001081600165713935,0.013941263014971365,0.5041117546716418,0,0,-0.02064416025713922,-0.001081600165713935,-0.013941263014971365,-0.523635972927982,-0.5256085222319704,0,0
72.05879380612686,734.7683303247097,35.01040148158687,0.524755914928781,0.001081600165713935,0.013941263014971365,0.5041117546716418,0,0,-0.02064416025713922,-0.001081600165713935,-0.013941263014971365,-0.523635972927982,-0.5256085222319704,0,0
72.05879380612686,215.92040254306553,36.49662013940309,0.524755914928781,0.001081600165713935,0.013941263014971365,0.5041117546716418,0,0,-0.02064416025713922,-0.001081600165713935,-0.013941263014971365,-0.523635972927982,-0.5256085222319704,0,0
71.79211210149265,360.20900612823414,39.00837153363536,0.524755914928781,0.001081600165713935,0.013941263014971365,0.5041117546716418,0,0,-0.02064416025713922,-0.001081600165713935,-0.013941263014971365,-0.523635972927982,-0.5256085222319704,0,0
72.05879380612686,459.67991945810627,39.97098488311734,0.524755914928781,0.001081600165713935,0.013941263014971365,0.5041117546716418,0,0,-0.02064416025713922,-0.001081600165713935,-0.013941263014971365,-0.523635972927982,-0.5256085222319704,0,0
72.32728403086773,268.9169663380496,38.72664396960077,0.524755914928781,0.001081600165713935,0.013941263014971365,0.5041117546716418,0,0,-0.02064416025713922,-0.001081600165713935,-0.013941263014971365,-0.523635972927982,-0.5256085222319704,0,0
72.86976705815192,390.5444991736698,33.092704166817725,0.524755914928781,0.001081600165713935,0.013941263014971365,0.5041117546716418,0,0,-0.02064416025713922,-0.001081600165713935,-0.013941263014971365,-0.523635972927982,-0.5256085222319704,0,0
72.86976705815192,265.2554052777127,35.41390242737805,0.524755914928781,0.001081600165713935,0.013941263014971365,0.024755914928781042,0,0,-0.5,-0.001081600165713935,-0.013941263014971365,-0.523635972927982,-0.5256085222319704,0,0
72.32728403086773,353.40072554933454,40.46635602354186,0.5163351806207104,0.0009867765769729965,0.008579238778443788,0.024755914928781042,0,0,-0.49157926569192933,-0.0009867765769729965,-0.008579238778443788,-0.5155940411501834,-0.5168079176449455,0,0
69.7215507122142,261.6981137825328,769.566351540633,0.4799202259500579,0.0006743563206517403,0.008579238778443788,0.024755914928781042,0,0,-0.45516431102127686,-0.0006743563206517403,-0.008579238778443788,-0.4791777463073217,-0.4803916228020838,0,0
58.880520330140875,280.5772654118684,47.14070323672423,0.44282232555087203,0.000375970124782772,0.0075068339311382655,0.024755914928781042,0,0,-0.418066410622091,-0.000375970124782772,-0.0075068339311382655,-0.442154513217079,-0.44321665514999586,0,0
71.26409887021845,184.22292190812155,27.26606267467261,0.4058001356326324,9.804547269172989e-05,0.0075068339311382655,0.024755914928781042,0,0,-0.38104422070385136,-9.804547269172989e-05,-0.0075068339311382655,-0.4051312801268363,-0.4061934220597532,0,0
72.05879380612686,198.76603234393832,30.461639058159932,0.36862621542784263,-0.00018101821485870176,0.0075068339311382655,0.024755914928781042,0,0,-0.3438703004990616,0.00018101821485870176,-0.0075068339311382655,-0.36795631247474836,-0.36901845440766523,0,0
72.05879380612686,284.7075611688845,20.852837358537094,0.331604025509603,-0.00045894286694974387,0.0075068339311382655,0.024755914928781042,0,0,-0.30684811058082195,0.00045894286694974387,-0.0075068339311382655,-0.33093307938450567,-0.33199522131742254,0,0
72.32728403086773,191.20821604693444,21.534920213973493,0.29458183559136336,-0.000736867519040786,0.0075068339311382655,0.024755914928781042,0,0,-0.2698259206625823,0.000736867519040786,-0.0075068339311382655,-0.293909846294263,-0.29497198822717985,0,0
80.66556470717478,239.3652489782259,22.330509274381335,0.2575596456731237,-0.0010147921711318281,0.0075068339311382655,0.024755914928781042,0,0,-0.23280373074434269,0.0010147921711318281,-0.0075068339311382655,-0.2568866132040203,-0.25794875513693716,0,0
83.73432085224402,196.81893899271049,21.865492873548824,0.2278205095092919,-0.0012380431211721735,0.0075068339311382655,0.024755914928781042,0,0,-0.20306459458051085,0.0012380431211721735,-0.0075068339311382655,-0.22714663908234992,-0.2282087810152668,0,0
85.53518482670935,346.8640580657511,28.120842178481034,0.19079831959105228,-0.0015159677732632156,0.0075068339311382655,0.024755914928781042,0,0,-0.16604240466227124,0.0015159677732632156,-0.0075068339311382655,-0.1901234059921072,-0.19118554792502407,0,0
92.2427776670329,261.6981137825328,28.592015692053423,0.15377612967281268,-0.0017938924253542577,0.0075068339311382655,0.024755914928781042,0,0,-0.12902021474403164,0.0017938924253542577,-0.0075068339311382655,-0.15310017290186448,-0.15416231483478135,0,0
74.828338960275,204.85569342211394,32.08611619752381,0.11675393975457307,-0.0020718170774453,0.0075068339311382655,0.024755914928781042,0,0,-0.09199802482579203,0.0020718170774453,-0.0075068339311382655,-0.11607693981162176,-0.11713908174453863,0,0
95.7560002023429,900.238757316699,47.397845831374006,0.08177997295378471,-0.0023156116610169373,0.006434429083832743,0.024755914928781042,0,0,-0.05702405802500367,0.0023156116610169373,-0.006434429083832743,-0.08117799058721265,-0.08208839795828426,0,0
94.8539958627646,427.0195773074906,27.26606267467261,0.0556817633813429,-0.002399575490059922,-2.949029909160572e-16,0.024755914928781042,0,0,-0.030925848452561855,0.002399575490059922,2.949029909160572e-16,-0.0555348496353642,-0.055534849635364286,0,0
93.09781934285294,427.0195773074906,52.766140948375714,0.037094495992709434,-0.0023098759533287986,-0.009651643625749901,0.024755914928781042,0,0,-0.012338581063928392,0.0023098759533287986,0.009651643625749901,-0.03763017133762388,-0.03626456028101664,0,0
99.04654639912101,220.70517709223105,59.255959637469736,0.0248048516236127,-0.0021648950121382123,-0.013941263014971955,0.024755914928781042,0,0,-4.893669483165691e-05,0.0021648950121382123,0.013941263014971955,-0.025643140951848574,-0.02367059164786031,0,0
104.68049512451793,141.82331249922515,78.73363637499943,0.016687781920556522,-0.0020560786829263824,-0.012868858167666431,0.024755914928781042,0,0,0.00806813300822452,0.0020560786829263824,0.012868858167666431,-0.017449474612204696,-0.015628659870061685,0,0
95.7560002023429,288.9697116820819,120.13062066766372,0.013122340088372968,-0.002008280856076326,-0.013941263014971944,0.024755914928781042,0,0,0.011633574840408074,0.002008280856076326,0.013941263014971944,-0.013959579689763784,-0.011987030385775517,0,0
84.44606393366254,144.84210166738234,198.76603234393832,0.013198200552887512,-0.002009297831115689,-0.012868858167666431,0.024755914928781042,0,0,0.01155771437589353,0.002009297831115689,0.012868858167666431,-0.013959579689763784,-0.012138764947620773,0,0
89.76495072901147,137.0639518589543,105.77203060255431,0.013198200552887512,-0.002009297831115689,-0.012868858167666431,0.024755914928781042,0,0,0.01155771437589353,0.002009297831115689,0.012868858167666431,-0.013959579689763784,-0.012138764947620773,0,0
94.8539958627646,151.28683687310368,126.84939257625024,0.013198200552887512,-0.002009297831115689,-0.012868858167666431,0.024755914928781042,0,0,0.01155771437589353,0.002009297831115689,0.012868858167666431,-0.013959579689763784,-0.012138764947620773,0,0
101.02616679983112,143.82153882231913,126.06628950603962,0.013198200552887512,-0.002009297831115689,-0.012868858167666431,0.024755914928781042,0,0,0.01155771437589353,0.002009297831115689,0.012868858167666431,-0.013959579689763784,-0.012138764947620773,0,0
92.2427776670329,167.46934895889862,160.8439044330725,0.013198200552887512,-0.002009297831115689,-0.012868858167666431,0.024755914928781042,0,0,0.01155771437589353,0.002009297831115689,0.012868858167666431,-0.013959579689763784,-0.012138764947620773,0,0
94.8539958627646,139.88023555455067,154.7323071690459,0.013198200552887512,-0.002009297831115689,-0.012868858167666431,0.024755914928781042,0,0,0.01155771437589353,0.002009297831115689,0.012868858167666431,-0.013959579689763784,-0.012138764947620773,0,0
