FDist,LDist,RDist,XEst,YEst,ThetaEst,XDes,YDes,ThetaDes,XError,YError,ThetaError,SL,SR,RW,LW
1180.1265773010464,76.88563626605912,136.15031850713706,0.0,0.0,0.0,0,0,0,0.0,0.0,0.0,0.0,0.0,0,0
1284.2268420173286,77.79950406996568,140.84502956740286,0.0,0.0,0.0,0,0,0,0.0,0.0,0.0,0.0,0.0,0,0
1284.2268420173286,75.69750294678715,137.0639518589543,0.0,0.0,0.0,0,0,0,0.0,0.0,0.0,0.0,0.0,0,0
1411.3480414449798,75.40573089722304,140.84502956740286,0.0,0.0,0.0,0,0,0,0.0,0.0,0.0,0.0,0.0,0,0
602.1580731583105,73.41971802386729,118.0448484665879,0.0,0.0,0.0,0,0,0,0.0,0.0,0.0,0.0,0.0,0,0
1284.2268420173286,75.40573089722304,134.3591943699604,0.0,0.0,0.0,0,0,0,0.0,0.0,0.0,0.0,0.0,0,0
1284.2268420173286,76.28731360165042,137.0639518589543,0.0,0.0,0.0,0,0,0,0.0,0.0,0.0,0.0,0.0,0,0
1284.2268420173286,78.10859556029456,142.81538054950164,0.0,0.0,0.0,0,0,0,0.0,0.0,0.0,0.0,0.0,0,0
1284.2268420173286,47.787928988589464,140.84502956740286,0.0,0.0,0.0,0,0,0,0.0,0.0,0.0,0.0,0.0,0,0
1284.2268420173286,26.60780897647566,140.84502956740286,0.0,0.0,0.0,0,0,0,0.0,0.0,0.0,0.0,0.0,0,0
1284.2268420173286,48.44999661828506,135.24881572421333,0.0,0.0,0.0,0,0,0,0.0,0.0,0.0,0.0,0.0,0,0
1284.2268420173286,45.283073634897775,132.61463364415852,0.0,0.0,0.0,0,0,0,0.0,0.0,0.0,0.0,0.0,0,0
1284.2268420173286,51.11102239631034,135.24881572421333,0.0,0.0,0.0,0,0,0,0.0,0.0,0.0,0.0,0.0,0,0
1284.2268420173286,51.852303182374264,140.84502956740286,0.0,0.0,0.0,0,0,0,0.0,0.0,0.0,0.0,0.0,0,0
1284.2268420173286,49.40285364503735,130.08105893503551,0.0,0.0,0.0,0,0,0,0.0,0.0,0.0,0.0,0.0,0,0
1284.2268420173286,48.05094550934816,117.36537105675751,0.0,0.0,0.0,0,0,0,0.0,0.0,0.0,0.0,0.0,0,0
1180.1265773010464,55.34207932623348,118.0448484665879,0.0,0.0,0.0,0,0,0,0.0,0.0,0.0,0.0,0.0,0,0
194.9110753588243,27.660416147404213,103.61058678886198,0.0,0.0,0.0,0,0,0,0.0,0.0,0.0,0.0,0.0,0,0
239.3652489782259,31.945994776763527,99.04654639912101,0.0,0.0,0.0,0,0,0,0.0,0.0,0.0,0.0,0.0,0,0
624.3377665398167,28.592015692053423,95.7560002023429,0.0,0.0,0.0,0,0,0,0.0,0.0,0.0,0.0,0.0,0,0
1180.1265773010464,27.099424286132248,110.36868736531008,0.0,0.0,0.0,0,0,0,0.0,0.0,0.0,0.0,0.0,0,0
1411.3480414449798,26.500217937724948,102.56164513946942,0.0,0.0,0.0,0,0,0,0.0,0.0,0.0,0.0,0.0,0,0
624.3377665398167,28.237612839164704,109.77294326259755,0.0,0.0,0.0,0,0,0,0.0,0.0,0.0,0.0,0.0,0,0
1180.1265773010464,44.34070465302382,103.61058678886198,0.0,0.0,0.0,0,0,0,0.0,0.0,0.0,0.0,0.0,0,0
1284.2268420173286,46.88585314489331,103.08353533160607,0.0,0.0,0.0,0,0,0,0.0,0.0,0.0,0.0,0.0,0,0
1284.2268420173286,50.819497486764014,105.22351709380416,0.0,0.0,0.0,0,0,0,0.0,0.0,0.0,0.0,0.0,0,0
1284.2268420173286,42.22546365252094,105.22351709380416,0.0,0.0,0.0,0,0,0,0.0,0.0,0.0,0.0,0.0,0,0
1284.2268420173286,30.202480579810853,109.18344276436585,0.0,0.0,0.0,0,0,0,0.0,0.0,0.0,0.0,0.0,0,0
602.1580731583105,28.004743143301148,98.08447665807216,0.0,0.0,0.0,0,0,0,0.0,0.0,0.0,0.0,0.0,0,0
1284.2268420173286,80.99613175561399,105.77203060255431,0.0,0.0,0.0,0,0,0,0.0,0.0,0.0,0.0,0.0,0,0
1019.267059271828,88.18202887947652,105.22351709380416,0.0,0.0,0.0,0,0,0,0.0,0.0,0.0,0.0,0.0,0,0
1284.2268420173286,82.00312876373096,105.77203060255431,0.0,0.0,0.0,0,0,0,0.0,0.0,0.0,0.0,0.0,0,0
206.97300472647143,77.79950406996568,92.2427776670329,0.0,0.0,0.0,0,0,0,0.0,0.0,0.0,0.0,0.0,0,0
624.3377665398167,81.32922784467303,98.56325615049124,0.0,0.0,0.0,0,0,0,0.0,0.0,0.0,0.0,0.0,0,0
1284.2268420173286,27.6035995904869,105.22351709380416,0.0,0.0,0.0,0,0,0,0.0,0.0,0.0,0.0,0.0,0,0
581.6409617069837,27.546944329386996,92.2427776670329,0.0,0.0,0.0,0,0,0,0.0,0.0,0.0,0.0,0.0,0,0
1284.2268420173286,37.63074993470196,105.77203060255431,0.0,0.0,0.0,0,0,0,0.0,0.0,0.0,0.0,0.0,0,0
1284.2268420173286,34.457033820303465,102.04483787812359,0.0,0.0,0.0,0,0,0,0.0,0.0,0.0,0.0,0.0,0,0
1284.2268420173286,35.65938806674725,100.02692680886574,0.0,0.0,0.0,0,0,0,0.0,0.0,0.0,0.0,0.0,0,0
1284.2268420173286,31.326358860372608,97.6101426547749,0.0,0.0,0.0,0,0,0,0.0,0.0,0.0,0.0,0.0,0,0
1411.3480414449798,39.77550372711136,92.2427776670329,0.0,0.0,0.0,0,0,0,0.0,0.0,0.0,0.0,0.0,0,0
1284.2268420173286,39.77550372711136,96.67455639633857,0.0,0.0,0.0,0,0,0,0.0,0.0,0.0,0.0,0.0,0,0
562.6000187683081,35.7417900319635,90.57673222463723,0.0,0.0,0.0,0,0,0,0.0,0.0,0.0,0.0,0.0,0,0
1284.2268420173286,42.985502974536416,97.14019014961423,0.0,0.0,0.0,0,0,0,0.0,0.0,0.0,0.0,0.0,0,0
1284.2268420173286,84.44606393366254,93.96808322544976,0.0,0.0,0.0,0,0,0,0.0,0.0,0.0,0.0,0.0,0,0
1284.2268420173286,85.53518482670935,96.21317986298715,0.0,0.0,0.0,0,0,0,0.0,0.0,0.0,0.0,0.0,0,0
1284.2268420173286,85.16922919230018,97.14019014961423,0.0,0.0,0.0,0,0,0,0.0,0.0,0.0,0.0,0.0,0,0
1284.2268420173286,77.79950406996568,96.21317986298715,0.0,0.0,0.0,0,0,0,0.0,0.0,0.0,0.0,0.0,0,0
1284.2268420173286,85.16922919230018,96.67455639633857,0.0,0.0,0.0,0,0,0,0.0,0.0,0.0,0.0,0.0,0,0
1284.2268420173286,85.90410486184942,96.67455639633857,0.0,0.0,0.0,0,0,0,0.0,0.0,0.0,0.0,0.0,0,0
1284.2268420173286,84.8062010048873,96.67455639633857,0.0,0.0,0.0,0,0,0,0.0,0.0,0.0,0.0,0.0,0,0
602.1580731583105,80.66556470717478,90.57673222463723,0.0,0.0,0.0,0,0,0,0.0,0.0,0.0,0.0,0.0,0,0
1284.2268420173286,80.01189902085736,97.14019014961423,0.0,0.0,0.0,0,0,0,0.0,0.0,0.0,0.0,0.0,0,0
674.6059938250444,85.16922919230018,97.14019014961423,0.0,0.0,0.0,0,0,0,0.0,0.0,0.0,0.0,0.0,0,0
1284.2268420173286,85.90410486184942,96.21317986298715,0.0,0.0,0.0,0,0,0,0.0,0.0,0.0,0.0,0.0,0,0
1284.2268420173286,84.8062010048873,96.21317986298715,0.0,0.0,0.0,0,0,0,0.0,0.0,0.0,0.0,0.0,0,0
602.1580731583105,80.66556470717478,90.98786202822609,0.0,0.0,0.0,0,0,0,0.0,0.0,0.0,0.0,0.0,0,0
1284.2268420173286,80.66556470717478,96.21317986298715,0.0,0.0,0.0,0,0,0,0.0,0.0,0.0,0.0,0.0,0,0
1284.2268420173286,85.53518482670935,96.67455639633857,0.0,0.0,0.0,0,0,0,0.0,0.0,0.0,0.0,0.0,0,0
1284.2268420173286,85.53518482670935,97.14019014961423,0.0,0.0,0.0,0,0,0,0.0,0.0,0.0,0.0,0.0,0,0
417.22151175368833,84.8062010048873,94.40905615911757,0.0,0.0,0.0,0,0,0,0.0,0.0,0.0,0.0,0.0,0,0
1411.3480414449798,84.8062010048873,97.14019014961423,0.0,0.0,0.0,0,0,0,0.0,0.0,0.0,0.0,0.0,0,0
239.3652489782259,80.33749690282312,90.98786202822609,0.0,0.0,0.0,0,0,0,0.0,0.0,0.0,0.0,0.0,0,0
1284.2268420173286,85.53518482670935,97.6101426547749,0.0,0.0,0.0,0,0,0,0.0,0.0,0.0,0.0,0.0,0,0
1284.2268420173286,88.18202887947652,97.14019014961423,0.0,0.0,0.0,0,0,0,0.0,0.0,0.0,0.0,0.0,0,0
1284.2268420173286,80.33749690282312,96.21317986298715,0.0,0.0,0.0,0,0,0,0.0,0.0,0.0,0.0,0.0,0,0
206.97300472647143,74.828338960275,85.53518482670935,0.0,0.0,0.0,0,0,0,0.0,0.0,0.0,0.0,0.0,0,0
1284.2268420173286,84.8062010048873,96.67455639633857,0.0,0.0,0.0,0,0,0,0.0,0.0,0.0,0.0,0.0,0,0
1284.2268420173286,80.99613175561399,93.96808322544976,0.0,0.0,0.0,0,0,0,0.0,0.0,0.0,0.0,0.0,0,0
1284.2268420173286,85.53518482670935,96.67455639633857,0.0,0.0,0.0,0,0,0,0.0,0.0,0.0,0.0,0.0,0,0
1093.1463157010076,84.8062010048873,96.67455639633857,0.0,0.0,0.0,0,0,0,0.0,0.0,0.0,0.0,0.0,0,0
1180.1265773010464,84.8062010048873,94.8539958627646,0.0,0.0,0.0,0,0,0,0.0,0.0,0.0,0.0,0.0,0,0
239.3652489782259,80.66556470717478,91.40254728973653,0.0,0.0,0.0,0,0,0,0.0,0.0,0.0,0.0,0.0,0,0
1284.2268420173286,85.16922919230018,93.96808322544976,0.0,0.0,0.0,0,0,0,0.0,0.0,0.0,0.0,0.0,0,0
1284.2268420173286,85.16922919230018,96.67455639633857,0.0,0.0,0.0,0,0,0,0.0,0.0,0.0,0.0,0.0,0,0
1411.3480414449798,84.8062010048873,93.53102222430564,0.0,0.0,0.0,0,0,0,0.0,0.0,0.0,0.0,0.0,0,0
624.3377665398167,80.33749690282312,84.8062010048873,0.0,0.0,0.0,3.5,0,0,3.5,0.0,0.0,0.0,0.0,0,0
624.3377665398167,80.99613175561399,84.8062010048873,0.002655354450567438,-1.4238076285058125e-06,-0.0010724048473055104,3.5,0,0,3.4973446455494326,1.4238076285058125e-06,0.0010724048473055104,-0.002731222113214626,-0.0025794875513693695,0,0
1284.2268420173286,85.90410486184942,112.81620876492863,0.029436192769700546,0.00012781674937592185,0.01072404847305514,3.5,0,0,3.4705638072302993,-0.00012781674937592185,-0.01072404847305514,-0.02867783218875358,-0.03019517780720615,0,0
1284.2268420173286,82.00312876373096,185.91929651913173,0.05333017787047602,0.0005762898471346301,0.026810121182637835,3.5,0,0,3.446669822129524,-0.0005762898471346301,-0.026810121182637835,-0.051438016465542136,-0.05523138051167356,0,0
1284.2268420173286,107.45140018288424,200.75362703878065,0.08290601508401459,0.0014328955719970127,0.031099740571859876,3.5,0,0,3.4170939849159856,-0.0014328955719970127,-0.031099740571859876,-0.08072278690167674,-0.0851230891951892,0,0
1284.2268420173286,196.81893899271049,189.41093412341306,0.10686766978656162,0.0022040594935515217,0.0332445502664709,3.5,0,0,3.3931323302134384,-0.0022040594935515217,-0.0332445502664709,-0.1045451131113821,-0.10924888452858506,0,0
1284.2268420173286,198.76603234393832,180.92431015592842,0.1307522289904895,0.0030112049262700706,0.03431695511377642,3.5,0,0,3.3692477710095106,-0.0030112049262700706,-0.03431695511377642,-0.12836743932108743,-0.13322294530013568,0,0
1284.2268420173286,248.42442609070224,166.09994149545804,0.16062633836495877,0.004036796025300396,0.03431695511377642,3.5,0,0,3.339373661635041,-0.004036796025300396,-0.03431695511377642,-0.15825914800460306,-0.1631146539836513,0,0
1284.2268420173286,209.13650375320472,185.91929651913173,0.1846616606600916,0.0048748422640187946,0.03538935996108192,3.5,0,0,3.3153383393399083,-0.0048748422640187946,-0.03538935996108192,-0.18223320877615368,-0.18724044931704717,0,0
1284.2268420173286,209.13650375320472,200.75362703878065,0.2146087284122023,0.005983328725311284,0.03860657450299846,3.5,0,0,3.2853912715877978,-0.005983328725311284,-0.03860657450299846,-0.21197318289782405,-0.21743562712425332,0,0
1284.2268420173286,206.97300472647143,223.1819809443389,0.23878976609536434,0.006982273099537941,0.04396859873952602,3.5,0,0,3.261210233904636,-0.006982273099537941,-0.04396859873952602,-0.2357955091075294,-0.24201662614318495,0,0
1284.2268420173286,239.3652489782259,225.71785045590883,0.2627439230561742,0.007958978876569333,0.03753416965569294,3.5,0,0,3.237256076943826,-0.007958978876569333,-0.03753416965569294,-0.26022477356461576,-0.2655354832291998,0,0
1284.2268420173286,112.19442975602797,213.60849807698625,0.29216715847293917,0.008842745873985947,0.02252050179341574,3.5,0,0,3.2078328415270607,-0.008842745873985947,-0.02252050179341574,-0.2907234204955124,-0.29390984629426287,0,0
1411.3480414449798,68.97275209823704,367.3069052663625,0.32228230811181835,0.009343374285693106,0.01072404847305509,3.5,0,0,3.1777176918881818,-0.009343374285693106,-0.01072404847305509,-0.32167727111194483,-0.32319461673039745,0,0
1180.1265773010464,65.21205562750623,154.7323071690459,0.35209763088310275,0.009519233856680067,0.0010724048473054592,3.5,0,0,3.1479023691168972,-0.009519233856680067,-0.0010724048473054592,-0.3521759180428415,-0.3523276526046868,0,0
1284.2268420173286,62.624502623767405,94.40905615911757,0.3817616311136955,0.009439704122036945,-0.006434429083833126,3.5,0,0,3.1182383688863045,-0.009439704122036945,0.006434429083833126,-0.38237109585004764,-0.38146068847897613,0,0
1093.1463157010076,56.71216714571853,91.40254728973653,0.40535578225262214,0.009275235324876894,-0.007506833931138649,3.5,0,0,3.094644217747378,-0.009275235324876894,0.007506833931138649,-0.40604168749790776,-0.40497954556499094,0,0
1284.2268420173286,56.0199058821893,121.56203207857888,0.4348678108819218,0.009132814427781362,-0.002144809694611085,3.5,0,0,3.0651321891180783,-0.009132814427781362,0.002144809694611085,-0.4351747233721971,-0.4348712542485066,0,0
624.3377665398167,57.95982861765,179.3202830877122,0.4649870824395884,0.009181264548795122,0.005362024236527501,3.5,0,0,3.0350129175604117,-0.009181264548795122,-0.005362024236527501,-0.46476296293202224,-0.4655216357412485,0,0
769.566351540633,67.28076465107131,448.2028325964311,0.49495341339070004,0.00945442844250926,0.01286885816766611,3.5,0,0,3.0050465866093,-0.00945442844250926,-0.01286885816766611,-0.4941994679300021,-0.49602028267214515,0,0
1284.2268420173286,75.99135610686974,323.12240163650586,0.5249939370793426,0.009873258419144276,0.015013667862277131,3.5,0,0,2.9750060629206576,-0.009873258419144276,-0.015013667862277131,-0.5240911766135177,-0.5262154604793513,0,0
1284.2268420173286,104.68049512451793,265.2554052777127,0.549040100193377,0.010298791992895785,0.020375692098804694,3.5,0,0,2.950959899806623,-0.010298791992895785,-0.020375692098804694,-0.5477617682613778,-0.5506447249364377,0,0
1411.3480414449798,126.06628950603962,230.97580043058096,0.578849422490511,0.010922252280460797,0.021448096946110218,3.5,0,0,2.921150577509489,-0.010922252280460797,-0.021448096946110218,-0.5775017423830482,-0.5805364336199533,0,0
239.3652489782259,149.07502982648927,174.67928447558052,0.6085811199859346,0.011623839622313005,0.025737716335332284,3.5,0,0,2.8914188800140654,-0.011623839622313005,-0.025737716335332284,-0.6069382473810281,-0.6105798768653142,0,0
1284.2268420173286,390.5444991736698,211.34777997197892,0.6383858136209148,0.012439091650548833,0.028954930877248826,3.5,0,0,2.861614186379085,-0.012439091650548833,-0.028954930877248826,-0.6365264869408532,-0.6406233201106751,0,0
1093.1463157010076,225.71785045590883,228.31501027837746,0.6682630679308957,0.01336856618860237,0.03324455026647087,3.5,0,0,2.8317369320691044,-0.01336856618860237,-0.03324455026647087,-0.6661147265006784,-0.6708184979178813,0,0
1411.3480414449798,198.76603234393832,200.75362703878065,0.6922238818550988,0.014165426256444624,0.03324455026647087,3.5,0,0,2.8077761181449015,-0.014165426256444624,-0.03324455026647087,-0.690088787272229,-0.6947925586894319,0,0
624.3377665398167,171.72011046907937,149.07502982648927,0.7217183309806718,0.015193817382190545,0.03646176480838739,3.5,0,0,2.778281669019328,-0.015193817382190545,-0.03646176480838739,-0.7193735577083636,-0.7245325328111023,0,0
1284.2268420173286,196.81893899271049,228.31501027837746,0.7513621372871916,0.016291078664128173,0.03753416965569289,3.5,0,0,2.7486378627128083,-0.016291078664128173,-0.03753416965569289,-0.7489617972681888,-0.7542725069327727,0,0
239.3652489782259,157.11931592309642,185.91929651913173,0.7810823445415924,0.017375210350357873,0.03538935996108187,3.5,0,0,2.718917655458408,-0.017375210350357873,-0.03538935996108187,-0.7788535059517044,-0.7838607464925978,0,0
1284.2268420173286,159.58252707905322,251.60762066022812,0.8104328487414161,0.01814654060933609,0.01715847755688818,3.5,0,0,2.6895671512585837,-0.01814654060933609,-0.01715847755688818,-0.8095038874444463,-0.8119316404339704,0,0
1284.2268420173286,63.89502910136053,484.6780696502813,0.8340260772982628,0.018412217511123773,0.005362024236527528,3.5,0,0,2.6659739227017374,-0.018412217511123773,-0.005362024236527528,-0.8339331519015327,-0.8346918247107589,0,0
1284.2268420173286,57.95982861765,136.15031850713706,0.8639935455619051,0.01833187417305719,-0.010724048473055166,3.5,0,0,2.636006454438095,-0.01833187417305719,0.010724048473055166,-0.8650387370798104,-0.8635213914613578,0,0
1284.2268420173286,57.2411266723497,134.3591943699604,0.8941109466457255,0.01799273034665941,-0.011796453320360663,3.5,0,0,2.6058890533542742,-0.01799273034665941,0.011796453320360663,-0.8952339148870165,-0.8935648347067187,0,0
1284.2268420173286,64.98920973082122,168.8620920208621,0.9234700606732661,0.017693613864075065,-0.00857923877844412,3.5,0,0,2.576529939326734,-0.017693613864075065,0.00857923877844412,-0.9243669507613059,-0.9231530742665438,0,0
417.22151175368833,69.47032576649053,82.68751571021457,0.9532846633663974,0.01742183307868353,-0.009651643625749643,3.5,0,0,2.5467153366336026,-0.01742183307868353,0.009651643625749643,-0.9542586594448216,-0.9528930483882142,0,0
1284.2268420173286,83.03372126641216,116.02925942608664,0.9837821879030688,0.017160181114014468,-0.007506833931138622,3.5,0,0,2.516217812096931,-0.017160181114014468,0.007506833931138622,-0.984605571813873,-0.9835434298809561,0,0
1284.2268420173286,83.38264517783642,110.36868736531008,1.0143559593146039,0.016947059167855303,-0.006434429083833124,3.5,0,0,2.485644040685396,-0.016947059167855303,0.006434429083833124,-1.0151042187447696,-1.0141938113736981,0,0
498.3296704628293,78.419964244608,102.56164513946942,1.045157437738671,0.016748866504068073,-0.006434429083833124,3.5,0,0,2.4548425622613292,-0.016748866504068073,0.006434429083833124,-1.045906334799357,-1.0449959274282854,0,0
1284.2268420173286,82.68751571021457,105.22351709380416,1.0758829400256977,0.016534686880756752,-0.007506833931138646,3.5,0,0,2.4241170599743023,-0.016534686880756752,0.007506833931138646,-1.0767084508539442,-1.0756463089210273,0,0
239.3652489782259,83.03372126641216,98.08447665807216,1.1064574498422313,0.016518292752919956,0.0064344290838330015,3.5,0,0,2.3935425501577687,-0.016518292752919956,-0.0064344290838330015,-1.1062966904137692,-1.1072070977848407,0,0
1284.2268420173286,85.53518482670935,114.0802412881919,1.1370282676932164,0.01699370332350414,0.024665311488026715,3.5,0,0,2.3629717323067836,-0.01699370332350414,-0.024665311488026715,-1.1355814608499037,-1.1390713557723446,0,0
1284.2268420173286,84.8062010048873,111.57932338755117,1.1669065015958076,0.017891136820880803,0.03538935996108184,3.5,0,0,2.3330934984041924,-0.017891136820880803,-0.03538935996108184,-1.1647144967241931,-1.1697217372650865,0,0
1093.1463157010076,85.53518482670935,109.18344276436585,1.1968547408736014,0.018967507270300506,0.036461764808387365,3.5,0,0,2.3031452591263983,-0.018967507270300506,-0.036461764808387365,-1.1946062054077087,-1.1997651805104474,0,0
1284.2268420173286,85.16922919230018,112.19442975602797,1.2265749481280022,0.020051638956530206,0.036461764808387365,3.5,0,0,2.273425051871998,-0.020051638956530206,-0.036461764808387365,-1.224346179529379,-1.2295051546321178,0,0
1284.2268420173286,83.38264517783642,112.81620876492863,1.256523187405796,0.02112800940594991,0.03538935996108184,3.5,0,0,2.2434768125942037,-0.02112800940594991,-0.03538935996108184,-1.25438962277474,-1.2593968633156334,0,0
1284.2268420173286,85.16922919230018,113.44477390085575,1.2866982957916417,0.022228734944519858,0.03753416965569286,3.5,0,0,2.2133017042083583,-0.022228734944519858,-0.03753416965569286,-1.2844330660201009,-1.2897437756846848,0,0
1284.2268420173286,82.34399565000513,109.18344276436585,1.3110330387359532,0.023181751132349313,0.0407513841976094,3.5,0,0,2.1889669612640468,-0.023181751132349313,-0.0407513841976094,-1.3085588613534966,-1.3143247747036164,0,0
1284.2268420173286,85.90410486184942,117.36537105675751,1.3415814970002613,0.024443740420165432,0.0418237890449149,3.5,0,0,2.158418502999739,-0.024443740420165432,-0.0418237890449149,-1.3390575082843934,-1.3449751561963583,0,0
1411.3480414449798,86.65098914560704,113.44477390085575,1.3656893152086116,0.025374923378581438,0.035389359961081834,3.5,0,0,2.134310684791388,-0.025374923378581438,-0.035389359961081834,-1.363638507303325,-1.3686457478442184,0,0
1180.1265773010464,83.73432085224402,111.57932338755117,1.3959481373062252,0.026235072198547576,0.021448096946110162,3.5,0,0,2.1040518626937748,-0.026235072198547576,-0.021448096946110162,-1.394895827043448,-1.397930518280353,0,0
1284.2268420173286,83.03372126641216,110.36868736531008,1.4262916294873855,0.026690673544851856,0.008579238778443988,3.5,0,0,2.0737083705126143,-0.026690673544851856,-0.008579238778443988,-1.4261531467835709,-1.4273670232783329,0,0
624.3377665398167,81.32922784467303,105.77203060255431,1.4564867899315788,0.026723054993690827,-0.006434429083833208,3.5,0,0,2.0435132100684212,-0.026723054993690827,0.006434429083833208,-1.4574104665236938,-1.4565000591526223,0,0
1284.2268420173286,81.32922784467303,109.77294326259755,1.4869076409003747,0.026380494101032107,-0.016086072709582837,3.5,0,0,2.013092359099625,-0.026380494101032107,0.016086072709582837,-1.4885160517019715,-1.4862400332742927,0,0
1284.2268420173286,81.6648832554738,106.32612268515561,1.51125722563099,0.02594959101846354,-0.01930328725149938,3.5,0,0,1.98874277436901,-0.02594959101846354,0.01930328725149938,-1.5130970507209032,-1.5103658286076884,0,0
437.33222201576723,77.18804967871625,93.96808322544976,1.5416752426932228,0.0254112977595539,-0.016086072709582837,3.5,0,0,1.9583247573067772,-0.0254112977595539,0.016086072709582837,-1.5432922285281092,-1.5410162101004303,0,0
1284.2268420173286,81.6648832554738,108.6000844939372,1.5720196422586477,0.025020778427480638,-0.009651643625749749,3.5,0,0,1.9279803577413523,-0.025020778427480638,0.009651643625749749,-1.5731839372116247,-1.5718183261550176,0,0
1284.2268420173286,83.03372126641216,106.32612268515561,1.6018339363486307,0.024717024480050018,-0.010724048473055272,3.5,0,0,1.8981660636513693,-0.024717024480050018,0.010724048473055272,-1.6030756458951403,-1.601558300276688,0,0
206.97300472647143,74.54267433246892,106.88588226030939,1.6321787372599807,0.02435904684748067,-0.012868858167666317,3.5,0,0,1.8678212627400193,-0.02435904684748067,0.012868858167666317,-1.633574292826037,-1.631753478083894,0,0
1284.2268420173286,83.73432085224402,108.6000844939372,1.6622200901622173,0.02400464899123702,-0.010724048473055296,3.5,0,0,1.8377799098377827,-0.02400464899123702,0.010724048473055296,-1.6634660015095526,-1.6619486558911,0,0
769.566351540633,83.38264517783642,109.77294326259755,1.6922631015145293,0.02384355609234772,-1.682681771697503e-16,3.5,0,0,1.8077368984854707,-0.02384355609234772,1.682681771697503e-16,-1.6927507719456871,-1.6927507719456873,0,0
624.3377665398167,76.88563626605912,105.77203060255431,1.722154380486274,0.02400383539073757,0.01072404847305496,3.5,0,0,1.777845619513726,-0.02400383539073757,-0.01072404847305496,-1.7218838078199765,-1.7234011534384293,0,0
1284.2268420173286,83.73432085224402,116.69355260679126,1.7521166792634368,0.024566206418085785,0.026810121182637654,3.5,0,0,1.7478833207365632,-0.024566206418085785,-0.026810121182637654,-1.7507133745705754,-1.754506738616707,0,0
239.3652489782259,80.99613175561399,104.68049512451793,1.7822188062601332,0.02558346589995646,0.040751384197609326,3.5,0,0,1.7177811937398668,-0.02558346589995646,-0.040751384197609326,-1.7798464104448648,-1.7856123237949848,0,0
1284.2268420173286,82.34399565000513,109.77294326259755,1.8118563029052375,0.026839661454291334,0.04396859873952587,3.5,0,0,1.6881436970947625,-0.026839661454291334,-0.04396859873952587,-1.8092829154428447,-1.8155040324785003,0,0
624.3377665398167,79.04963861634155,97.14019014961423,1.8420208575321622,0.028199222768860027,0.04611340843413689,3.5,0,0,1.6579791424678378,-0.028199222768860027,-0.04611340843413689,-1.8393263586882056,-1.8458509448475517,0,0
1284.2268420173286,83.03372126641216,112.81620876492863,1.8721074013874326,0.02960376732976909,0.04718581328144238,3.5,0,0,1.6278925986125674,-0.02960376732976909,-0.04718581328144238,-1.8693698019335665,-1.8760461226547578,0,0
1284.2268420173286,84.44606393366254,113.44477390085575,1.9021908635620592,0.03107283852154335,0.050403027823358926,3.5,0,0,1.5978091364379408,-0.03107283852154335,-0.050403027823358926,-1.899261510617082,-1.9063930350238092,0,0
1180.1265773010464,83.38264517783642,118.73212177360972,1.9326491129743701,0.03264207634703662,0.052547837517969945,3.5,0,0,1.5673508870256299,-0.03264207634703662,-0.052547837517969945,-1.9296084229861334,-1.937043416516551,0,0
1284.2268420173286,83.03372126641216,113.44477390085575,1.9631122533242702,0.03411331549747382,0.04396859873952584,3.5,0,0,1.5368877466757298,-0.03411331549747382,-0.04396859873952584,-1.9607140081644112,-1.9669351252000666,0,0
1284.2268420173286,83.73432085224402,113.44477390085575,1.9939652711479852,0.03535474452788389,0.03646176480838728,3.5,0,0,1.5060347288520148,-0.03535474452788389,-0.03646176480838728,-1.9921230624663795,-1.997282037569118,0,0
280.5772654118684,78.419964244608,108.6000844939372,2.024371778556028,0.03634964596797723,0.028954930877248673,3.5,0,0,1.475628221443972,-0.03634964596797723,-0.028954930877248673,-2.023076913082812,-2.027173746252634,0,0
417.22151175368833,72.32728403086773,90.98786202822609,2.054938166244517,0.03705453104068467,0.017158477556888048,3.5,0,0,1.4450618337554828,-0.03705453104068467,-0.017158477556888048,-2.0544859673847804,-2.056913720374304,0,0
1411.3480414449798,80.66556470717478,113.44477390085575,2.0849034632876315,0.03742410147010511,0.007506833931138442,3.5,0,0,1.4150965367123685,-0.03742410147010511,-0.007506833931138442,-2.0851363488775223,-2.0861984908104385,0,0
1284.2268420173286,80.66556470717478,112.81620876492863,2.114719300404003,0.03744008879576233,-0.0064344290838332305,3.5,0,0,1.385280699595997,-0.03744008879576233,0.0064344290838332305,-2.1159384649321096,-2.1150280575610374,0,0
1411.3480414449798,80.01189902085736,114.0802412881919,2.1447613443233955,0.0371501246902135,-0.012868858167666319,3.5,0,0,1.3552386556766045,-0.0371501246902135,0.012868858167666319,-2.146437111863006,-2.1446162971208627,0,0
1284.2268420173286,79.6887422048836,109.77294326259755,2.1744235705797528,0.03681610646320711,-0.009651643625749775,3.5,0,0,1.3255764294202472,-0.03681610646320711,0.009651643625749775,-2.175873616860986,-2.174508005804378,0,0
1284.2268420173286,79.6887422048836,112.19442975602797,2.2046176371608355,0.036557058000674054,-0.007506833931138754,3.5,0,0,1.2953823628391645,-0.036557058000674054,0.007506833931138754,-2.205917060106347,-2.20485491817343,0,0
1019.267059271828,81.6648832554738,114.0802412881919,2.234963921322478,0.03636179429250929,-0.005362024236527709,3.5,0,0,1.265036078677522,-0.03636179429250929,0.005362024236527709,-2.236112237913553,-2.2353535651043264,0,0
1284.2268420173286,81.32922784467303,112.19442975602797,2.2649311483368053,0.03621717667206524,-0.004289619389222186,3.5,0,0,1.2350688516631947,-0.03621717667206524,0.004289619389222186,-2.2660039465970687,-2.2653970083496873,0,0
1284.2268420173286,80.66556470717478,112.81620876492863,2.295202154260002,0.0361684824698373,0.0010724048473053777,3.5,0,0,1.2047978457399982,-0.0361684824698373,-0.0010724048473053777,-2.2958956552805843,-2.296047389842429,0,0
484.6780696502813,80.99613175561399,113.44477390085575,2.325245321093573,0.03629735701126756,0.007506833931138465,3.5,0,0,1.1747546789064272,-0.03629735701126756,-0.007506833931138465,-2.3254838948404095,-2.3265460367733257,0,0
1284.2268420173286,80.99613175561399,116.69355260679126,2.3553630685585176,0.036604202601929016,0.012868858167666055,3.5,0,0,1.1446369314414824,-0.036604202601929016,-0.012868858167666055,-2.3552238689620797,-2.3570446837042223,0,0
624.3377665398167,76.28731360165042,104.1428794944386,2.3856313938998204,0.0370099756426348,0.013941263014971578,3.5,0,0,1.1143686061001796,-0.0370099756426348,-0.013941263014971578,-2.385419046769286,-2.3873915960732734,0,0
1284.2268420173286,75.40573089722304,117.36537105675751,2.4160499707390914,0.037515648169321375,0.019303287251499143,3.5,0,0,1.0839500292609086,-0.037515648169321375,-0.019303287251499143,-2.415462490014647,-2.4181937121278607,0,0
1284.2268420173286,80.99613175561399,112.81620876492863,2.446389187866077,0.03819901809587237,0.02573771633533223,3.5,0,0,1.0536108121339232,-0.03819901809587237,-0.02573771633533223,-2.4453541986981624,-2.448995828182448,0,0
1180.1265773010464,80.33749690282312,116.69355260679126,2.476346420834889,0.03898629316640569,0.026810121182637755,3.5,0,0,1.023653579165111,-0.03898629316640569,-0.026810121182637755,-2.475245907381678,-2.479039271427809,0,0
1284.2268420173286,79.36799805452281,117.36537105675751,2.5069095036208866,0.039822289521059734,0.027882526029943254,3.5,0,0,0.9930904963791134,-0.039822289521059734,-0.027882526029943254,-2.5057445543125745,-2.509689652920551,0,0
1284.2268420173286,79.6887422048836,116.69355260679126,2.537320908576681,0.04065413701043013,0.02681012118263773,3.5,0,0,0.9626790914233192,-0.04065413701043013,-0.02681012118263773,-2.536243201243471,-2.5400365652896024,0,0
206.97300472647143,71.527220004475,93.96808322544976,2.5678848703144816,0.04145735689251856,0.02573771633533223,3.5,0,0,0.9321151296855184,-0.04145735689251856,-0.02573771633533223,-2.566893582736213,-2.570535212220499,0,0
1284.2268420173286,79.36799805452281,120.84213728458607,2.5980700475773073,0.042234426014662665,0.02573771633533223,3.5,0,0,0.9019299524226927,-0.042234426014662665,-0.02573771633533223,-2.597088760543419,-2.6007303900277052,0,0
1284.2268420173286,74.54267433246892,114.72272976706012,2.628861094282458,0.043060135552864344,0.027882526029943278,3.5,0,0,0.871138905717542,-0.043060135552864344,-0.027882526029943278,-2.627739142036161,-2.631684240644138,0,0
1284.2268420173286,80.01189902085736,117.36537105675751,2.659800991318644,0.04398945755014779,0.03217214541916535,3.5,0,0,0.8401990086813562,-0.04398945755014779,-0.03217214541916535,-2.658389523528903,-2.6629415603842608,0,0
1284.2268420173286,79.6887422048836,121.56203207857888,2.6897525385160925,0.04496947268440433,0.03324455026647087,3.5,0,0,0.8102474614839075,-0.04496947268440433,-0.03324455026647087,-2.6882812322124185,-2.6929850036296217,0,0
239.3652489782259,79.36799805452281,112.81620876492863,2.72008577090451,0.04588057268174104,0.026810121182637783,3.5,0,0,0.7799142290954899,-0.04588057268174104,-0.026810121182637783,-2.719083348267006,-2.722876712313137,0,0
1284.2268420173286,78.10859556029456,113.44477390085575,2.750197803250703,0.04654267128507245,0.017158477556888152,3.5,0,0,0.7498021967492972,-0.04654267128507245,-0.017158477556888152,-2.749885464321593,-2.752313217311117,0,0
602.1580731583105,73.41971802386729,98.56325615049124,2.7802387588204733,0.046929285423824976,0.008579238778444045,3.5,0,0,0.7197612411795267,-0.046929285423824976,-0.008579238778444045,-2.780535845814335,-2.781749722309097,0,0
1093.1463157010076,78.73363637499943,112.81620876492863,2.810280802739866,0.0472192495293738,0.010724048473055066,3.5,0,0,0.6897191972601342,-0.0472192495293738,-0.010724048473055066,-2.8104275544978505,-2.8119449001163033,0,0
1284.2268420173286,77.49266392626436,117.36537105675751,2.84024609978298,0.047588819958794236,0.01394126301497161,3.5,0,0,0.6597539002170199,-0.047588819958794236,-0.01394126301497161,-2.8401675286195207,-2.8421400779235095,0,0
1284.2268420173286,77.49266392626436,123.02757911911826,2.870816390222447,0.04809701454297052,0.0193032872514992,3.5,0,0,0.6291836097775532,-0.04809701454297052,-0.0193032872514992,-2.870362706426727,-2.873093928539942,0,0
1284.2268420173286,77.79950406996568,118.73212177360972,2.8948605067306157,0.04862569277283465,0.024665311488026764,3.5,0,0,0.6051394932693843,-0.04862569277283465,-0.024665311488026764,-2.894033298074587,-2.8975231929970287,0,0
1411.3480414449798,78.419964244608,121.56203207857888,2.9250448333036454,0.04943513217235255,0.02895493087724883,3.5,0,0,0.5749551666963546,-0.04943513217235255,-0.02895493087724883,-2.9239250067581026,-2.928021839927925,0,0
1284.2268420173286,77.79950406996568,117.36537105675751,2.9555276978303033,0.05041616981939341,0.03538935996108192,3.5,0,0,0.5444723021696967,-0.05041616981939341,-0.03538935996108192,-2.9539684500034635,-2.958975690544358,0,0
1284.2268420173286,77.79950406996568,118.0448484665879,2.98578035901566,0.05147099773500426,0.034316955113776394,3.5,0,0,0.51421964098434,-0.05147099773500426,-0.034316955113776394,-2.9843153623725147,-2.989170868351564,0,0
1284.2268420173286,77.79950406996568,117.36537105675751,3.0161094040658827,0.0525122069725985,0.034316955113776394,3.5,0,0,0.4838905959341173,-0.0525122069725985,-0.034316955113776394,-3.014662274741566,-3.0195177807206157,0,0
1411.3480414449798,77.79950406996568,120.84213728458607,3.046286803890854,0.05354821016400477,0.034316955113776394,3.5,0,0,0.45371319610914584,-0.05354821016400477,-0.034316955113776394,-3.044857452548772,-3.049712958527822,0,0
1284.2268420173286,76.88563626605912,120.84213728458607,3.0760834065140767,0.05461913063646538,0.03753416965569294,3.5,0,0,0.42391659348592325,-0.05461913063646538,-0.03753416965569294,-3.0744456921085974,-3.079756401773183,0,0
471.8179059817352,73.6975442509615,99.53441397948464,3.1057305895259364,0.055621015919617614,0.03002733572455435,3.5,0,0,0.3942694104740636,-0.055621015919617614,-0.03002733572455435,-3.1046408699158037,-3.108889437647472,0,0
1284.2268420173286,72.05879380612686,115.37236097408694,3.1353105946871995,0.056319023734215476,0.017158477556888173,3.5,0,0,0.3646894053128005,-0.056319023734215476,-0.017158477556888173,-3.1351395168467002,-3.1375672698362256,0,0
562.6000187683081,71.79211210149265,111.57932338755117,3.165048106261316,0.05670173267964727,0.008579238778444066,3.5,0,0,0.33495189373868417,-0.05670173267964727,-0.008579238778444066,-3.1654864292157514,-3.1667003057105148,0,0
1180.1265773010464,76.28731360165042,118.0448484665879,3.1944084020956063,0.05684342133562662,0.00107240484730548,3.5,0,0,0.3055915979043937,-0.05684342133562662,-0.00107240484730548,-3.195378137899267,-3.1955298724611136,0,0
1284.2268420173286,75.69750294678715,121.56203207857888,3.22414830781226,0.056907207871535005,0.0032172145419165007,3.5,0,0,0.27585169218773986,-0.056907207871535005,-0.0032172145419165007,-3.224966377459092,-3.225421581144629,0,0
1284.2268420173286,76.58539900875073,120.84213728458607,3.253963802031578,0.057051093250862876,0.006434429083833045,3.5,0,0,0.2460361979684218,-0.057051093250862876,-0.006434429083833045,-3.2545546170189175,-3.25546502438999,0,0
239.3652489782259,71.79211210149265,109.77294326259755,3.283398935972801,0.057335199495693545,0.012868858167666131,3.5,0,0,0.21660106402719892,-0.057335199495693545,-0.012868858167666131,-3.2835359183313617,-3.2853567330735056,0,0
624.3377665398167,72.05879380612686,106.88588226030939,3.3126032665687104,0.05785201471933497,0.022520501793415713,3.5,0,0,0.1873967334312896,-0.05785201471933497,-0.022520501793415713,-3.31206201595827,-3.315248441757021,0,0
1284.2268420173286,75.69750294678715,120.84213728458607,3.3413470419995455,0.058607400166758084,0.03002733572455432,3.5,0,0,0.15865295800045454,-0.058607400166758084,-0.03002733572455432,-3.3402846444614878,-3.3445332121931557,0,0
1284.2268420173286,75.99135610686974,121.56203207857888,3.3706156311601227,0.05958077986988185,0.036461764808387385,3.5,0,0,0.12938436883987725,-0.05958077986988185,-0.036461764808387385,-3.3691142112120867,-3.374273186314826,0,0
602.1580731583105,71.79211210149265,116.69355260679126,3.399498924187483,0.060711929924595315,0.041823789044914926,3.5,0,0,0.1005010758125171,-0.060711929924595315,-0.041823789044914926,-3.397640308838995,-3.4035579567509604,0,0
1093.1463157010076,75.99135610686974,124.52854747504531,3.426558001644414,0.061887910039386575,0.04504100358683142,3.5,0,0,0.07344199835558607,-0.061887910039386575,-0.04504100358683142,-3.4244973262856053,-3.4308701778831066,0,0
1284.2268420173286,75.99135610686974,121.56203207857888,3.4486898373784958,0.06286164341104758,0.0428961938922204,3.5,0,0,0.05131016262150423,-0.06286164341104758,-0.0428961938922204,-3.446802306876858,-3.452871689350669,0,0
1411.3480414449798,73.41971802386729,126.06628950603962,3.464761041205696,0.06349966725045472,0.03646176480838734,3.5,0,0,0.035238958794304054,-0.06349966725045472,-0.03646176480838734,-3.463341374117991,-3.4685003492207307,0,0
202.78305134967044,70.48517871055273,106.88588226030939,3.4759067584845114,0.06388828806146925,0.033244550266470795,3.5,0,0,0.02409324151548864,-0.06388828806146925,-0.033244550266470795,-3.4747214662563852,-3.4794252376735892,0,0
1284.2268420173286,75.69750294678715,120.84213728458607,3.485158091037348,0.06417609489812542,0.028954930877248743,3.5,0,0,0.014841908962651917,-0.06417609489812542,-0.028954930877248743,-3.4842807436526364,-3.4883775768224594,0,0
1284.2268420173286,76.58539900875073,130.08105893503551,3.490846330281664,0.06431947749473427,0.021448096946110155,3.5,0,0,0.009153669718335866,-0.06431947749473427,-0.021448096946110155,-3.490501860688292,-3.493536551925198,0,0
1284.2268420173286,74.25900132173959,130.08105893503551,3.4934254841038928,0.06436096952955989,0.010724048473055026,3.5,0,0,0.006574515896107247,-0.06436096952955989,-0.010724048473055026,-3.4938400210488876,-3.495357366667341,0,0
1284.2268420173286,73.9772983740448,121.56203207857888,3.493501347447633,0.0643617424403676,0.009651643625749513,3.5,0,0,0.006498652552366924,-0.0643617424403676,-0.009651643625749513,-3.493991755610733,-3.495357366667341,0,0
239.3652489782259,71.00273031673345,112.19442975602797,3.493501347447633,0.0643617424403676,0.009651643625749513,3.5,0,0,0.006498652552366924,-0.0643617424403676,-0.009651643625749513,-3.493991755610733,-3.495357366667341,0,0
1284.2268420173286,73.9772983740448,126.06628950603962,3.493501347447633,0.0643617424403676,0.009651643625749513,3.5,0,0,0.006498652552366924,-0.0643617424403676,-0.009651643625749513,-3.493991755610733,-3.495357366667341,0,0
602.1580731583105,66.11723490259166,107.45140018288424,3.493501347447633,0.0643617424403676,0.009651643625749513,3.5,0,0,0.006498652552366924,-0.0643617424403676,-0.009651643625749513,-3.493991755610733,-3.495357366667341,0,0
1284.2268420173286,73.9772983740448,121.56203207857888,3.493501347447633,0.0643617424403676,0.009651643625749513,3.5,0,0,0.006498652552366924,-0.0643617424403676,-0.009651643625749513,-3.493991755610733,-3.495357366667341,0,0
1284.2268420173286,74.25900132173959,122.29045980286173,3.493501347447633,0.0643617424403676,0.009651643625749513,3.5,0,0,0.006498652552366924,-0.0643617424403676,-0.009651643625749513,-3.493991755610733,-3.495357366667341,0,0
471.8179059817352,69.47032576649053,104.1428794944386,3.493501347447633,0.0643617424403676,0.009651643625749513,3.5,0,0,0.006498652552366924,-0.0643617424403676,-0.009651643625749513,-3.493991755610733,-3.495357366667341,0,0
1284.2268420173286,74.54267433246892,121.56203207857888,3.493501347447633,0.0643617424403676,0.009651643625749513,3.5,0,0,0.006498652552366924,-0.0643617424403676,-0.009651643625749513,-3.493991755610733,-3.495357366667341,0,0
1284.2268420173286,74.25900132173959,126.06628950603962,3.493501347447633,0.0643617424403676,0.009651643625749513,3.5,0,0,0.006498652552366924,-0.0643617424403676,-0.009651643625749513,-3.493991755610733,-3.495357366667341,0,0
1284.2268420173286,76.28731360165042,122.29045980286173,3.493501347447633,0.0643617424403676,0.009651643625749513,3.5,0,0,0.006498652552366924,-0.0643617424403676,-0.009651643625749513,-3.493991755610733,-3.495357366667341,0,0
1284.2268420173286,74.25900132173959,121.56203207857888,3.493501347447633,0.0643617424403676,0.009651643625749513,3.5,0,0,0.006498652552366924,-0.0643617424403676,-0.009651643625749513,-3.493991755610733,-3.495357366667341,0,0
1180.1265773010464,73.9772983740448,121.56203207857888,3.493501347447633,0.0643617424403676,0.009651643625749513,3.5,0,0,0.006498652552366924,-0.0643617424403676,-0.009651643625749513,-3.493991755610733,-3.495357366667341,0,0
1284.2268420173286,74.54267433246892,121.56203207857888,3.493501347447633,0.0643617424403676,0.009651643625749513,3.5,0,0,0.006498652552366924,-0.0643617424403676,-0.009651643625749513,-3.493991755610733,-3.495357366667341,0,0
602.1580731583105,70.48517871055273,108.02276929750369,3.493501347447633,0.0643617424403676,0.009651643625749513,3.5,0,0,0.006498652552366924,-0.0643617424403676,-0.009651643625749513,-3.493991755610733,-3.495357366667341,0,0
206.97300472647143,66.11723490259166,103.08353533160607,3.493501347447633,0.0643617424403676,0.009651643625749513,3.5,0,0,0.006498652552366924,-0.0643617424403676,-0.009651643625749513,-3.493991755610733,-3.495357366667341,0,0
1180.1265773010464,73.9772983740448,126.84939257625024,3.493501347447633,0.0643617424403676,0.009651643625749513,-0.006498652552366924,0,0,-3.5,-0.0643617424403676,-0.009651643625749513,-3.493991755610733,-3.495357366667341,0,0
1284.2268420173286,70.74309622023037,119.42733126216413,3.4872045668072804,0.06431109611264342,0.0064344290838329685,-0.006498652552366924,0,0,-3.4937032193596473,-0.06431109611264342,-0.0064344290838329685,-3.4879223731369224,-3.488832780507995,0,0
1284.2268420173286,73.9772983740448,122.29045980286173,3.4603479354468805,0.0641670888242424,0.004289619389221972,-0.006498652552366924,0,0,-3.4668465879992474,-0.0641670888242424,-0.004289619389221972,-3.4612170902521573,-3.461824028499539,0,0
1284.2268420173286,71.26409887021845,117.36537105675751,3.431063181850251,0.06413568370049405,-0.00214480969461109,-0.006498652552366924,0,0,-3.4375618344026178,-0.06413568370049405,0.00214480969461109,-3.4323875235015584,-3.432084054377869,0,0
624.3377665398167,70.48517871055273,103.61058678886198,3.401551153220951,0.06427810459758958,-0.007506833931138654,-0.006498652552366924,0,0,-3.408049805773318,-0.06427810459758958,0.007506833931138654,-3.4032544876272692,-3.4021923456943535,0,0
1284.2268420173286,74.25900132173959,121.56203207857888,3.371737202022106,0.06461383135772643,-0.01501366786227724,-0.006498652552366924,0,0,-3.378235854574473,-0.06461383135772643,0.01501366786227724,-3.3739697171911347,-3.3718454333253023,0,0
206.97300472647143,68.72637072202204,103.61058678886198,3.3420777390013257,0.06513870084459343,-0.020375692098804805,-0.006498652552366924,0,0,-3.3485763915536926,-0.06513870084459343,0.020375692098804805,-3.344684946755,-3.3418019900799414,0,0
1284.2268420173286,73.9772983740448,123.02757911911826,3.3126480044470052,0.0657700094524252,-0.022520501793415824,-0.006498652552366924,0,0,-3.319146656999372,-0.0657700094524252,0.022520501793415824,-3.3154001763188656,-3.312213750520116,0,0
1284.2268420173286,73.9772983740448,120.84213728458607,3.2830652772550417,0.06634112427053404,-0.016086072709582736,-0.006498652552366924,0,0,-3.2895639298074086,-0.06634112427053404,0.016086072709582736,-3.2853567330735047,-3.283080714645827,0,0
1284.2268420173286,73.6975442509615,120.84213728458607,3.253858595326943,0.06670133848655144,-0.00857923877844415,-0.006498652552366924,0,0,-3.26035724787931,-0.06670133848655144,0.00857923877844415,-3.2556167589518346,-3.2544028824570734,0,0
1284.2268420173286,75.99135610686974,122.29045980286173,3.2241190487357656,0.06686080418444185,-0.0021448096946110884,-0.006498652552366924,0,0,-3.2306177012881325,-0.06686080418444185,0.0021448096946110884,-3.2254215811446283,-3.225118112020939,0,0
624.3377665398167,70.48517871055273,103.61058678886198,3.1943790746140954,0.06686080418444185,0.0021448096946109782,-0.006498652552366924,0,0,-3.2008777271664623,-0.06686080418444185,-0.0021448096946109782,-3.1953781378992674,-3.195681607022959,0,0
1284.2268420173286,74.25900132173959,120.84213728458607,3.1643357004717614,0.066796366765514,0.0021448096946109782,-0.006498652552366924,0,0,-3.1708343530241283,-0.066796366765514,-0.0021448096946109782,-3.1653346946539065,-3.165638163777598,0,0
1284.2268420173286,75.99135610686974,117.36537105675751,3.1342926891194494,0.0666352738666247,0.008579238778444066,-0.006498652552366924,0,0,-3.1407913416718163,-0.0666352738666247,-0.008579238778444066,-3.13483604772301,-3.136049924217773,0,0
624.3377665398167,71.26409887021845,117.36537105675751,3.104705538449544,0.06638143240836367,0.008579238778444066,-0.006498652552366924,0,0,-3.111204191001911,-0.06638143240836367,-0.008579238778444066,-3.1052478081631847,-3.1064616846579476,0,0
1284.2268420173286,76.28731360165042,124.52854747504531,3.074815222024694,0.06609293276799438,0.01072404847305511,-0.006498652552366924,0,0,-3.0813138745770607,-0.06609293276799438,-0.01072404847305511,-3.075204364917824,-3.0767217105362774,0,0
1284.2268420173286,77.49266392626436,121.56203207857888,3.0455332974190976,0.06568467930592085,0.017158477556888173,-0.006498652552366924,0,0,-3.0520319499714645,-0.06568467930592085,-0.017158477556888173,-3.0454643907961536,-3.0478921437856785,0,0
360.20900612823414,78.10859556029456,122.29045980286173,3.0161016841186994,0.06514805557189603,0.019303287251499192,-0.006498652552366924,0,0,-3.0226003366710663,-0.06514805557189603,-0.019303287251499192,-3.0158761512363284,-3.018607373349544,0,0
1284.2268420173286,75.99135610686974,120.13062066766372,2.986516779242068,0.06470384425924935,0.010724048473055085,-0.006498652552366924,0,0,-2.993015431794435,-0.06470384425924935,-0.010724048473055085,-2.986894849923884,-2.9884121955423377,0,0
239.3652489782259,72.05879380612686,106.88588226030939,2.9572322782376275,0.06457822412543097,-0.002144809694611064,-0.006498652552366924,0,0,-2.9637309307899944,-0.06457822412543097,0.002144809694611064,-2.958520486858821,-2.9582170177351315,0,0
1411.3480414449798,76.58539900875073,118.0448484665879,2.9280998454424507,0.06476567728526915,-0.010724048473055123,-0.006498652552366924,0,0,-2.9345984979948176,-0.06476567728526915,0.010724048473055123,-2.9299943892319127,-2.9284770436134613,0,0
1284.2268420173286,75.99135610686974,120.84213728458607,2.8994252453312543,0.0651962205575267,-0.019303287251499206,-0.006498652552366924,0,0,-2.9059238978836213,-0.0651962205575267,0.019303287251499206,-2.90192349529054,-2.8991922731773268,0,0
1284.2268420173286,75.69750294678715,112.81620876492863,2.870376535071282,0.06589727611561465,-0.028954930877248812,-0.006498652552366924,0,0,-2.876875187623649,-0.06589727611561465,0.028954930877248812,-2.873549132225477,-2.8694522990556566,0,0
1284.2268420173286,75.69750294678715,116.69355260679126,2.8414048322712837,0.06664310627807457,-0.022520501793415776,-0.006498652552366924,0,0,-2.8479034848236506,-0.06664310627807457,0.022520501793415776,-2.844112627227497,-2.8409262014287484,0,0
1284.2268420173286,77.79950406996568,120.13062066766372,2.8122010727036693,0.0671912400642241,-0.01501366786227719,-0.006498652552366924,0,0,-2.818699725256036,-0.0671912400642241,0.01501366786227719,-2.814372653105827,-2.812248369239995,0,0
1284.2268420173286,77.49266392626436,116.69355260679126,2.782540074562606,0.06762068614364312,-0.013941263014971693,-0.006498652552366924,0,0,-2.789038727114973,-0.06762068614364312,0.013941263014971693,-2.7846326789841567,-2.7826601296801696,0,0
1284.2268420173286,78.10859556029456,121.56203207857888,2.7530295732487367,0.06795299583751904,-0.008579238778444128,-0.006498652552366924,0,0,-2.7595282258011036,-0.06795299583751904,0.008579238778444128,-2.754740970300641,-2.7535270938058805,0,0
1284.2268420173286,76.28731360165042,125.29273453547381,2.7234424225788314,0.06820683729578007,-0.008579238778444128,-0.006498652552366924,0,0,-2.7299410751311983,-0.06820683729578007,0.008579238778444128,-2.725152730740816,-2.723938854246055,0,0
624.3377665398167,78.419964244608,100.02692680886574,2.694385959922211,0.0684093824704177,-0.005362024236527584,-0.006498652552366924,0,0,-2.700884612474578,-0.0684093824704177,0.005362024236527584,-2.6958679603046813,-2.6951092874954563,0,0
1284.2268420173286,77.79950406996568,120.84213728458607,2.665556807614437,0.06856396656531147,-0.005362024236527584,-0.006498652552366924,0,0,-2.672055460166804,-0.06856396656531147,0.005362024236527584,-2.6670383935540825,-2.6662797207448574,0,0
1284.2268420173286,77.49266392626436,120.84213728458607,2.636499843701544,0.06867302997879737,-0.0021448096946110403,-0.006498652552366924,0,0,-2.642998496253911,-0.06867302997879737,0.0021448096946110403,-2.637753623117948,-2.6374501539942585,0,0
1284.2268420173286,77.49266392626436,114.0802412881919,2.6080496174454644,0.06865777489706339,0.0032172145419164994,-0.006498652552366924,0,0,-2.6145482699978313,-0.06865777489706339,-0.0032172145419164994,-2.608924056367349,-2.609379260052886,0,0
239.3652489782259,73.41971802386729,108.02276929750369,2.5788410544061833,0.0685168184822002,0.006434429083833043,-0.006498652552366924,0,0,-2.58533970695855,-0.0685168184822002,-0.006434429083833043,-2.579487551369369,-2.5803979587404418,0,0
624.3377665398167,74.54267433246892,106.88588226030939,2.5490259373721056,0.06830898492180182,0.007506833931138566,-0.006498652552366924,0,0,-2.5555245899244725,-0.06830898492180182,-0.007506833931138566,-2.5495958426858536,-2.5506579846187716,0,0
1284.2268420173286,80.01189902085736,113.44477390085575,2.5194385314948238,0.06808687300722086,0.007506833931138566,-0.006498652552366924,0,0,-2.5259371840471907,-0.06808687300722086,-0.007506833931138566,-2.5200076031260283,-2.5210697450589463,0,0
602.1580731583105,75.40573089722304,101.02616679983112,2.4900024496647806,0.06792903451032932,0.003217214541916524,-0.006498652552366924,0,0,-2.4965011022171475,-0.06792903451032932,-0.003217214541916524,-2.490874567251739,-2.491329770937276,0,0
703.2691653992177,80.33749690282312,116.69355260679126,2.4605660970074914,0.06802373789890107,-0.0096516436257496,-0.006498652552366924,0,0,-2.4670647495598583,-0.06802373789890107,0.0096516436257496,-2.462348469624831,-2.460982858568225,0,0
239.3652489782259,77.18804967871625,108.02276929750369,2.4308299705865046,0.06850211665336109,-0.022520501793415748,-0.006498652552366924,0,0,-2.4373286231388716,-0.06850211665336109,0.022520501793415748,-2.433518902874232,-2.430332477075483,0,0
1284.2268420173286,79.6887422048836,122.29045980286173,2.4015519356948354,0.06913017109311125,-0.02037569209880473,-0.006498652552366924,0,0,-2.4080505882472023,-0.06913017109311125,0.02037569209880473,-2.404082397876252,-2.401199441201194,0,0
1284.2268420173286,79.36799805452281,117.36537105675751,2.37227147606665,0.0696326285135225,-0.013941263014971667,-0.006498652552366924,0,0,-2.378770128619017,-0.0696326285135225,0.013941263014971667,-2.374342423754582,-2.372369874450595,0,0
1284.2268420173286,79.6887422048836,116.69355260679126,2.3429130711155484,0.0699947139722205,-0.010724048473055123,-0.006498652552366924,0,0,-2.3494117236679153,-0.0699947139722205,0.010724048473055123,-2.344754184194757,-2.343236838576306,0,0
1284.2268420173286,80.01189902085736,113.44477390085575,2.3134773955248167,0.07021568685134208,-0.004289619389222035,-0.006498652552366924,0,0,-2.3199760480771836,-0.07021568685134208,0.004289619389222035,-2.3148624755112412,-2.3142555372638616,0,0
624.3377665398167,77.49266392626436,97.14019014961423,2.2834339695552175,0.07024790557933261,0.002144809694611052,-0.006498652552366924,0,0,-2.2899326221075844,-0.07024790557933261,-0.002144809694611052,-2.2843638285803447,-2.2846672977040363,0,0
1284.2268420173286,81.32922784467303,112.81620876492863,2.2539978877251743,0.07009006708244107,0.008579238778444138,-0.006498652552366924,0,0,-2.260496540277541,-0.07009006708244107,-0.008579238778444138,-2.254472119896829,-2.255685996391592,0,0
602.1580731583105,76.58539900875073,104.68049512451793,2.224334740371224,0.0698514801650898,0.00750683393113864,-0.006498652552366924,0,0,-2.230833392923591,-0.0698514801650898,-0.00750683393113864,-2.224883880337004,-2.225946022269922,0,0
242.3065498311679,77.18804967871625,105.22351709380416,2.1950510476569076,0.06960024220896478,0.009651643625749662,-0.006498652552366924,0,0,-2.2015497002092745,-0.06960024220896478,-0.009651643625749662,-2.195447375339024,-2.1968129863956327,0,0
1284.2268420173286,82.34399565000513,116.69355260679126,2.1661474461129893,0.06927476664761074,0.012868858167666206,-0.006498652552366924,0,0,-2.172646098665356,-0.06927476664761074,-0.012868858167666206,-2.166314339464735,-2.168135154206879,0,0
624.3377665398167,79.36799805452281,106.88588226030939,2.137092888203919,0.06888526520753475,0.01394126301497173,-0.006498652552366924,0,0,-2.1435915407562858,-0.06888526520753475,-0.01394126301497173,-2.1371813035904457,-2.139153852894435,0,0
1284.2268420173286,81.32922784467303,114.0802412881919,2.1075057375340136,0.06863142374927372,0.0032172145419166014,-0.006498652552366924,0,0,-2.1140043900863805,-0.06863142374927372,-0.0032172145419166014,-2.108351736839847,-2.1088069405253833,0,0
624.3377665398167,77.18804967871625,100.52415418066585,2.0779175660302,0.06869488484367237,-0.007506833931138527,-0.006498652552366924,0,0,-2.0844162185825668,-0.06869488484367237,0.007506833931138527,-2.079522170089248,-2.078460028156332,0,0
390.5444991736698,80.01189902085736,111.57932338755117,2.0484078453340424,0.06909048813398452,-0.019303287251499178,-0.006498652552366924,0,0,-2.0549064978864093,-0.06909048813398452,0.019303287251499178,-2.0508443379004944,-2.048113115787281,0,0
1284.2268420173286,80.01189902085736,114.0802412881919,2.0195870477700306,0.06980150627825121,-0.03002733572455428,-0.006498652552366924,0,0,-2.0260857003223975,-0.06980150627825121,0.03002733572455428,-2.022773443959122,-2.0185248762274557,0,0
1411.3480414449798,80.99613175561399,114.0802412881919,1.9904680994070034,0.07070739009198868,-0.03217214541916533,-0.006498652552366924,0,0,-1.9969667519593703,-0.07070739009198868,0.03217214541916533,-1.9937921426466778,-1.9892401057913212,0,0
1284.2268420173286,76.58539900875073,108.6000844939372,1.9618022879538815,0.07153763871762452,-0.02573771633533224,-0.006498652552366924,0,0,-1.9683009405062484,-0.07153763871762452,0.02573771633533224,-1.9646591067723884,-1.9610174772881033,0,0
1284.2268420173286,79.36799805452281,113.44477390085575,1.933207925277553,0.07219704733402825,-0.020375692098804674,-0.006498652552366924,0,0,-1.9397065778299198,-0.07219704733402825,0.020375692098804674,-1.9356778054599444,-1.9327948487848854,0,0
1284.2268420173286,80.99613175561399,113.44477390085575,1.903928021324064,0.0727309049663313,-0.016086072709582608,-0.006498652552366924,0,0,-1.9104266738764308,-0.0727309049663313,0.016086072709582608,-1.9060895659001194,-1.9038135474724414,0,0
900.238757316699,80.99613175561399,116.69355260679126,1.874569616372962,0.0730929904250293,-0.008579238778444022,-0.006498652552366924,0,0,-1.8810682689253289,-0.0730929904250293,0.008579238778444022,-1.8761978572166038,-1.8749839807218425,0,0
1284.2268420173286,81.32922784467303,112.81620876492863,1.8443752893494796,0.07331965848144782,-0.0064344290838330015,-0.006498652552366924,0,0,-1.8508739419018465,-0.07331965848144782,0.0064344290838330015,-1.8458509448475524,-1.8449405374764816,0,0
624.3377665398167,84.08878225753256,117.36537105675751,1.8144840103777349,0.07347993777983768,-0.0042896193892219565,-0.006498652552366924,0,0,-1.8209826629301018,-0.07347993777983768,0.0042896193892219565,-1.8158075016021915,-1.8152005633548112,0,0
1284.2268420173286,82.68751571021457,112.19442975602797,1.7847444637865573,0.07363940347772809,-0.006434429083832977,-0.006498652552366924,0,0,-1.7912431163389242,-0.07363940347772809,0.006434429083832977,-1.7862192620423665,-1.7853088546712956,0,0
1284.2268420173286,83.03372126641216,113.44477390085575,1.754853030118812,0.07376762713763596,-0.0021448096946109357,-0.006498652552366924,0,0,-1.761351682671179,-0.07376762713763596,0.0021448096946109357,-1.7560240842351604,-1.7557206151114706,0,0
1284.2268420173286,83.73432085224402,112.81620876492863,1.7253406620825054,0.07378345174242135,0.0010724048473055832,-0.006498652552366924,0,0,-1.7318393146348723,-0.07378345174242135,-0.0010724048473055832,-1.72628411011349,-1.726435844675336,0,0
1284.2268420173286,82.34399565000513,115.37236097408694,1.6952213905248388,0.07373500162140759,0.0021448096946110815,-0.006498652552366924,0,0,-1.7017200430772057,-0.07373500162140759,-0.0021448096946110815,-1.696088932306284,-1.6963924014299752,0,0
512.8513118946122,79.36799805452281,97.6101426547749,1.665557390294246,0.07365547188676447,0.0032172145419165797,-0.006498652552366924,0,0,-1.672056042846613,-0.07365547188676447,-0.0032172145419165797,-1.6663489581846136,-1.6668041618701501,0,0
1284.2268420173286,83.73432085224402,113.44477390085575,1.635362368754037,0.0735583276892089,0.0032172145419165797,-0.006498652552366924,0,0,-1.641861021306404,-0.0735583276892089,-0.0032172145419165797,-1.6361537803774076,-1.636608984062944,0,0
1284.2268420173286,83.73432085224402,109.18344276436585,1.6055466345069196,0.07347839115285405,0.002144809694611057,-0.006498652552366924,0,0,-1.6120452870592865,-0.07347839115285405,-0.002144809694611057,-1.6064138062557372,-1.6067172753794285,0,0
624.3377665398167,74.25900132173959,96.21317986298715,1.5755790628505157,0.07346232246676092,-0.0010724048473054865,-0.006498652552366924,0,0,-1.5820777154028827,-0.07346232246676092,0.0010724048473054865,-1.5766738321340668,-1.5765220975722225,0,0
1284.2268420173286,85.53518482670935,109.18344276436585,1.5454597912928492,0.07351077258777468,-0.0021448096946109847,-0.006498652552366924,0,0,-1.551958443845216,-0.07351077258777468,0.0021448096946109847,-1.5466303888887059,-1.5463269197650165,0,0
1284.2268420173286,83.03372126641216,113.44477390085575,1.51579568871651,0.07352667855299598,0.001072404847305559,-0.006498652552366924,0,0,-1.522294341268877,-0.07352667855299598,-0.001072404847305559,-1.5167386802051903,-1.5168904147670366,0,0
1411.3480414449798,84.44606393366254,109.77294326259755,1.485979885889903,0.07347871659441056,0.0021448096946110815,-0.006498652552366924,0,0,-1.4924785384422699,-0.07347871659441056,-0.0021448096946110815,-1.4868469715216748,-1.4871504406453662,0,0
624.3377665398167,79.36799805452281,94.40905615911757,1.4558607875258858,0.07359176666008656,-0.00965164362574957,-0.006498652552366924,0,0,-1.4623594400782527,-0.07359176666008656,0.00965164362574957,-1.4575622010855402,-1.4561965900289338,0,0
239.3652489782259,77.18804967871625,100.52415418066585,1.4255172953447255,0.07404736800639083,-0.020375692098804698,-0.006498652552366924,0,0,-1.4320159478970924,-0.07404736800639083,0.020375692098804698,-1.4279739615257152,-1.425091004850656,0,0
1284.2268420173286,82.68751571021457,109.18344276436585,1.3952522074838503,0.07464789069623974,-0.019303287251499174,-0.006498652552366924,0,0,-1.4017508600362172,-0.07464789069623974,0.019303287251499174,-1.3976270491566638,-1.39489582704345,0,0
1284.2268420173286,83.03372126641216,109.77294326259755,1.365063974616274,0.07529547014447953,-0.02359290664072124,-0.006498652552366924,0,0,-1.371562627168641,-0.07529547014447953,0.02359290664072124,-1.3677353404731483,-1.3643971801125532,0,0
1284.2268420173286,85.16922919230018,109.77294326259755,1.334650855456665,0.07606208909434811,-0.026810121182637783,-0.006498652552366924,0,0,-1.3411495080090319,-0.07606208909434811,0.026810121182637783,-1.3375401626659422,-1.3337467986198113,0,0
1284.2268420173286,83.38264517783642,112.19442975602797,1.3049207311173996,0.07682744360661065,-0.02466531148802676,-0.006498652552366924,0,0,-1.3114193836697665,-0.07682744360661065,0.02466531148802676,-1.3076484539824267,-1.3041585590599862,0,0
1411.3480414449798,82.68751571021457,110.36868736531008,1.2748094261240246,0.07752183411247877,-0.021448096946110218,-0.006498652552366924,0,0,-1.2813080786763915,-0.07752183411247877,0.021448096946110218,-1.2773015416133753,-1.2742668503764707,0,0
239.3652489782259,80.66556470717478,101.02616679983112,1.2505374800998426,0.07804250100553589,-0.021448096946110218,-0.006498652552366924,0,0,-1.2570361326522095,-0.07804250100553589,0.021448096946110218,-1.2530240117181342,-1.2499893204812296,0,0
1284.2268420173286,80.01189902085736,99.04654639912101,1.2199696508740283,0.07868182542255549,-0.02037569209880472,-0.006498652552366924,0,0,-1.2264683034263952,-0.07868182542255549,0.02037569209880472,-1.2223736302253922,-1.2194906735503328,0,0
1284.2268420173286,82.34399565000513,113.44477390085575,1.1887950161052698,0.07933384114313875,-0.021448096946110242,-0.006498652552366924,0,0,-1.1952936686576368,-0.07933384114313875,0.021448096946110242,-1.1912680450471145,-1.18823335381021,0,0
1284.2268420173286,85.53518482670935,109.18344276436585,1.157924494279324,0.08001261729315358,-0.022520501793415765,-0.006498652552366924,0,0,-1.164423146831691,-0.08001261729315358,0.022520501793415765,-1.1604659289925272,-1.1572795031937775,0,0
154.7323071690459,84.8062010048873,110.97077873540402,1.1272080023600182,0.0807868833148413,-0.02788252602994333,-0.006498652552366924,0,0,-1.133706654912385,-0.0807868833148413,0.02788252602994333,-1.1301190166234758,-1.1261739180154997,0,0
1284.2268420173286,85.53518482670935,109.77294326259755,1.0967957228144645,0.08158611699404095,-0.024665311488026788,-0.006498652552366924,0,0,-1.1032943753668314,-0.08158611699404095,0.024665311488026788,-1.099468635130734,-1.0959787402082937,0,0
1284.2268420173286,85.53518482670935,108.6000844939372,1.066836112052794,0.08227700931096264,-0.021448096946110246,-0.006498652552366924,0,0,-1.073334764605161,-0.08227700931096264,0.021448096946110246,-1.0692734573235279,-1.0662387660866233,0,0
1180.1265773010464,84.44606393366254,106.32612268515561,1.0365723818106507,0.08294244342363075,-0.02252050179341577,-0.006498652552366924,0,0,-1.0430710343630176,-0.08294244342363075,0.02252050179341577,-1.0390782795163218,-1.0358918537175719,0,0
1284.2268420173286,77.49266392626436,98.56325615049124,1.00668825294057,0.08361556280128347,-0.02252050179341577,-0.006498652552366924,0,0,-1.013186905492937,-0.08361556280128347,0.02252050179341577,-1.0091865708328063,-1.0060001450340563,0,0
1284.2268420173286,89.76495072901147,112.81620876492863,0.9765762205943773,0.08427766140461489,-0.02144809694611027,-0.006498652552366924,0,0,-0.9830748731467442,-0.08427766140461489,0.02144809694611027,-0.9789913930256001,-0.9759567017886954,0,0
1180.1265773010464,88.96683466233691,126.84939257625024,0.9463105061333951,0.08484572732844259,-0.016086072709582705,-0.006498652552366924,0,0,-0.952809158685762,-0.08484572732844259,0.016086072709582705,-0.9483410115328582,-0.9460649931051798,0,0
528.3325926770696,123.77355272308415,113.44477390085575,0.9155890674545814,0.08538939009616928,-0.019303287251499247,-0.006498652552366924,0,0,-0.9220877200069483,-0.08538939009616928,0.019303287251499247,-0.9178423646019616,-0.9151111424887474,0,0
1284.2268420173286,209.13650375320472,120.84213728458607,0.8841096902583216,0.08598023560591488,-0.018230882404193724,-0.006498652552366924,0,0,-0.8906083428106886,-0.08598023560591488,0.018230882404193724,-0.8862815757381481,-0.8837020881867792,0,0
1284.2268420173286,223.1819809443389,150.1726803268919,0.8590020424222686,0.08645148828959148,-0.019303287251499247,-0.006498652552366924,0,0,-0.8655006949746356,-0.08645148828959148,0.019303287251499247,-0.8612453730336808,-0.8585141509204666,0,0
1284.2268420173286,194.9110753588243,228.31501027837746,0.8275233169529371,0.08707609208981026,-0.02037569209880477,-0.006498652552366924,0,0,-0.834021969505304,-0.08707609208981026,0.02037569209880477,-0.8298363187317126,-0.8269533620566532,0,0
1284.2268420173286,220.70517709223105,200.75362703878065,0.7962731864468029,0.08774645071462131,-0.02252050179341577,-0.006498652552366924,0,0,-0.8027718389991698,-0.08774645071462131,0.02252050179341577,-0.7987307335534349,-0.795544307754685,0,0
1093.1463157010076,125.29273453547381,198.76603234393832,0.7645694886072951,0.08849457191078004,-0.024665311488026816,-0.006498652552366924,0,0,-0.771068141159662,-0.08849457191078004,0.024665311488026816,-0.7671699446896215,-0.763680049767181,0,0
1284.2268420173286,145.87739303694283,198.76603234393832,0.7330182996951136,0.08927294966871412,-0.024665311488026816,-0.006498652552366924,0,0,-0.7395169522474805,-0.08927294966871412,0.024665311488026816,-0.7356091558258081,-0.7321192609033675,0,0
1284.2268420173286,120.84213728458607,187.6483042942066,0.7080665790704572,0.08992868004391782,-0.027882526029943358,-0.006498652552366924,0,0,-0.7145652316228241,-0.08992868004391782,0.027882526029943358,-0.7108764222450312,-0.7069313236370549,0,0
1284.2268420173286,120.13062066766372,211.34777997197892,0.6765953481375679,0.09085707147512406,-0.031099740571859876,-0.006498652552366924,0,0,-0.6830940006899349,-0.09085707147512406,0.031099740571859876,-0.6796191025049083,-0.6752188002113962,0,0
367.3069052663625,104.68049512451793,233.7026839645806,0.6455048043124609,0.09182429117208332,-0.031099740571859876,-0.006498652552366924,0,0,-0.6520034568648279,-0.09182429117208332,0.031099740571859876,-0.6485135173266307,-0.6441132150331186,0,0
1284.2268420173286,108.02276929750369,213.60849807698625,0.6141852419623808,0.09274820842771749,-0.027882526029943358,-0.006498652552366924,0,0,-0.6206838945147477,-0.09274820842771749,0.027882526029943358,-0.6169527284628172,-0.6130076298548409,0,0
1284.2268420173286,185.91929651913173,242.3065498311679,0.5827857414584309,0.09352284398489226,-0.021448096946110294,-0.006498652552366924,0,0,-0.5892843940107978,-0.09352284398489226,0.021448096946110294,-0.5850884704753132,-0.5820537792384085,0,0
624.3377665398167,233.7026839645806,167.46934895889862,0.5517621300922705,0.09413841736872235,-0.01823088240419375,-0.006498652552366924,0,0,-0.5582607826446374,-0.09413841736872235,0.01823088240419375,-0.5538311507351903,-0.5512516631838213,0,0
1093.1463157010076,179.3202830877122,202.78305134967044,0.520736163588417,0.09462090601231771,-0.012868858167666211,-0.006498652552366924,0,0,-0.5272348161407839,-0.09462090601231771,0.012868858167666211,-0.5224220964332221,-0.5206012816910794,0,0
562.6000187683081,180.92431015592842,206.97300472647143,0.49008791466795354,0.09498246342121275,-0.01072404847305519,-0.006498652552366924,0,0,-0.49658656722032046,-0.09498246342121275,0.01072404847305519,-0.49161998037863497,-0.4901026347601828,0,0
1284.2268420173286,242.3065498311679,209.13650375320472,0.46535660327022627,0.09524769337113136,-0.01072404847305519,-0.006498652552366924,0,0,-0.4718552558225932,-0.09524769337113136,0.01072404847305519,-0.4668872467978581,-0.4653699011794059,0,0
1284.2268420173286,239.3652489782259,200.75362703878065,0.43493435280894116,0.09542713278071348,-0.0010724048473055598,-0.006498652552366924,0,0,-0.4414330053613081,-0.09542713278071348,0.0010724048473055598,-0.43578166161958043,-0.4356299270577355,0,0
1284.2268420173286,185.91929651913173,179.3202830877122,0.41042930914019066,0.09536143430426916,0.006434429083833026,-0.006498652552366924,0,0,-0.4169279616925576,-0.09536143430426916,-0.006434429083833026,-0.41074545891511305,-0.4116558662861849,0,0
239.3652489782259,174.67928447558052,140.84502956740286,0.37932486869234167,0.09509457533532809,0.010724048473055043,-0.006498652552366924,0,0,-0.3858235212447086,-0.09509457533532809,-0.010724048473055043,-0.37933640461314483,-0.38085375023159773,0,0
1284.2268420173286,242.3065498311679,147.99350743133397,0.3480697237536512,0.09472585837378167,0.01286885816766604,-0.006498652552366924,0,0,-0.3545683763060181,-0.09472585837378167,-0.01286885816766604,-0.3479273503111766,-0.34974816505332007,0,0
602.1580731583105,297.9167592848756,145.87739303694283,0.31681592680705617,0.09425658898708826,0.017158477556888055,-0.006498652552366924,0,0,-0.3233145793594231,-0.09425658898708826,-0.017158477556888055,-0.31636656144736314,-0.31879431443688766,0,0
1284.2268420173286,734.7683303247097,142.81538054950164,0.2858660809403149,0.09375868456918089,0.015013667862277034,-0.006498652552366924,0,0,-0.2923647334926818,-0.09375868456918089,-0.015013667862277034,-0.285564445392776,-0.28768872925861,0,0
1284.2268420173286,340.5824855543227,171.72011046907937,0.2609825285820357,0.09354519739402803,0.0021448096946108854,-0.006498652552366924,0,0,-0.2674811811344026,-0.09354519739402803,-0.0021448096946108854,-0.26159038462122536,-0.2618938537449163,0,0
1093.1463157010076,245.3252030939217,225.71785045590883,0.2299531720026435,0.09369494070228529,-0.011796453320360787,-0.006498652552366924,0,0,-0.23645182455501043,-0.09369494070228529,0.011796453320360787,-0.23154694137586446,-0.22987786119556708,0,0
1284.2268420173286,185.91929651913173,198.76603234393832,0.20560232698146355,0.09404750385188505,-0.01715847755688835,-0.006498652552366924,0,0,-0.21210097953383047,-0.09404750385188505,0.01715847755688835,-0.20757288060431384,-0.20514512761479017,0,0
602.1580731583105,167.46934895889862,159.58252707905322,0.1749549240263838,0.09447479504016927,-0.010724048473055262,-0.006498652552366924,0,0,-0.18145357657875072,-0.09447479504016927,0.010724048473055262,-0.17646729542603615,-0.17494994980758402,0,0
1284.2268420173286,177.7453057985956,176.198566643824,0.14445739948971234,0.09473644700483834,-0.006434429083833195,-0.006498652552366924,0,0,-0.15095605204207926,-0.09473644700483834,0.006434429083833195,-0.14566517937144896,-0.14475477200037787,0,0
1284.2268420173286,160.8439044330725,177.7453057985956,0.12010459397332825,0.09490620418775916,-0.007506833931138717,-0.006498652552366924,0,0,-0.12660324652569516,-0.09490620418775916,0.007506833931138717,-0.12138764947620784,-0.1203255075432915,0,0
206.97300472647143,126.06628950603962,126.06628950603962,0.08953166644594103,0.0952176872432669,-0.012868858167666307,-0.006498652552366924,0,0,-0.09603031899830795,-0.0952176872432669,0.012868858167666307,-0.09119247166900168,-0.08937165692685906,0,0
602.1580731583105,80.01189902085736,152.41788953728954,0.061083992252987135,0.09559905288302799,-0.013941263014971854,-0.006498652552366924,0,0,-0.06758264480535406,-0.09559905288302799,0.013941263014971854,-0.06281810860393862,-0.06084555929995073,0,0
1284.2268420173286,89.76495072901147,140.84502956740286,0.03764345919521577,0.0959384361018016,-0.015013667862277378,-0.006498652552366924,0,0,-0.044142111747582695,-0.0959384361018016,0.015013667862277378,-0.03945098607976904,-0.03732670221393589,0,0
1411.3480414449798,90.57673222463723,130.91477695173097,0.022774917167503815,0.09614573578720681,-0.012868858167666345,-0.006498652552366924,0,0,-0.02927356971987074,-0.09614573578720681,0.012868858167666345,-0.024429264457088595,-0.022608449714945963,0,0
1284.2268420173286,88.18202887947652,136.15031850713706,0.010029807625943316,0.09626875086228813,-0.006434429083833257,-0.006498652552366924,0,0,-0.01652846017831024,-0.09626875086228813,0.006434429083833257,-0.011228357576551233,-0.010317950205480144,0,0
1284.2268420173286,83.03372126641216,137.0639518589543,0.0030500539030809716,0.09629120630493916,-1.8908485888147197e-16,-0.006498652552366924,0,0,-0.009548706455447895,-0.09629120630493916,1.8908485888147197e-16,-0.00379336404613364,-0.003793364046134092,0,0
1411.3480414449798,78.10859556029456,131.75922954059277,-0.0010467698436009368,0.09628241938417627,0.0042896193892218645,-0.006498652552366924,0,0,-0.005451882708765987,-0.09628241938417627,-0.0042896193892218645,0.0006069382473788141,-2.6662699825763525e-15,0,0
1284.2268420173286,75.99135610686974,130.08105893503551,-0.002033012594499539,0.09627448682682188,0.011796453320360455,-0.006498652552366924,0,0,-0.004465639957867385,-0.09627448682682188,-0.011796453320360455,0.0021242838658313843,0.0004552036855331048,0,0
1284.2268420173286,76.28731360165042,135.24881572421333,-0.002033012594499539,0.09627448682682188,0.011796453320360455,-0.006498652552366924,0,0,-0.004465639957867385,-0.09627448682682188,-0.011796453320360455,0.0021242838658313843,0.0004552036855331048,0,0
1284.2268420173286,75.69750294678715,130.91477695173097,-0.002033012594499539,0.09627448682682188,0.011796453320360455,-0.006498652552366924,0,0,-0.004465639957867385,-0.09627448682682188,-0.011796453320360455,0.0021242838658313843,0.0004552036855331048,0,0
1284.2268420173286,75.99135610686974,130.91477695173097,-0.002033012594499539,0.09627448682682188,0.011796453320360455,-0.006498652552366924,0,0,-0.004465639957867385,-0.09627448682682188,-0.011796453320360455,0.0021242838658313843,0.0004552036855331048,0,0
1284.2268420173286,75.99135610686974,137.0639518589543,-0.002033012594499539,0.09627448682682188,0.011796453320360455,-0.006498652552366924,0,0,-0.004465639957867385,-0.09627448682682188,-0.011796453320360455,0.0021242838658313843,0.0004552036855331048,0,0
1180.1265773010464,75.99135610686974,135.24881572421333,-0.002033012594499539,0.09627448682682188,0.011796453320360455,-0.006498652552366924,0,0,-0.004465639957867385,-0.09627448682682188,-0.011796453320360455,0.0021242838658313843,0.0004552036855331048,0,0
1284.2268420173286,75.69750294678715,136.15031850713706,-0.002033012594499539,0.09627448682682188,0.011796453320360455,-0.006498652552366924,0,0,-0.004465639957867385,-0.09627448682682188,-0.011796453320360455,0.0021242838658313843,0.0004552036855331048,0,0
602.1580731583105,71.527220004475,123.77355272308415,-0.002033012594499539,0.09627448682682188,0.011796453320360455,-0.006498652552366924,0,0,-0.004465639957867385,-0.09627448682682188,-0.011796453320360455,0.0021242838658313843,0.0004552036855331048,0,0
1284.2268420173286,75.69750294678715,135.24881572421333,-0.002033012594499539,0.09627448682682188,0.011796453320360455,-0.006498652552366924,0,0,-0.004465639957867385,-0.09627448682682188,-0.011796453320360455,0.0021242838658313843,0.0004552036855331048,0,0
1284.2268420173286,75.69750294678715,129.25786434407527,-0.002033012594499539,0.09627448682682188,0.011796453320360455,-0.006498652552366924,0,0,-0.004465639957867385,-0.09627448682682188,-0.011796453320360455,0.0021242838658313843,0.0004552036855331048,0,0
1284.2268420173286,76.58539900875073,130.08105893503551,-0.002033012594499539,0.09627448682682188,0.011796453320360455,-0.006498652552366924,0,0,-0.004465639957867385,-0.09627448682682188,-0.011796453320360455,0.0021242838658313843,0.0004552036855331048,0,0
602.1580731583105,72.05879380612686,115.37236097408694,-0.002033012594499539,0.09627448682682188,0.011796453320360455,-0.006498652552366924,0,0,-0.004465639957867385,-0.09627448682682188,-0.011796453320360455,0.0021242838658313843,0.0004552036855331048,0,0
624.3377665398167,73.41971802386729,114.0802412881919,-0.002033012594499539,0.09627448682682188,0.011796453320360455,-0.006498652552366924,0,0,-0.004465639957867385,-0.09627448682682188,-0.011796453320360455,0.0021242838658313843,0.0004552036855331048,0,0
624.3377665398167,71.79211210149265,112.19442975602797,-0.002033012594499539,0.09627448682682188,0.011796453320360455,-0.006498652552366924,0,0,-0.004465639957867385,-0.09627448682682188,-0.011796453320360455,0.0021242838658313843,0.0004552036855331048,0,0
1284.2268420173286,75.99135610686974,130.08105893503551,-0.002033012594499539,0.09627448682682188,0.011796453320360455,-0.006498652552366924,0,0,-0.004465639957867385,-0.09627448682682188,-0.011796453320360455,0.0021242838658313843,0.0004552036855331048,0,0
602.1580731583105,71.79211210149265,124.52854747504531,-0.002033012594499539,0.09627448682682188,0.011796453320360455,-0.006498652552366924,0,0,-0.004465639957867385,-0.09627448682682188,-0.011796453320360455,0.0021242838658313843,0.0004552036855331048,0,0
1284.2268420173286,75.99135610686974,131.75922954059277,-0.002033012594499539,0.09627448682682188,0.011796453320360455,-0.006498652552366924,0,0,-0.004465639957867385,-0.09627448682682188,-0.011796453320360455,0.0021242838658313843,0.0004552036855331048,0,0
239.3652489782259,72.32728403086773,121.56203207857888,-0.002033012594499539,0.09627448682682188,0.011796453320360455,-0.006498652552366924,0,0,-0.004465639957867385,-0.09627448682682188,-0.011796453320360455,0.0021242838658313843,0.0004552036855331048,0,0
1284.2268420173286,75.99135610686974,135.24881572421333,-0.002033012594499539,0.09627448682682188,0.011796453320360455,-0.006498652552366924,0,0,-0.004465639957867385,-0.09627448682682188,-0.011796453320360455,0.0021242838658313843,0.0004552036855331048,0,0
1284.2268420173286,75.69750294678715,130.08105893503551,-0.002033012594499539,0.09627448682682188,0.011796453320360455,-0.006498652552366924,0,0,-0.004465639957867385,-0.09627448682682188,-0.011796453320360455,0.0021242838658313843,0.0004552036855331048,0,0
1284.2268420173286,75.99135610686974,136.15031850713706,-0.002033012594499539,0.09627448682682188,0.011796453320360455,-0.006498652552366924,0,0,-0.004465639957867385,-0.09627448682682188,-0.011796453320360455,0.0021242838658313843,0.0004552036855331048,0,0
1284.2268420173286,75.99135610686974,134.3591943699604,-0.002033012594499539,0.09627448682682188,0.011796453320360455,-0.006498652552366924,0,0,-0.004465639957867385,-0.09627448682682188,-0.011796453320360455,0.0021242838658313843,0.0004552036855331048,0,0
1284.2268420173286,77.49266392626436,135.24881572421333,-0.002033012594499539,0.09627448682682188,0.011796453320360455,-0.006498652552366924,0,0,-0.004465639957867385,-0.09627448682682188,-0.011796453320360455,0.0021242838658313843,0.0004552036855331048,0,0
1284.2268420173286,77.79950406996568,125.29273453547381,-0.002033012594499539,0.09627448682682188,0.011796453320360455,-0.006498652552366924,0,0,-0.004465639957867385,-0.09627448682682188,-0.011796453320360455,0.0021242838658313843,0.0004552036855331048,0,0
427.0195773074906,71.79211210149265,119.42733126216413,-0.002033012594499539,0.09627448682682188,0.011796453320360455,-0.006498652552366924,0,0,-0.004465639957867385,-0.09627448682682188,-0.011796453320360455,0.0021242838658313843,0.0004552036855331048,0,0
602.1580731583105,75.69750294678715,136.15031850713706,-0.002033012594499539,0.09627448682682188,0.011796453320360455,-0.006498652552366924,0,0,-0.004465639957867385,-0.09627448682682188,-0.011796453320360455,0.0021242838658313843,0.0004552036855331048,0,0
1284.2268420173286,75.99135610686974,134.3591943699604,-0.002033012594499539,0.09627448682682188,0.011796453320360455,-0.006498652552366924,0,0,-0.004465639957867385,-0.09627448682682188,-0.011796453320360455,0.0021242838658313843,0.0004552036855331048,0,0
1284.2268420173286,77.49266392626436,136.15031850713706,-0.002033012594499539,0.09627448682682188,0.011796453320360455,-0.006498652552366924,0,0,-0.004465639957867385,-0.09627448682682188,-0.011796453320360455,0.0021242838658313843,0.0004552036855331048,0,0
602.1580731583105,72.86976705815192,124.52854747504531,-0.002033012594499539,0.09627448682682188,0.011796453320360455,-0.006498652552366924,0,0,-0.004465639957867385,-0.09627448682682188,-0.011796453320360455,0.0021242838658313843,0.0004552036855331048,0,0
624.3377665398167,72.32728403086773,115.37236097408694,-0.002033012594499539,0.09627448682682188,0.011796453320360455,-0.006498652552366924,0,0,-0.004465639957867385,-0.09627448682682188,-0.011796453320360455,0.0021242838658313843,0.0004552036855331048,0,0
528.3325926770696,75.99135610686974,130.08105893503551,-0.002033012594499539,0.09627448682682188,0.011796453320360455,-0.006498652552366924,0,0,-0.004465639957867385,-0.09627448682682188,-0.011796453320360455,0.0021242838658313843,0.0004552036855331048,0,0
1284.2268420173286,75.99135610686974,134.3591943699604,-0.002033012594499539,0.09627448682682188,0.011796453320360455,-0.006498652552366924,0,0,-0.004465639957867385,-0.09627448682682188,-0.011796453320360455,0.0021242838658313843,0.0004552036855331048,0,0
206.97300472647143,67.51788505098841,116.02925942608664,-0.002033012594499539,0.09627448682682188,0.011796453320360455,-0.006498652552366924,0,0,-0.004465639957867385,-0.09627448682682188,-0.011796453320360455,0.0021242838658313843,0.0004552036855331048,0,0
1180.1265773010464,75.99135610686974,131.75922954059277,-0.002033012594499539,0.09627448682682188,0.011796453320360455,-0.006498652552366924,0,0,-0.004465639957867385,-0.09627448682682188,-0.011796453320360455,0.0021242838658313843,0.0004552036855331048,0,0
1284.2268420173286,77.18804967871625,135.24881572421333,-0.002033012594499539,0.09627448682682188,0.011796453320360455,-0.006498652552366924,0,0,-0.004465639957867385,-0.09627448682682188,-0.011796453320360455,0.0021242838658313843,0.0004552036855331048,0,0
1284.2268420173286,76.58539900875073,139.88023555455067,-0.002033012594499539,0.09627448682682188,0.011796453320360455,-0.006498652552366924,0,0,-0.004465639957867385,-0.09627448682682188,-0.011796453320360455,0.0021242838658313843,0.0004552036855331048,0,0
602.1580731583105,73.41971802386729,120.13062066766372,-0.002033012594499539,0.09627448682682188,0.011796453320360455,-0.006498652552366924,0,0,-0.004465639957867385,-0.09627448682682188,-0.011796453320360455,0.0021242838658313843,0.0004552036855331048,0,0
1284.2268420173286,75.69750294678715,137.0639518589543,-0.002033012594499539,0.09627448682682188,0.011796453320360455,-0.006498652552366924,0,0,-0.004465639957867385,-0.09627448682682188,-0.011796453320360455,0.0021242838658313843,0.0004552036855331048,0,0
1284.2268420173286,76.28731360165042,137.0639518589543,-0.002033012594499539,0.09627448682682188,0.011796453320360455,-0.006498652552366924,0,0,-0.004465639957867385,-0.09627448682682188,-0.011796453320360455,0.0021242838658313843,0.0004552036855331048,0,0
1284.2268420173286,75.99135610686974,130.08105893503551,-0.002033012594499539,0.09627448682682188,0.011796453320360455,-0.006498652552366924,0,0,-0.004465639957867385,-0.09627448682682188,-0.011796453320360455,0.0021242838658313843,0.0004552036855331048,0,0
1284.2268420173286,75.99135610686974,134.3591943699604,-0.002033012594499539,0.09627448682682188,0.011796453320360455,-0.006498652552366924,0,0,-0.004465639957867385,-0.09627448682682188,-0.011796453320360455,0.0021242838658313843,0.0004552036855331048,0,0
1284.2268420173286,75.69750294678715,130.91477695173097,-0.002033012594499539,0.09627448682682188,0.011796453320360455,-0.006498652552366924,0,0,-0.004465639957867385,-0.09627448682682188,-0.011796453320360455,0.0021242838658313843,0.0004552036855331048,0,0
239.3652489782259,72.05879380612686,120.13062066766372,-0.002033012594499539,0.09627448682682188,0.011796453320360455,-0.006498652552366924,0,0,-0.004465639957867385,-0.09627448682682188,-0.011796453320360455,0.0021242838658313843,0.0004552036855331048,0,0
602.1580731583105,72.05879380612686,113.44477390085575,-0.002033012594499539,0.09627448682682188,0.011796453320360455,-0.006498652552366924,0,0,-0.004465639957867385,-0.09627448682682188,-0.011796453320360455,0.0021242838658313843,0.0004552036855331048,0,0
624.3377665398167,72.05879380612686,118.0448484665879,-0.002033012594499539,0.09627448682682188,0.011796453320360455,-0.006498652552366924,0,0,-0.004465639957867385,-0.09627448682682188,-0.011796453320360455,0.0021242838658313843,0.0004552036855331048,0,0
1284.2268420173286,75.99135610686974,129.25786434407527,-0.002033012594499539,0.09627448682682188,0.011796453320360455,-0.006498652552366924,0,0,-0.004465639957867385,-0.09627448682682188,-0.011796453320360455,0.0021242838658313843,0.0004552036855331048,0,0
