FDist,LDist,RDist,XEst,YEst,ThetaEst,XDes,YDes,ThetaDes,XError,YError,ThetaError,SL,SR,RW,LW
239.3652489782259,80.66556470717478,86.2760268879407,0.0,0.0,0.0,0,0,0,0.0,0.0,0.0,0.0,0.0,0,0
1284.2268420173286,84.8062010048873,94.40905615911757,0.0,0.0,0.0,0,0,0,0.0,0.0,0.0,0.0,0.0,0,0
1284.2268420173286,84.8062010048873,89.36420701132127,0.0,0.0,0.0,0,0,0,0.0,0.0,0.0,0.0,0.0,0,0
1180.1265773010464,83.38264517783642,93.53102222430564,0.0,0.0,0.0,0,0,0,0.0,0.0,0.0,0.0,0.0,0,0
1284.2268420173286,84.8062010048873,91.40254728973653,0.0,0.0,0.0,0,0,0,0.0,0.0,0.0,0.0,0.0,0,0
1284.2268420173286,82.00312876373096,91.40254728973653,0.0,0.0,0.0,0,0,0,0.0,0.0,0.0,0.0,0.0,0,0
1284.2268420173286,78.419964244608,91.40254728973653,0.0,0.0,0.0,0,0,0,0.0,0.0,0.0,0.0,0.0,0,0
1284.2268420173286,83.03372126641216,91.82083615681199,0.0,0.0,0.0,0,0,0,0.0,0.0,0.0,0.0,0.0,0,0
1284.2268420173286,83.73432085224402,91.40254728973653,0.0,0.0,0.0,0,0,0,0.0,0.0,0.0,0.0,0.0,0,0
1284.2268420173286,83.03372126641216,91.40254728973653,0.0,0.0,0.0,0,0,0,0.0,0.0,0.0,0.0,0.0,0,0
1284.2268420173286,84.08878225753256,91.82083615681199,0.0,0.0,0.0,0,0,0,0.0,0.0,0.0,0.0,0.0,0,0
1180.1265773010464,84.08878225753256,92.2427776670329,0.0,0.0,0.0,0,0,0,0.0,0.0,0.0,0.0,0.0,0,0
1284.2268420173286,85.16922919230018,91.40254728973653,0.0,0.0,0.0,0,0,0,0.0,0.0,0.0,0.0,0.0,0,0
1093.1463157010076,85.16922919230018,91.40254728973653,0.0,0.0,0.0,0,0,0,0.0,0.0,0.0,0.0,0.0,0,0
1284.2268420173286,85.16922919230018,91.82083615681199,0.0,0.0,0.0,0,0,0,0.0,0.0,0.0,0.0,0.0,0,0
602.1580731583105,78.73363637499943,83.38264517783642,0.0,0.0,0.0,4.0,0,0,4.0,0.0,0.0,0.0,0.0,0,0
624.3377665398167,80.66556470717478,81.6648832554738,0.002655354450567438,1.4238076285058125e-06,0.0010724048473055104,4.0,0,0,3.9973446455494326,-1.4238076285058125e-06,-0.0010724048473055104,-0.0025794875513693695,-0.002731222113214626,0,0
624.3377665398167,80.66556470717478,87.41019065628254,0.023215148174321187,0.00010064247886986529,0.008579238778444121,4.0,0,0,3.9767848518256788,-0.00010064247886986529,-0.008579238778444121,-0.022608449714943295,-0.023822326209705355,0,0
955.6520228707801,89.36420701132127,80.01189902085736,0.0525731479414496,0.0004942118191032994,0.01823088240419375,4.0,0,0,3.9474268520585505,-0.0004942118191032994,-0.01823088240419375,-0.05128628190369687,-0.05386576945506624,0,0
1411.3480414449798,69.7215507122142,75.99135610686974,0.08192800759598279,0.0010766736761747937,0.021448096946110294,4.0,0,0,3.918071992404017,-0.0010766736761747937,-0.021448096946110294,-0.08041931777798622,-0.08345400901489136,0,0
602.1580731583105,61.599435781669065,76.58539900875073,0.10574429304066642,0.0016131190685173243,0.023592906640721313,4.0,0,0,3.8942557069593335,-0.0016131190685173243,-0.023592906640721313,-0.10408990942584631,-0.10742806978644197,0,0
1411.3480414449798,63.89502910136053,92.66842176880655,0.13539976487264843,0.0023288180847376586,0.024665311488026812,4.0,0,0,3.8646002351273516,-0.0023288180847376586,-0.024665311488026812,-0.13367814898567143,-0.13716804390811235,0,0
1284.2268420173286,60.603559569501805,96.21317986298715,0.1649790044778186,0.0030585472328008476,0.024665311488026812,4.0,0,0,3.8350209955221812,-0.0030585472328008476,-0.024665311488026812,-0.16326638854549655,-0.16675628346793747,0,0
1180.1265773010464,64.3287418393918,121.56203207857888,0.19455661091872703,0.003851716493634972,0.028954930877248854,4.0,0,0,3.805443389081273,-0.003851716493634972,-0.028954930877248854,-0.19255115898163117,-0.1966479921514531,0,0
293.3703955349555,68.97275209823704,328.72509627198025,0.22435434486821346,0.004890682335326867,0.04075138419760951,4.0,0,0,3.7756456551317865,-0.004890682335326867,-0.04075138419760951,-0.22153246029407525,-0.227298373644195,0,0
1284.2268420173286,108.02276929750369,225.71785045590883,0.254292247681759,0.006223943116674717,0.048258218128748115,4.0,0,0,3.745707752318241,-0.006223943116674717,-0.048258218128748115,-0.2509689652920551,-0.2577970205750917,0,0
1284.2268420173286,104.1428794944386,225.71785045590883,0.2836959885559887,0.007612413172976352,0.046113408434137096,4.0,0,0,3.716304011444011,-0.007612413172976352,-0.046113408434137096,-0.2805572048518802,-0.2870817910112263,0,0
239.3652489782259,65.88884418534775,390.5444991736698,0.3134864205606366,0.008843087590127063,0.03646176480838746,4.0,0,0,3.6865135794393633,-0.008843087590127063,-0.03646176480838746,-0.31105585178277684,-0.3162148268855156,0,0
624.3377665398167,63.466481404640184,142.81538054950164,0.34343796775808544,0.009823102724383602,0.028954930877248854,4.0,0,0,3.6565620322419146,-0.009823102724383602,-0.028954930877248854,-0.3415544987136735,-0.34565133188349545,0,0
1411.3480414449798,63.89502910136053,100.02692680886574,0.37316966525350903,0.010524690066235812,0.0182308824041937,4.0,0,0,3.626830334746491,-0.010524690066235812,-0.0182308824041937,-0.37205314564457015,-0.37463263319593954,0,0
1284.2268420173286,57.06386143042885,71.00273031673345,0.4029071768276255,0.0109073990116676,0.007506833931138546,4.0,0,0,3.5970928231723747,-0.0109073990116676,-0.007506833931138546,-0.4025517925754668,-0.4036139345083836,0,0
1284.2268420173286,56.0199058821893,63.89502910136053,0.42665322269890293,0.011047460196703019,0.004289619389222002,4.0,0,0,3.573346777301097,-0.011047460196703019,-0.004289619389222002,-0.4265258533470174,-0.42713279159439843,0,0
1411.3480414449798,57.95982861765,76.28731360165042,0.4565440891492849,0.011271850182202761,0.010724048473055088,4.0,0,0,3.543455910850715,-0.011271850182202761,-0.010724048473055088,-0.45596235834499727,-0.45747970396344984,0,0
1284.2268420173286,56.887544214014945,107.45140018288424,0.4867358638695393,0.011725173521775524,0.019303287251499195,4.0,0,0,3.5132641361304606,-0.011725173521775524,-0.019303287251499195,-0.48555059790482236,-0.488281820018037,0,0
1284.2268420173286,60.01951173605402,168.8620920208621,0.5166206974118133,0.012366244633852105,0.023592906640721237,4.0,0,0,3.4833793025881867,-0.012366244633852105,-0.023592906640721237,-0.5151388374646475,-0.5184769978252431,0,0
602.1580731583105,58.880520330140875,288.9697116820819,0.5465016639187823,0.013167548964028115,0.030027335724554325,4.0,0,0,3.4534983360812177,-0.013167548964028115,-0.030027335724554325,-0.5445753424626274,-0.5488239101942946,0,0
602.1580731583105,70.2289601667081,233.7026839645806,0.5760735545214379,0.014151015503453683,0.03646176480838741,4.0,0,0,3.4239264454785623,-0.014151015503453683,-0.03646176480838741,-0.5737083783369168,-0.5788673534396555,0,0
1284.2268420173286,104.68049512451793,198.76603234393832,0.6054856206631918,0.015350261837277036,0.045041003586831524,4.0,0,0,3.394514379336808,-0.015350261837277036,-0.045041003586831524,-0.6025379450875157,-0.6089107966850164,0,0
602.1580731583105,150.1726803268919,185.91929651913173,0.6348143170661884,0.01671942744199192,0.048258218128748066,4.0,0,0,3.3651856829338116,-0.01671942744199192,-0.048258218128748066,-0.6316709809618051,-0.6384990362448415,0,0
602.1580731583105,107.45140018288424,218.28532251964043,0.6643725489870442,0.018051660890941148,0.04182378904491498,4.0,0,0,3.3356274510129555,-0.018051660890941148,-0.04182378904491498,-0.661714424207166,-0.6676320721191309,0,0
1284.2268420173286,74.25900132173959,407.8990969411948,0.6938647245707684,0.019143309583201346,0.032172145419165375,4.0,0,0,3.3061352754292317,-0.019143309583201346,-0.032172145419165375,-0.6919096020143721,-0.6964616388697298,0,0
1284.2268420173286,62.624502623767405,323.12240163650586,0.717070381461391,0.019815415613477983,0.025737716335332287,4.0,0,0,3.282929618538609,-0.019815415613477983,-0.025737716335332287,-0.7155801936622322,-0.7192218231465184,0,0
498.3296704628293,56.36420238587991,120.13062066766372,0.7468041822415394,0.020421346239925278,0.015013667862277133,4.0,0,0,3.253195817758461,-0.020421346239925278,-0.015013667862277133,-0.7460788405931289,-0.7482031244589625,0,0
1284.2268420173286,61.599435781669065,87.79450977305973,0.7763907204167346,0.02073864587326348,0.006434429083833026,4.0,0,0,3.2236092795832656,-0.02073864587326348,-0.006434429083833026,-0.776274018400335,-0.7771844257714067,0,0
239.3652489782259,50.67478248141688,72.86976705815192,0.8056754908528693,0.02073864587326348,-0.006434429083833123,4.0,0,0,3.1943245091471306,-0.02073864587326348,0.006434429083833123,-0.8064691962075412,-0.8055587888364697,0,0
1284.2268420173286,52.92110467639207,67.99665713203012,0.8354908136241537,0.020562786302276516,-0.0053620242365276,4.0,0,0,3.164509186375846,-0.020562786302276516,0.0053620242365276,-0.8362091703292116,-0.8354504975199853,0,0
1284.2268420173286,50.102785059575574,72.59760196071355,0.8652303602153312,0.020403320604386103,-0.0053620242365276,4.0,0,0,3.1347696397846687,-0.020403320604386103,0.0053620242365276,-0.865949144450882,-0.8651904716416557,0,0
1284.2268420173286,63.466481404640184,81.32922784467303,0.8949700607172502,0.02027574782600059,-0.0032172145419165797,4.0,0,0,3.10502993928275,-0.02027574782600059,0.0032172145419165797,-0.8955373840107071,-0.8950821803251714,0,0
1284.2268420173286,72.86976705815192,94.40905615911757,0.9243306604472677,0.020228518111057706,-3.599551212651875e-17,4.0,0,0,3.075669339552732,-0.020228518111057706,3.599551212651875e-17,-0.9246704198849965,-0.9246704198849965,0,0
1284.2268420173286,77.49266392626436,112.81620876492863,0.9476977292246387,0.02027863610355715,0.004289619389222031,4.0,0,0,3.0523022707753613,-0.02027863610355715,-0.004289619389222031,-0.9477340732854757,-0.9483410115328567,0,0
1284.2268420173286,80.01189902085736,102.04483787812359,0.9778163080096994,0.020488585018259852,0.00965164362574962,4.0,0,0,3.0221836919903007,-0.020488585018259852,-0.00965164362574962,-0.977474047407146,-0.9788396584637533,0,0
624.3377665398167,80.33749690282312,89.76495072901147,1.0078576609119358,0.0208429828745035,0.013941263014971686,4.0,0,0,2.992142339088064,-0.0208429828745035,-0.013941263014971686,-1.0072140215288163,-1.0091865708328047,0,0
1284.2268420173286,88.5727896902875,106.32612268515561,1.0382781270240595,0.02121816703196577,0.010724048473055142,4.0,0,0,2.9617218729759403,-0.02121816703196577,-0.010724048473055142,-1.0378644030215582,-1.0393817486400108,0,0
1284.2268420173286,88.18202887947652,102.56164513946942,1.0686232943832341,0.021543602553338287,0.010724048473055142,4.0,0,0,2.931376705616766,-0.021543602553338287,-0.010724048473055142,-1.0682113153906097,-1.0697286610090622,0,0
1411.3480414449798,85.53518482670935,107.45140018288424,1.0988155378884858,0.021964547832885605,0.01715847755688823,4.0,0,0,2.901184462111514,-0.021964547832885605,-0.01715847755688823,-1.09795128951228,-1.100379042501804,0,0
1284.2268420173286,88.5727896902875,106.32612268515561,1.129004447864249,0.02257975290769689,0.023592906640721317,4.0,0,0,2.870995552135751,-0.02257975290769689,-0.023592906640721317,-1.1276912636339504,-1.131029423994546,0,0
1284.2268420173286,87.02903054016306,102.04483787812359,1.1583549520640726,0.023351083166675113,0.02895493087724888,4.0,0,0,2.8416450479359274,-0.023351083166675113,-0.02895493087724888,-1.1566725649463945,-1.1607693981162164,0,0
1284.2268420173286,87.79450977305973,102.56164513946942,1.1820910852736974,0.02405129164370536,0.03002733572455438,4.0,0,0,2.817908914726303,-0.02405129164370536,-0.03002733572455438,-1.1803431565942546,-1.1845917243259216,0,0
1284.2268420173286,88.18202887947652,106.32612268515561,1.2118156695882494,0.025007925369178043,0.03431695511377645,4.0,0,0,2.7881843304117506,-0.025007925369178043,-0.03431695511377645,-1.2097796615922345,-1.2146351675712825,0,0
1284.2268420173286,87.79450977305973,106.32612268515561,1.2353960646475122,0.02583010953397748,0.03538935996108197,4.0,0,0,2.764603935352488,-0.02583010953397748,-0.03538935996108197,-1.2332985186782492,-1.2383057592191427,0,0
1284.2268420173286,88.96683466233691,102.56164513946942,1.2651915016768274,0.026932983405592543,0.038606574502998516,4.0,0,0,2.7348084983231726,-0.026932983405592543,-0.038606574502998516,-1.2628867582380743,-1.2683492024645036,0,0
1284.2268420173286,88.18202887947652,106.32612268515561,1.295212558313641,0.028092569731167197,0.038606574502998516,4.0,0,0,2.704787441686359,-0.028092569731167197,-0.038606574502998516,-1.2929302014834352,-1.2983926457098645,0,0
1284.2268420173286,87.02903054016306,106.32612268515561,1.3253146853103372,0.02910982921303788,0.028954930877248885,4.0,0,0,2.674685314689663,-0.02910982921303788,-0.028954930877248885,-1.3237323175380225,-1.3278291507078444,0,0
1284.2268420173286,88.5727896902875,105.77203060255431,1.3555761180900978,0.029872624626996892,0.021448096946110273,4.0,0,0,2.644423881909902,-0.029872624626996892,-0.021448096946110273,-1.3545344335926097,-1.3575691248295148,0,0
1284.2268420173286,86.65098914560704,102.56164513946942,1.3792427762079438,0.030304136495594183,0.015013667862277211,4.0,0,0,2.6207572237920562,-0.030304136495594183,-0.015013667862277211,-1.3786602289260055,-1.380784512791839,0,0
239.3652489782259,80.66556470717478,95.7560002023429,1.4094368427890265,0.030563184958127234,0.0021448096946110624,4.0,0,0,2.5905631572109735,-0.030563184958127234,-0.0021448096946110624,-1.4097658141042833,-1.4100692832279735,0,0
1284.2268420173286,85.16922919230018,103.08353533160607,1.439556114346693,0.030514734837113474,-0.005362024236527523,4.0,0,0,2.560443885653307,-0.030514734837113474,0.005362024236527523,-1.4404161955970252,-1.4396575227877986,0,0
1284.2268420173286,85.16922919230018,99.04654639912101,1.4692952505105248,0.03029148388707312,-0.009651643625749589,4.0,0,0,2.530704749489475,-0.03029148388707312,0.009651643625749589,-1.470459638842386,-1.4690940277857785,0,0
1284.2268420173286,85.53518482670935,102.56164513946942,1.4992609266518575,0.029954048593805807,-0.012868858167666133,4.0,0,0,2.5007390733481425,-0.029954048593805807,0.012868858167666133,-1.500654816649592,-1.4988340019074489,0,0
1284.2268420173286,85.16922919230018,103.08353533160607,1.5292266027931902,0.029616613300538493,-0.009651643625749589,4.0,0,0,2.47077339720681,-0.029616613300538493,0.009651643625749589,-1.5303947907712625,-1.529029179714655,0,0
1284.2268420173286,85.53518482670935,102.56164513946942,1.559724618375641,0.029420373273832914,-0.0032172145419165016,4.0,0,0,2.440275381624359,-0.029420373273832914,0.0032172145419165016,-1.5604382340166234,-1.5599830303310873,0,0
1411.3480414449798,84.8062010048873,105.77203060255431,1.5898439245720775,0.029404223227303863,0.0021448096946110875,4.0,0,0,2.4101560754279223,-0.029404223227303863,-0.0021448096946110875,-1.5901782081382938,-1.590481677261984,0,0
1284.2268420173286,85.16922919230018,102.56164513946942,1.6138178612723437,0.029481352791192194,0.004289619389222108,4.0,0,0,2.3861821387276563,-0.029481352791192194,-0.004289619389222108,-1.614000534347999,-1.6146074725953798,0,0
900.238757316699,85.16922919230018,103.08353533160607,1.6438606825923698,0.029674663862275307,0.008579238778444175,4.0,0,0,2.35613931740763,-0.029674663862275307,-0.008579238778444175,-1.6437405084696695,-1.6449543849644312,0,0
1284.2268420173286,88.5727896902875,102.56164513946942,1.6736755596003046,0.029914471173065716,0.007506833931138652,4.0,0,0,2.3263244403996954,-0.029914471173065716,-0.007506833931138652,-1.673632217153185,-1.6746943590861016,0,0
340.5824855543227,80.33749690282312,92.2427776670329,1.7034904366082393,0.030154278483856125,0.008579238778444175,4.0,0,0,2.2965095633917607,-0.030154278483856125,-0.008579238778444175,-1.7033721912748554,-1.7045860677696172,0,0
602.1580731583105,80.01189902085736,98.56325615049124,1.73284955063578,0.030453394966440474,0.011796453320360719,4.0,0,0,2.26715044936422,-0.030453394966440474,-0.011796453320360719,-1.7325052271491448,-1.7341743073294422,0,0
1284.2268420173286,87.41019065628254,102.56164513946942,1.7622831950579851,0.030863763731426304,0.01608607270958276,4.0,0,0,2.237716804942015,-0.030863763731426304,-0.01608607270958276,-1.7616382630234342,-1.7639142814511126,0,0
1284.2268420173286,88.18202887947652,104.1428794944386,1.7919420781513287,0.03142043986229505,0.021448096946110325,4.0,0,0,2.2080579218486713,-0.03142043986229505,-0.021448096946110325,-1.7909230334595687,-1.7939577246964735,0,0
1284.2268420173286,87.79450977305973,102.56164513946942,1.8216737756467523,0.03212202720414726,0.02573771633533239,4.0,0,0,2.1783262243532477,-0.03212202720414726,-0.02573771633533239,-1.8203595384575486,-1.8240011679418344,0,0
1284.2268420173286,88.18202887947652,105.77203060255431,1.8514793264233174,0.03290531607179181,0.026810121182637914,4.0,0,0,2.148520673576683,-0.03290531607179181,-0.026810121182637914,-1.850099512579219,-1.85389287662535,0,0
1284.2268420173286,87.79450977305973,106.88588226030939,1.8812848771998825,0.033688604939436366,0.02573771633533239,4.0,0,0,2.1187151228001175,-0.033688604939436366,-0.02573771633533239,-1.8799912212627345,-1.8836328507470204,0,0
1093.1463157010076,88.5727896902875,105.22351709380416,1.9112437298178695,0.0344116256847229,0.02252050179341585,4.0,0,0,2.0887562701821305,-0.0344116256847229,-0.02252050179341585,-1.9101863990699406,-1.9133728248686908,0,0
1284.2268420173286,85.16922919230018,105.77203060255431,1.9417330998724296,0.03516380803734188,0.026810121182637914,4.0,0,0,2.0582669001275704,-0.03516380803734188,-0.026810121182637914,-1.9403815768771466,-1.944174940923278,0,0
239.3652489782259,80.66556470717478,99.04654639912101,1.9725976564740824,0.0360743027662598,0.03217214541916548,4.0,0,0,2.0274023435259174,-0.0360743027662598,-0.03217214541916548,-1.9708802238080434,-1.975432260663401,0,0
1411.3480414449798,88.5727896902875,105.77203060255431,2.0033792997018547,0.03719715344128342,0.04075138419760956,4.0,0,0,1.9966207002981453,-0.03719715344128342,-0.04075138419760956,-2.0010754016152497,-2.006841314965369,0,0
1284.2268420173286,87.79450977305973,105.77203060255431,2.0335494087854062,0.03842730818577233,0.04075138419760956,4.0,0,0,1.9664505912145938,-0.03842730818577233,-0.04075138419760956,-2.031270579422456,-2.0370364927725753,0,0
1284.2268420173286,87.79450977305973,105.77203060255431,2.064180598908145,0.03951177916981156,0.03002733572455446,4.0,0,0,1.9358194010918548,-0.03951177916981156,-0.03002733572455446,-2.062679633724424,-2.066928201456091,0,0
1284.2268420173286,88.18202887947652,105.77203060255431,2.0944411962614518,0.040307026646122436,0.022520501793415852,4.0,0,0,1.9055588037385482,-0.040307026646122436,-0.022520501793415852,-2.0934817497790115,-2.096668175577761,0,0
230.97580043058096,85.16922919230018,98.08447665807216,2.124783641472006,0.04082770791079731,0.011796453320360724,4.0,0,0,1.875216358527994,-0.04082770791079731,-0.011796453320360724,-2.124587334957289,-2.1262564151375862,0,0
602.1580731583105,81.6648832554738,95.7560002023429,2.1549777080530887,0.04108675637333036,0.005362024236527637,4.0,0,0,1.8450222919469113,-0.04108675637333036,-0.005362024236527637,-2.155237716450031,-2.1559963892592564,0,0
1284.2268420173286,87.02903054016306,102.04483787812359,2.185323992214731,0.04128202008149512,0.007506833931138683,4.0,0,0,1.8146760077852688,-0.04128202008149512,-0.007506833931138683,-2.185432894257237,-2.186495036190153,0,0
1284.2268420173286,80.66556470717478,105.77203060255431,2.215744843183527,0.041624580974153835,0.015013667862277293,4.0,0,0,1.784255156816473,-0.041624580974153835,-0.015013667862277293,-2.2153246029407527,-2.2174488868065856,0,0
1284.2268420173286,84.8062010048873,106.32612268515561,2.245631584524653,0.042169503013344004,0.02144809694611038,4.0,0,0,1.754368415475347,-0.042169503013344004,-0.02144809694611038,-2.2447611079387326,-2.2477957991756368,0,0
1284.2268420173286,85.53518482670935,105.22351709380416,2.2758175777627496,0.04291420096444439,0.02788252602994347,4.0,0,0,1.7241824222372504,-0.04291420096444439,-0.02788252602994347,-2.274501082060403,-2.2784461806683787,0,0
624.3377665398167,88.18202887947652,92.66842176880655,2.3061487862469865,0.04389035782717162,0.0364617648083876,4.0,0,0,1.6938512137530135,-0.04389035782717162,-0.0364617648083876,-2.304241056182073,-2.3094000312848113,0,0
900.238757316699,88.5727896902875,106.32612268515561,2.33662595224121,0.0450348304463496,0.03860657450299862,4.0,0,0,1.66337404775879,-0.0450348304463496,-0.03860657450299862,-2.3345879685511246,-2.340050412777553,0,0
1284.2268420173286,88.18202887947652,105.77203060255431,2.367177046965688,0.046231296252253876,0.039678979350304115,4.0,0,0,1.632822953034312,-0.046231296252253876,-0.039678979350304115,-2.365086615482021,-2.370700794270295,0,0
1284.2268420173286,87.79450977305973,106.88588226030939,2.3977255052299964,0.047493285540070006,0.04289619389222066,4.0,0,0,1.6022744947700036,-0.047493285540070006,-0.04289619389222066,-2.3954335278510728,-2.4015029103248824,0,0
1284.2268420173286,88.5727896902875,105.77203060255431,2.4284963825629897,0.04888017472025818,0.047185813281442696,4.0,0,0,1.5715036174370103,-0.04888017472025818,-0.047185813281442696,-2.4259321747819693,-2.43260849550316,0,0
1284.2268420173286,88.18202887947652,105.22351709380416,2.4584356979565127,0.05018132918900482,0.03967897935030409,4.0,0,0,1.5415643020434873,-0.05018132918900482,-0.03967897935030409,-2.456430821712866,-2.46204500050114,0,0
1284.2268420173286,80.01189902085736,106.88588226030939,2.488613097781484,0.051217332380411096,0.028954930877248933,4.0,0,0,1.5113869022185158,-0.051217332380411096,-0.028954930877248933,-2.4873846723292985,-2.4914815054991197,0,0
206.97300472647143,75.11601708077,86.2760268879407,2.5187990910195808,0.05196203033151148,0.020375692098804826,4.0,0,0,1.4812009089804192,-0.05196203033151148,-0.020375692098804826,-2.5181867883838858,-2.521069745058945,0,0
1284.2268420173286,85.90410486184942,105.22351709380416,2.548991768587179,0.05235059706692437,0.005362024236527631,4.0,0,0,1.4510082314128212,-0.05235059706692437,-0.005362024236527631,-2.5494441081240087,-2.550202780933234,0,0
602.1580731583105,78.419964244608,95.7560002023429,2.579414508875905,0.05230165878348226,-0.008579238778444017,4.0,0,0,1.4205854911240952,-0.05230165878348226,0.008579238778444017,-2.580853162425977,-2.579639285931214,0,0
1093.1463157010076,83.73432085224402,103.61058678886198,2.609910630439157,0.05190918685474864,-0.017158477556888124,4.0,0,0,1.390089369560843,-0.05190918685474864,0.017158477556888124,-2.6119587476042545,-2.6095309946147296,0,0
1284.2268420173286,83.38264517783642,102.56164513946942,2.6404053315137404,0.05141860456063403,-0.015013667862277104,4.0,0,0,1.3595946684862596,-0.05141860456063403,0.015013667862277104,-2.6423056599733057,-2.6401813761074715,0,0
1284.2268420173286,82.34399565000513,105.77203060255431,2.6707497310791655,0.051028085228560775,-0.010724048473055062,4.0,0,0,1.3292502689208345,-0.051028085228560775,0.010724048473055062,-2.6723491032186666,-2.6708317576002134,0,0
1284.2268420173286,83.03372126641216,106.88588226030939,2.701170931919072,0.05071814799466847,-0.009651643625749539,4.0,0,0,1.298829068080928,-0.05071814799466847,0.009651643625749539,-2.702696015587718,-2.70133040453111,0,0
1284.2268420173286,83.03372126641216,105.77203060255431,2.7318201854335378,0.05045519427893141,-0.007506833931138518,4.0,0,0,1.2681798145664622,-0.05045519427893141,0.007506833931138518,-2.7331946625186148,-2.732132520585697,0,0
239.3652489782259,79.6887422048836,101.5330368193872,2.7624697033166705,0.05022510911613472,-0.007506833931138518,4.0,0,0,1.2375302966833295,-0.05022510911613472,0.007506833931138518,-2.7638450440113567,-2.762782902078439,0,0
1284.2268420173286,85.90410486184942,105.77203060255431,2.7928921287160255,0.05007829477234215,-0.002144809694610954,4.0,0,0,1.2071078712839745,-0.05007829477234215,0.002144809694610954,-2.7938884872567176,-2.7935850181330264,0,0
602.1580731583105,80.66556470717478,91.82083615681199,2.8230868724489047,0.050240201271730886,0.012868858167666242,4.0,0,0,1.1769131275510953,-0.050240201271730886,-0.012868858167666242,-2.8230215231310067,-2.8248423378731493,0,0
1284.2268420173286,85.53518482670935,109.18344276436585,2.853653998482949,0.05091230640307235,0.031099740571859956,4.0,0,0,1.1463460015170508,-0.05091230640307235,-0.031099740571859956,-2.8523062935671413,-2.8567065958606532,0,0
1284.2268420173286,85.16922919230018,109.18344276436585,2.88412991961426,0.05208946221842844,0.046113408434137124,4.0,0,0,1.11587008038574,-0.05208946221842844,-0.046113408434137124,-2.881742798565121,-2.888267384724467,0,0
206.97300472647143,79.6887422048836,93.09781934285294,2.9141383862275942,0.05353874257557553,0.05040302782335919,4.0,0,0,1.0858616137724058,-0.05353874257557553,-0.05040302782335919,-2.9114827726867913,-2.9186142970935185,0,0
1284.2268420173286,85.16922919230018,109.18344276436585,2.944518311534243,0.05515294826052493,0.05576505205988675,4.0,0,0,1.0554816884657572,-0.05515294826052493,-0.05576505205988675,-2.9415262159321522,-2.9494164131481058,0,0
1284.2268420173286,85.53518482670935,105.77203060255431,2.9745113927303573,0.056891787643704485,0.06005467144910882,4.0,0,0,1.0254886072696427,-0.056891787643704485,-0.06005467144910882,-2.9712661900538224,-2.9797633255171574,0,0
602.1580731583105,84.08878225753256,101.5330368193872,3.004803597510376,0.05871316621508664,0.06005467144910882,4.0,0,0,0.9951964024896238,-0.05871316621508664,-0.06005467144910882,-3.0016131024228736,-3.0101102378862086,0,0
955.6520228707801,82.34399565000513,93.96808322544976,3.03495362537279,0.060363797217001254,0.04933062297605366,4.0,0,0,0.9650463746272102,-0.060363797217001254,-0.04933062297605366,-3.0325669530393062,-3.0395467428841885,0,0
1284.2268420173286,83.03372126641216,105.77203060255431,3.0649665993231974,0.06171652656516509,0.040751384197609555,4.0,0,0,0.9350334006768026,-0.06171652656516509,-0.040751384197609555,-3.063217334532048,-3.0689832478821684,0,0
1411.3480414449798,85.53518482670935,109.77294326259755,3.0951405099343936,0.06284961139708757,0.03431695511377647,4.0,0,0,0.9048594900656064,-0.06284961139708757,-0.03431695511377647,-3.09386771602479,-3.0987232220038385,0,0
624.3377665398167,80.66556470717478,95.30295822324965,3.1245637453511583,0.06373337839450419,0.025737716335332363,4.0,0,0,0.8754362546488417,-0.06373337839450419,-0.025737716335332363,-3.123911159270151,-3.1275527887544374,0,0
239.3652489782259,78.73363637499943,101.5330368193872,3.1543730676482924,0.0643568386820692,0.016086072709582733,4.0,0,0,0.8456269323517076,-0.0643568386820692,-0.016086072709582733,-3.1544098062010475,-3.1566858246287266,0,0
1284.2268420173286,83.38264517783642,110.36868736531008,3.1840352939046497,0.06469085690907558,0.006434429083833102,4.0,0,0,0.8159647060953503,-0.06469085690907558,-0.006434429083833102,-3.1847567185700987,-3.185667125941171,0,0
1180.1265773010464,83.38264517783642,106.88588226030939,3.213395927400924,0.0646751136647261,-0.00750683393113857,4.0,0,0,0.7866040725990762,-0.0646751136647261,0.00750683393113857,-3.21510363093915,-3.214041489006234,0,0
1284.2268420173286,77.18804967871625,105.22351709380416,3.2428307397393232,0.06435944120899476,-0.013941263014971658,4.0,0,0,0.7571692602606768,-0.06435944120899476,0.013941263014971658,-3.2449953396226654,-3.2430227903186784,0,0
1284.2268420173286,83.73432085224402,110.36868736531008,3.2723404604354807,0.0639638379186826,-0.012868858167666135,4.0,0,0,0.7276595395645193,-0.0639638379186826,0.012868858167666135,-3.2744318446206453,-3.2726110298785036,0,0
1411.3480414449798,82.68751571021457,106.32612268515561,3.302306136576813,0.06362640262541529,-0.00965164362574959,4.0,0,0,0.6976938634231868,-0.06362640262541529,0.00965164362574959,-3.3041718187423155,-3.30280620768571,0,0
602.1580731583105,78.73363637499943,98.08447665807216,3.331817791859908,0.06342068441932121,-0.004289619389222027,4.0,0,0,0.6681822081400921,-0.06342068441932121,0.004289619389222027,-3.3333048546166046,-3.3326979163692254,0,0
1284.2268420173286,82.68751571021457,109.77294326259755,3.3615574923618268,0.06329311164093569,-0.004289619389222027,4.0,0,0,0.6384425076381732,-0.06329311164093569,0.004289619389222027,-3.363044828738275,-3.3624378904908956,0,0
1284.2268420173286,83.73432085224402,109.77294326259755,3.3912973980784806,0.06322932510502731,3.9898639947466563e-17,4.0,0,0,0.6087026019215194,-0.06322932510502731,-3.9898639947466563e-17,-3.3924813337362547,-3.3924813337362565,0,0
1284.2268420173286,80.99613175561399,109.18344276436585,3.4211890380079746,0.06329343708244543,0.004289619389222081,4.0,0,0,0.5788109619920254,-0.06329343708244543,-0.004289619389222081,-3.42206957329608,-3.4226765115434628,0,0
1284.2268420173286,83.38264517783642,113.44477390085575,3.451002612028086,0.06366113626918526,0.0203756920988048,4.0,0,0,0.5489973879719141,-0.06366113626918526,-0.0203756920988048,-3.4507474054848335,-3.4536303621598954,0,0
1284.2268420173286,84.8062010048873,110.36868736531008,3.4806556278328626,0.06447223943213745,0.03431695511377647,4.0,0,0,0.5193443721671374,-0.06447223943213745,-0.03431695511377647,-3.479425237673587,-3.4842807436526373,0,0
1411.3480414449798,85.90410486184942,109.77294326259755,3.5106014896186037,0.0656128406304856,0.04182378904491508,4.0,0,0,0.48939851038139626,-0.0656128406304856,-0.04182378904491508,-3.508861742671567,-3.514779390583534,0,0
239.3652489782259,79.04963861634155,104.68049512451793,3.5400067025866506,0.06696977718018243,0.05040302782335919,4.0,0,0,0.4599932974133494,-0.06696977718018243,-0.05040302782335919,-3.537691309422166,-3.5448228338288947,0,0
1284.2268420173286,83.03372126641216,109.77294326259755,3.5690978678559198,0.06853114918220557,0.056837456907192274,4.0,0,0,0.43090213214408024,-0.06853114918220557,-0.056837456907192274,-3.5663691416109193,-3.57441107338872,0,0
1284.2268420173286,82.34399565000513,108.6000844939372,3.59855798253984,0.07028664351110081,0.062199481143719836,4.0,0,0,0.40144201746015984,-0.07028664351110081,-0.062199481143719836,-3.5955021774852085,-3.6043027820722355,0,0
624.3377665398167,80.66556470717478,98.08447665807216,3.6283977110466465,0.07204870215378249,0.05576505205988675,4.0,0,0,0.37160228895335345,-0.07204870215378249,-0.05576505205988675,-3.6258490898542597,-3.6337392870702154,0,0
602.1580731583105,78.10859556029456,101.5330368193872,3.6584779531504803,0.07358229321839058,0.046113408434137124,4.0,0,0,0.3415220468495197,-0.07358229321839058,-0.046113408434137124,-3.656651205908847,-3.6631757920681953,0,0
1284.2268420173286,83.73432085224402,112.81620876492863,3.6885715956589924,0.07482549358380745,0.03646176480838749,4.0,0,0,0.3114284043410076,-0.07482549358380745,-0.03646176480838749,-3.6874533219634342,-3.692612297066175,0,0
1284.2268420173286,80.99613175561399,114.72272976706012,3.7189017398668445,0.07583417721398752,0.0300273357245544,4.0,0,0,0.28109826013315553,-0.07583417721398752,-0.0300273357245544,-3.7182554380180215,-3.7225040057496908,0,0
1180.1265773010464,82.00312876373096,110.36868736531008,3.749162337220151,0.0766294246902984,0.02252050179341579,4.0,0,0,0.250837662779849,-0.0766294246902984,-0.02252050179341579,-3.7490575540726088,-3.752243979871361,0,0
1284.2268420173286,80.99613175561399,109.77294326259755,3.778669512471585,0.0771832533729274,0.01501366786227718,4.0,0,0,0.221330487528415,-0.0771832533729274,-0.01501366786227718,-3.7791009973179697,-3.781225281183805,0,0
1284.2268420173286,80.99613175561399,112.81620876492863,3.8087108653738215,0.07753765122917106,0.008579238778444093,4.0,0,0,0.19128913462617847,-0.07753765122917106,-0.008579238778444093,-3.809599644248866,-3.8108135207436304,0,0
624.3377665398167,76.88563626605912,94.8539958627646,3.838905765373219,0.07766717665212369,-1.3877787807814457e-17,4.0,0,0,0.16109423462678096,-0.07766717665212369,1.3877787807814457e-17,-3.8404017603034535,-3.8404017603034557,0,0
1284.2268420173286,80.01189902085736,109.18344276436585,3.869100509106098,0.07750527015273495,-0.010724048473055168,4.0,0,0,0.13089949089390185,-0.07750527015273495,0.010724048473055168,-3.871355610919886,-3.8698382653014356,0,0
1284.2268420173286,79.6887422048836,109.77294326259755,3.89929275261135,0.07708432487318763,-0.017158477556888256,4.0,0,0,0.10070724738864989,-0.07708432487318763,0.017158477556888256,-3.902005992412628,-3.8995782394231058,0,0
239.3652489782259,77.49266392626436,102.56164513946942,3.9284220193094597,0.07661570895045128,-0.015013667862277211,4.0,0,0,0.07157798069054033,-0.07661570895045128,0.015013667862277211,-3.9309872937250723,-3.9288630098592403,0,0
1284.2268420173286,81.32922784467303,108.6000844939372,3.9523940949661456,0.0763071986781134,-0.01072404847305517,4.0,0,0,0.04760590503385442,-0.0763071986781134,0.01072404847305517,-3.9546578853729324,-3.9531405397544814,0,0
602.1580731583105,76.58539900875073,102.04483787812359,3.9701465384925148,0.07617393152936483,-0.004289619389222082,4.0,0,0,0.029853461507485246,-0.07617393152936483,0.004289619389222082,-3.9719556254232917,-3.9713486871759125,0,0
1284.2268420173286,80.66556470717478,110.97077873540402,3.981754217455545,0.07615525931648043,0.0010724048473054948,4.0,0,0,0.018245782544454858,-0.07615525931648043,-0.0010724048473054948,-3.9831839829998406,-3.9833357175616877,0,0
1284.2268420173286,80.66556470717478,109.77294326259755,3.9894168117271827,0.07615936801849411,-2.190088388420719e-17,4.0,0,0,0.010583188272817345,-0.07615936801849411,2.190088388420719e-17,-3.9909224456539487,-3.9909224456539505,0,0
340.5824855543227,81.6648832554738,109.77294326259755,3.9945757868299214,0.07615936801849411,-2.190088388420719e-17,4.0,0,0,0.005424213170078573,-0.07615936801849411,2.190088388420719e-17,-3.9960814207566875,-3.9960814207566893,0,0
1284.2268420173286,80.99613175561399,110.36868736531008,3.995182723681282,0.07616066978453306,0.004289619389222029,4.0,0,0,0.0048172763187182,-0.07616066978453306,-0.004289619389222029,-3.996384889880378,-3.996991828127761,0,0
562.6000187683081,77.18804967871625,94.40905615911757,3.995182723681282,0.07616066978453306,0.004289619389222029,4.0,0,0,0.0048172763187182,-0.07616066978453306,-0.004289619389222029,-3.996384889880378,-3.996991828127761,0,0
1180.1265773010464,81.6648832554738,109.18344276436585,3.995182723681282,0.07616066978453306,0.004289619389222029,4.0,0,0,0.0048172763187182,-0.07616066978453306,-0.004289619389222029,-3.996384889880378,-3.996991828127761,0,0
1284.2268420173286,81.32922784467303,112.81620876492863,3.995182723681282,0.07616066978453306,0.004289619389222029,4.0,0,0,0.0048172763187182,-0.07616066978453306,-0.004289619389222029,-3.996384889880378,-3.996991828127761,0,0
1284.2268420173286,80.99613175561399,114.0802412881919,3.995182723681282,0.07616066978453306,0.004289619389222029,4.0,0,0,0.0048172763187182,-0.07616066978453306,-0.004289619389222029,-3.996384889880378,-3.996991828127761,0,0
1284.2268420173286,80.66556470717478,108.6000844939372,3.995182723681282,0.07616066978453306,0.004289619389222029,4.0,0,0,0.0048172763187182,-0.07616066978453306,-0.004289619389222029,-3.996384889880378,-3.996991828127761,0,0
1284.2268420173286,81.6648832554738,112.81620876492863,3.995182723681282,0.07616066978453306,0.004289619389222029,4.0,0,0,0.0048172763187182,-0.07616066978453306,-0.004289619389222029,-3.996384889880378,-3.996991828127761,0,0
239.3652489782259,77.18804967871625,105.22351709380416,3.995182723681282,0.07616066978453306,0.004289619389222029,4.0,0,0,0.0048172763187182,-0.07616066978453306,-0.004289619389222029,-3.996384889880378,-3.996991828127761,0,0
1284.2268420173286,75.40573089722304,98.08447665807216,3.995182723681282,0.07616066978453306,0.004289619389222029,4.0,0,0,0.0048172763187182,-0.07616066978453306,-0.004289619389222029,-3.996384889880378,-3.996991828127761,0,0
1284.2268420173286,81.6648832554738,112.19442975602797,3.995182723681282,0.07616066978453306,0.004289619389222029,4.0,0,0,0.0048172763187182,-0.07616066978453306,-0.004289619389222029,-3.996384889880378,-3.996991828127761,0,0
602.1580731583105,76.58539900875073,104.68049512451793,3.995182723681282,0.07616066978453306,0.004289619389222029,4.0,0,0,0.0048172763187182,-0.07616066978453306,-0.004289619389222029,-3.996384889880378,-3.996991828127761,0,0
624.3377665398167,81.32922784467303,105.77203060255431,3.995182723681282,0.07616066978453306,0.004289619389222029,4.0,0,0,0.0048172763187182,-0.07616066978453306,-0.004289619389222029,-3.996384889880378,-3.996991828127761,0,0
239.3652489782259,69.22073170815571,104.68049512451793,3.995182723681282,0.07616066978453306,0.004289619389222029,4.0,0,0,0.0048172763187182,-0.07616066978453306,-0.004289619389222029,-3.996384889880378,-3.996991828127761,0,0
1284.2268420173286,82.00312876373096,116.69355260679126,3.995182723681282,0.07616066978453306,0.004289619389222029,4.0,0,0,0.0048172763187182,-0.07616066978453306,-0.004289619389222029,-3.996384889880378,-3.996991828127761,0,0
1284.2268420173286,80.33749690282312,109.77294326259755,3.995182723681282,0.07616066978453306,0.004289619389222029,4.0,0,0,0.0048172763187182,-0.07616066978453306,-0.004289619389222029,-3.996384889880378,-3.996991828127761,0,0
1284.2268420173286,81.32922784467303,108.6000844939372,3.995182723681282,0.07616066978453306,0.004289619389222029,4.0,0,0,0.0048172763187182,-0.07616066978453306,-0.004289619389222029,-3.996384889880378,-3.996991828127761,0,0
1284.2268420173286,81.6648832554738,109.77294326259755,3.995182723681282,0.07616066978453306,0.004289619389222029,4.0,0,0,0.0048172763187182,-0.07616066978453306,-0.004289619389222029,-3.996384889880378,-3.996991828127761,0,0
1284.2268420173286,81.6648832554738,109.77294326259755,3.995182723681282,0.07616066978453306,0.004289619389222029,4.0,0,0,0.0048172763187182,-0.07616066978453306,-0.004289619389222029,-3.996384889880378,-3.996991828127761,0,0
1284.2268420173286,76.58539900875073,106.32612268515561,3.995182723681282,0.07616066978453306,0.004289619389222029,4.0,0,0,0.0048172763187182,-0.07616066978453306,-0.004289619389222029,-3.996384889880378,-3.996991828127761,0,0
1284.2268420173286,81.32922784467303,113.44477390085575,3.995182723681282,0.07616066978453306,0.004289619389222029,4.0,0,0,0.0048172763187182,-0.07616066978453306,-0.004289619389222029,-3.996384889880378,-3.996991828127761,0,0
1284.2268420173286,83.38264517783642,110.36868736531008,3.995182723681282,0.07616066978453306,0.004289619389222029,4.0,0,0,0.0048172763187182,-0.07616066978453306,-0.004289619389222029,-3.996384889880378,-3.996991828127761,0,0
1284.2268420173286,80.99613175561399,109.18344276436585,3.995182723681282,0.07616066978453306,0.004289619389222029,4.0,0,0,0.0048172763187182,-0.07616066978453306,-0.004289619389222029,-3.996384889880378,-3.996991828127761,0,0
1284.2268420173286,81.6648832554738,111.57932338755117,3.995182723681282,0.07616066978453306,0.004289619389222029,4.0,0,0,0.0048172763187182,-0.07616066978453306,-0.004289619389222029,-3.996384889880378,-3.996991828127761,0,0
1284.2268420173286,80.99613175561399,113.44477390085575,3.995182723681282,0.07616066978453306,0.004289619389222029,4.0,0,0,0.0048172763187182,-0.07616066978453306,-0.004289619389222029,-3.996384889880378,-3.996991828127761,0,0
1180.1265773010464,82.00312876373096,110.97077873540402,3.995182723681282,0.07616066978453306,0.004289619389222029,4.0,0,0,0.0048172763187182,-0.07616066978453306,-0.004289619389222029,-3.996384889880378,-3.996991828127761,0,0
602.1580731583105,77.18804967871625,96.67455639633857,3.995182723681282,0.07616066978453306,0.004289619389222029,4.0,0,0,0.0048172763187182,-0.07616066978453306,-0.004289619389222029,-3.996384889880378,-3.996991828127761,0,0
1284.2268420173286,80.99613175561399,109.77294326259755,3.995182723681282,0.07616066978453306,0.004289619389222029,4.0,0,0,0.0048172763187182,-0.07616066978453306,-0.004289619389222029,-3.996384889880378,-3.996991828127761,0,0
1284.2268420173286,81.6648832554738,110.36868736531008,3.995182723681282,0.07616066978453306,0.004289619389222029,4.0,0,0,0.0048172763187182,-0.07616066978453306,-0.004289619389222029,-3.996384889880378,-3.996991828127761,0,0
1411.3480414449798,76.88563626605912,102.04483787812359,3.995182723681282,0.07616066978453306,0.004289619389222029,4.0,0,0,0.0048172763187182,-0.07616066978453306,-0.004289619389222029,-3.996384889880378,-3.996991828127761,0,0
1284.2268420173286,73.41971802386729,108.6000844939372,3.995182723681282,0.07616066978453306,0.004289619389222029,4.0,0,0,0.0048172763187182,-0.07616066978453306,-0.004289619389222029,-3.996384889880378,-3.996991828127761,0,0
1284.2268420173286,80.33749690282312,109.18344276436585,3.995182723681282,0.07616066978453306,0.004289619389222029,4.0,0,0,0.0048172763187182,-0.07616066978453306,-0.004289619389222029,-3.996384889880378,-3.996991828127761,0,0
1284.2268420173286,80.99613175561399,112.81620876492863,3.995182723681282,0.07616066978453306,0.004289619389222029,4.0,0,0,0.0048172763187182,-0.07616066978453306,-0.004289619389222029,-3.996384889880378,-3.996991828127761,0,0
459.67991945810627,72.86976705815192,90.98786202822609,3.995182723681282,0.07616066978453306,0.004289619389222029,4.0,0,0,0.0048172763187182,-0.07616066978453306,-0.004289619389222029,-3.996384889880378,-3.996991828127761,0,0
233.7026839645806,77.18804967871625,104.68049512451793,3.995182723681282,0.07616066978453306,0.004289619389222029,4.0,0,0,0.0048172763187182,-0.07616066978453306,-0.004289619389222029,-3.996384889880378,-3.996991828127761,0,0
1284.2268420173286,80.99613175561399,109.77294326259755,3.995182723681282,0.07616066978453306,0.004289619389222029,4.0,0,0,0.0048172763187182,-0.07616066978453306,-0.004289619389222029,-3.996384889880378,-3.996991828127761,0,0
602.1580731583105,80.66556470717478,115.37236097408694,3.995182723681282,0.07616066978453306,0.004289619389222029,4.0,0,0,0.0048172763187182,-0.07616066978453306,-0.004289619389222029,-3.996384889880378,-3.996991828127761,0,0
1284.2268420173286,80.99613175561399,112.81620876492863,3.995182723681282,0.07616066978453306,0.004289619389222029,4.0,0,0,0.0048172763187182,-0.07616066978453306,-0.004289619389222029,-3.996384889880378,-3.996991828127761,0,0
1284.2268420173286,80.99613175561399,113.44477390085575,3.995182723681282,0.07616066978453306,0.004289619389222029,4.0,0,0,0.0048172763187182,-0.07616066978453306,-0.004289619389222029,-3.996384889880378,-3.996991828127761,0,0
1411.3480414449798,81.6648832554738,113.44477390085575,3.995182723681282,0.07616066978453306,0.004289619389222029,4.0,0,0,0.0048172763187182,-0.07616066978453306,-0.004289619389222029,-3.996384889880378,-3.996991828127761,0,0
1284.2268420173286,80.99613175561399,113.44477390085575,3.995182723681282,0.07616066978453306,0.004289619389222029,4.0,0,0,0.0048172763187182,-0.07616066978453306,-0.004289619389222029,-3.996384889880378,-3.996991828127761,0,0
769.566351540633,80.99613175561399,109.77294326259755,3.995182723681282,0.07616066978453306,0.004289619389222029,4.0,0,0,0.0048172763187182,-0.07616066978453306,-0.004289619389222029,-3.996384889880378,-3.996991828127761,0,0
1284.2268420173286,81.32922784467303,108.6000844939372,3.995182723681282,0.07616066978453306,0.004289619389222029,4.0,0,0,0.0048172763187182,-0.07616066978453306,-0.004289619389222029,-3.996384889880378,-3.996991828127761,0,0
624.3377665398167,76.88563626605912,94.8539958627646,3.995182723681282,0.07616066978453306,0.004289619389222029,4.0,0,0,0.0048172763187182,-0.07616066978453306,-0.004289619389222029,-3.996384889880378,-3.996991828127761,0,0
624.3377665398167,76.58539900875073,104.68049512451793,3.995182723681282,0.07616066978453306,0.004289619389222029,4.0,0,0,0.0048172763187182,-0.07616066978453306,-0.004289619389222029,-3.996384889880378,-3.996991828127761,0,0
1284.2268420173286,80.99613175561399,112.81620876492863,3.995182723681282,0.07616066978453306,0.004289619389222029,4.0,0,0,0.0048172763187182,-0.07616066978453306,-0.004289619389222029,-3.996384889880378,-3.996991828127761,0,0
1411.3480414449798,80.99613175561399,118.0448484665879,3.995182723681282,0.07616066978453306,0.004289619389222029,4.0,0,0,0.0048172763187182,-0.07616066978453306,-0.004289619389222029,-3.996384889880378,-3.996991828127761,0,0
239.3652489782259,77.79950406996568,104.68049512451793,3.995182723681282,0.07616066978453306,0.004289619389222029,4.0,0,0,0.0048172763187182,-0.07616066978453306,-0.004289619389222029,-3.996384889880378,-3.996991828127761,0,0
1284.2268420173286,81.6648832554738,108.6000844939372,3.995182723681282,0.07616066978453306,0.004289619389222029,4.0,0,0,0.0048172763187182,-0.07616066978453306,-0.004289619389222029,-3.996384889880378,-3.996991828127761,0,0
1284.2268420173286,79.6887422048836,113.44477390085575,3.995182723681282,0.07616066978453306,0.004289619389222029,4.0,0,0,0.0048172763187182,-0.07616066978453306,-0.004289619389222029,-3.996384889880378,-3.996991828127761,0,0
624.3377665398167,75.69750294678715,94.8539958627646,3.995182723681282,0.07616066978453306,0.004289619389222029,4.0,0,0,0.0048172763187182,-0.07616066978453306,-0.004289619389222029,-3.996384889880378,-3.996991828127761,0,0
1284.2268420173286,81.32922784467303,112.81620876492863,3.995182723681282,0.07616066978453306,0.004289619389222029,4.0,0,0,0.0048172763187182,-0.07616066978453306,-0.004289619389222029,-3.996384889880378,-3.996991828127761,0,0
1284.2268420173286,80.33749690282312,116.69355260679126,3.995182723681282,0.07616066978453306,0.004289619389222029,4.0,0,0,0.0048172763187182,-0.07616066978453306,-0.004289619389222029,-3.996384889880378,-3.996991828127761,0,0
1284.2268420173286,81.32922784467303,114.0802412881919,3.995182723681282,0.07616066978453306,0.004289619389222029,4.0,0,0,0.0048172763187182,-0.07616066978453306,-0.004289619389222029,-3.996384889880378,-3.996991828127761,0,0
1284.2268420173286,80.99613175561399,109.77294326259755,3.995182723681282,0.07616066978453306,0.004289619389222029,4.0,0,0,0.0048172763187182,-0.07616066978453306,-0.004289619389222029,-3.996384889880378,-3.996991828127761,0,0
602.1580731583105,76.58539900875073,104.68049512451793,3.995182723681282,0.07616066978453306,0.004289619389222029,4.0,0,0,0.0048172763187182,-0.07616066978453306,-0.004289619389222029,-3.996384889880378,-3.996991828127761,0,0
1284.2268420173286,81.32922784467303,109.77294326259755,3.995182723681282,0.07616066978453306,0.004289619389222029,4.0,0,0,0.0048172763187182,-0.07616066978453306,-0.004289619389222029,-3.996384889880378,-3.996991828127761,0,0
1284.2268420173286,81.32922784467303,109.18344276436585,3.995182723681282,0.07616066978453306,0.004289619389222029,4.0,0,0,0.0048172763187182,-0.07616066978453306,-0.004289619389222029,-3.996384889880378,-3.996991828127761,0,0
1180.1265773010464,80.33749690282312,111.57932338755117,3.995182723681282,0.07616066978453306,0.004289619389222029,4.0,0,0,0.0048172763187182,-0.07616066978453306,-0.004289619389222029,-3.996384889880378,-3.996991828127761,0,0
1284.2268420173286,80.66556470717478,113.44477390085575,3.995182723681282,0.07616066978453306,0.004289619389222029,4.0,0,0,0.0048172763187182,-0.07616066978453306,-0.004289619389222029,-3.996384889880378,-3.996991828127761,0,0
374.71408913910363,81.32922784467303,110.97077873540402,3.995182723681282,0.07616066978453306,0.004289619389222029,4.0,0,0,0.0048172763187182,-0.07616066978453306,-0.004289619389222029,-3.996384889880378,-3.996991828127761,0,0
1284.2268420173286,80.99613175561399,112.81620876492863,3.995182723681282,0.07616066978453306,0.004289619389222029,4.0,0,0,0.0048172763187182,-0.07616066978453306,-0.004289619389222029,-3.996384889880378,-3.996991828127761,0,0
1284.2268420173286,79.6887422048836,113.44477390085575,3.995182723681282,0.07616066978453306,0.004289619389222029,4.0,0,0,0.0048172763187182,-0.07616066978453306,-0.004289619389222029,-3.996384889880378,-3.996991828127761,0,0
206.97300472647143,72.59760196071355,94.8539958627646,3.995182723681282,0.07616066978453306,0.004289619389222029,4.0,0,0,0.0048172763187182,-0.07616066978453306,-0.004289619389222029,-3.996384889880378,-3.996991828127761,0,0
1284.2268420173286,79.6887422048836,110.36868736531008,3.995182723681282,0.07616066978453306,0.004289619389222029,4.0,0,0,0.0048172763187182,-0.07616066978453306,-0.004289619389222029,-3.996384889880378,-3.996991828127761,0,0
1284.2268420173286,81.32922784467303,113.44477390085575,3.995182723681282,0.07616066978453306,0.004289619389222029,4.0,0,0,0.0048172763187182,-0.07616066978453306,-0.004289619389222029,-3.996384889880378,-3.996991828127761,0,0
602.1580731583105,76.58539900875073,105.77203060255431,3.995182723681282,0.07616066978453306,0.004289619389222029,4.0,0,0,0.0048172763187182,-0.07616066978453306,-0.004289619389222029,-3.996384889880378,-3.996991828127761,0,0
602.1580731583105,78.10859556029456,98.08447665807216,3.995182723681282,0.07616066978453306,0.004289619389222029,4.0,0,0,0.0048172763187182,-0.07616066978453306,-0.004289619389222029,-3.996384889880378,-3.996991828127761,0,0
239.3652489782259,76.88563626605912,104.68049512451793,3.995182723681282,0.07616066978453306,0.004289619389222029,4.0,0,0,0.0048172763187182,-0.07616066978453306,-0.004289619389222029,-3.996384889880378,-3.996991828127761,0,0
1284.2268420173286,81.6648832554738,113.44477390085575,3.995182723681282,0.07616066978453306,0.004289619389222029,4.0,0,0,0.0048172763187182,-0.07616066978453306,-0.004289619389222029,-3.996384889880378,-3.996991828127761,0,0
1284.2268420173286,81.32922784467303,113.44477390085575,3.995182723681282,0.07616066978453306,0.004289619389222029,4.0,0,0,0.0048172763187182,-0.07616066978453306,-0.004289619389222029,-3.996384889880378,-3.996991828127761,0,0
1284.2268420173286,81.32922784467303,112.81620876492863,3.995182723681282,0.07616066978453306,0.004289619389222029,4.0,0,0,0.0048172763187182,-0.07616066978453306,-0.004289619389222029,-3.996384889880378,-3.996991828127761,0,0
1284.2268420173286,81.32922784467303,109.77294326259755,3.995182723681282,0.07616066978453306,0.004289619389222029,4.0,0,0,0.0048172763187182,-0.07616066978453306,-0.004289619389222029,-3.996384889880378,-3.996991828127761,0,0
1284.2268420173286,80.99613175561399,113.44477390085575,3.995182723681282,0.07616066978453306,0.004289619389222029,4.0,0,0,0.0048172763187182,-0.07616066978453306,-0.004289619389222029,-3.996384889880378,-3.996991828127761,0,0
602.1580731583105,76.28731360165042,103.61058678886198,3.995182723681282,0.07616066978453306,0.004289619389222029,4.0,0,0,0.0048172763187182,-0.07616066978453306,-0.004289619389222029,-3.996384889880378,-3.996991828127761,0,0
1284.2268420173286,80.66556470717478,112.19442975602797,3.995182723681282,0.07616066978453306,0.004289619389222029,4.0,0,0,0.0048172763187182,-0.07616066978453306,-0.004289619389222029,-3.996384889880378,-3.996991828127761,0,0
1284.2268420173286,80.99613175561399,109.77294326259755,3.995182723681282,0.07616066978453306,0.004289619389222029,4.0,0,0,0.0048172763187182,-0.07616066978453306,-0.004289619389222029,-3.996384889880378,-3.996991828127761,0,0
1093.1463157010076,80.66556470717478,109.77294326259755,3.995182723681282,0.07616066978453306,0.004289619389222029,4.0,0,0,0.0048172763187182,-0.07616066978453306,-0.004289619389222029,-3.996384889880378,-3.996991828127761,0,0
1284.2268420173286,81.32922784467303,116.02925942608664,3.995182723681282,0.07616066978453306,0.004289619389222029,4.0,0,0,0.0048172763187182,-0.07616066978453306,-0.004289619389222029,-3.996384889880378,-3.996991828127761,0,0
1284.2268420173286,80.99613175561399,108.6000844939372,3.995182723681282,0.07616066978453306,0.004289619389222029,-0.0048172763187182,0,0,-4.0,-0.07616066978453306,-0.004289619389222029,-3.996384889880378,-3.996991828127761,0,0
1284.2268420173286,81.32922784467303,109.18344276436585,3.9890374960120285,0.07614419431520802,0.0010724048473054922,-0.0048172763187182,0,0,-3.9938547723307467,-0.07614419431520802,-0.0010724048473054922,-3.990467241968413,-3.99061897653026,0,0
602.1580731583105,77.49266392626436,99.04654639912101,3.961574108845742,0.07632090797109713,-0.013941263014971703,-0.0048172763187182,0,0,-3.96639138516446,-0.07632090797109713,0.013941263014971703,-3.964065428207338,-3.962092878903352,0,0
1284.2268420173286,79.36799805452281,109.77294326259755,3.9319152257523986,0.07687758410196588,-0.023592906640721334,-0.0048172763187182,0,0,-3.936732502071117,-0.07687758410196588,0.023592906640721334,-3.935084126894894,-3.931745966534301,0,0
1284.2268420173286,80.01189902085736,108.6000844939372,3.902561682885959,0.07752300515861388,-0.02037569209880479,-0.0048172763187182,0,0,-3.907378959204677,-0.07752300515861388,0.02037569209880479,-3.9054958873350687,-3.9026129306600117,0,0
1284.2268420173286,75.11601708077,103.61058678886198,3.8732836479942896,0.07815105959836403,-0.02252050179341581,-0.0048172763187182,0,0,-3.878100924313008,-0.07815105959836403,0.02252050179341581,-3.8763628514607795,-3.873176425662032,0,0
602.1580731583105,74.828338960275,101.5330368193872,3.8437784072318992,0.07879981616434872,-0.021448096946110287,-0.0048172763187182,0,0,-3.8485956835506174,-0.07879981616434872,0.021448096946110287,-3.8467746119009543,-3.843739920664052,0,0
1180.1265773010464,79.6887422048836,108.02276929750369,3.813741874026974,0.07944414144450691,-0.021448096946110287,-0.0048172763187182,0,0,-3.8185591503456924,-0.07944414144450691,0.021448096946110287,-3.8167311686555934,-3.813696477418691,0,0
1284.2268420173286,81.32922784467303,113.44477390085575,3.783401260986006,0.08006243800210619,-0.01930328725149924,-0.0048172763187182,0,0,-3.7882185373047244,-0.08006243800210619,0.01930328725149924,-3.786232521724697,-3.7835012996114847,0,0
624.3377665398167,77.79950406996568,94.8539958627646,3.7538185337940426,0.08063355282021503,-0.01930328725149924,-0.0048172763187182,0,0,-3.758635810112761,-0.08063355282021503,0.01930328725149924,-3.7566442821648716,-3.7539130600516595,0,0
239.3652489782259,76.58539900875073,101.02616679983112,3.724083501799826,0.08117570875768342,-0.01715847755688822,-0.0048172763187182,0,0,-3.728900778118544,-0.08117570875768342,0.01715847755688822,-3.726752573481356,-3.724324820491834,0,0
1284.2268420173286,80.99613175561399,108.02276929750369,3.695105466766818,0.08161080804340401,-0.012868858167666156,-0.0048172763187182,0,0,-3.699922743085536,-0.08161080804340401,0.012868858167666156,-3.6974678030452215,-3.6956469883030807,0,0
1180.1265773010464,79.36799805452281,110.36868736531008,3.66597410610201,0.08192322614392163,-0.008579238778444114,-0.0048172763187182,0,0,-3.6707913824207283,-0.08192322614392163,0.008579238778444114,-3.6680312980472416,-3.666817421552482,0,0
1284.2268420173286,81.32922784467303,109.18344276436585,3.636310515253226,0.0820981907552598,-0.00321721454191655,-0.0048172763187182,0,0,-3.641127791571944,-0.0820981907552598,0.00321721454191655,-3.6379878548018807,-3.6375326511163473,0,0
602.1580731583105,76.58539900875073,101.5330368193872,3.6067982490391577,0.08217731368819119,-0.0021448096946110277,-0.0048172763187182,0,0,-3.611615525357876,-0.08217731368819119,0.0021448096946110277,-3.6083996152420554,-3.6080961461183674,0,0
1284.2268420173286,80.99613175561399,114.0802412881919,3.5767548230695585,0.08220953241618172,-6.938893903907228e-18,-0.0048172763187182,0,0,-3.5815720993882767,-0.08220953241618172,6.938893903907228e-18,-3.578204437434849,-3.578204437434852,0,0
1284.2268420173286,77.18804967871625,102.04483787812359,3.546787285877422,0.08216132637638213,0.0032172145419165367,-0.0048172763187182,0,0,-3.55160456219614,-0.08216132637638213,-0.0032172145419165367,-3.548009259627643,-3.5484644633131817,0,0
602.1580731583105,83.73432085224402,104.68049512451793,3.516137345002841,0.08199697907549507,0.007506833931138603,-0.0048172763187182,0,0,-3.5209546213215592,-0.08199697907549507,-0.007506833931138603,-3.5170554090112103,-3.5181175509441305,0,0
239.3652489782259,79.36799805452281,102.04483787812359,3.4861713242253773,0.08169167930644902,0.012868858167666166,-0.0048172763187182,0,0,-3.4909886005440955,-0.08169167930644902,-0.012868858167666166,-3.4867084966421587,-3.488529311384305,0,0
602.1580731583105,82.00312876373096,111.57932338755117,3.4565113153870857,0.08119861706721099,0.02037569209880475,-0.0048172763187182,0,0,-3.461328591705804,-0.08119861706721099,-0.02037569209880475,-3.4565133188349524,-3.459396275510016,0,0
1284.2268420173286,84.08878225753256,112.19442975602797,3.4266264818448118,0.08055754595513441,0.022520501793415797,-0.0048172763187182,0,0,-3.43144375816353,-0.08055754595513441,-0.022520501793415797,-3.4264698755895915,-3.429656301388346,0,0
1284.2268420173286,83.03372126641216,112.19442975602797,3.3968158909095587,0.07999802237602592,0.015013667862277211,-0.0048172763187182,0,0,-3.401633167228277,-0.07999802237602592,-0.015013667862277211,-3.397185105153457,-3.3993093890192947,0,0
1284.2268420173286,82.68751571021457,112.81620876492863,3.3669255744847084,0.07970952273565664,0.004289619389222083,-0.0048172763187182,0,0,-3.3717428508034266,-0.07970952273565664,-0.004289619389222083,-3.368052069279168,-3.368659007526553,0,0
1284.2268420173286,79.04963861634155,109.18344276436585,3.337185617464297,0.0797414160219503,-0.006434429083833071,-0.0048172763187182,0,0,-3.342002893783015,-0.0797414160219503,0.006434429083833071,-3.3390707679667235,-3.3381603605956562,0,0
1284.2268420173286,81.32922784467303,109.18344276436585,3.307297277665854,0.08019018334806002,-0.023592906640721285,-0.0048172763187182,0,0,-3.312114553984572,-0.08019018334806002,0.023592906640721285,-3.31039293577797,-3.3070547754173787,0,0
602.1580731583105,78.73363637499943,102.04483787812359,3.277643409081536,0.0809694860128158,-0.02895493087724885,-0.0048172763187182,0,0,-3.2824606854002543,-0.0809694860128158,0.02895493087724885,-3.2811081653418355,-3.277011332172018,0,0
239.3652489782259,78.419964244608,102.04483787812359,3.247762442574567,0.08177079034299181,-0.02466531148802681,-0.0048172763187182,0,0,-3.2525797188932852,-0.08177079034299181,0.02466531148802681,-3.250912987534629,-3.2474230926121925,0,0
1284.2268420173286,83.38264517783642,105.77203060255431,3.2176518995635774,0.08249747195281143,-0.02359290664072131,-0.0048172763187182,0,0,-3.2224691758822956,-0.08249747195281143,0.02359290664072131,-3.220717809727423,-3.2173796493668316,0,0
1284.2268420173286,83.38264517783642,109.77294326259755,3.187388169321434,0.08316290606547953,-0.020375692098804767,-0.0048172763187182,0,0,-3.1922054456401523,-0.08316290606547953,0.020375692098804767,-3.1902191627965264,-3.1873362061214707,0,0
1284.2268420173286,80.66556470717478,110.97077873540402,3.156819672058445,0.08376944903292091,-0.019303287251499268,-0.0048172763187182,0,0,-3.161636948377163,-0.08376944903292091,0.019303287251499268,-3.1595687813037845,-3.156837559190574,0,0
1284.2268420173286,80.99613175561399,113.44477390085575,3.126705076612793,0.0843023727830135,-0.016086072709582726,-0.0048172763187182,0,0,-3.131522352931511,-0.0843023727830135,0.016086072709582726,-3.1292218689347333,-3.1269458505070586,0,0
1284.2268420173286,81.32922784467303,108.6000844939372,3.096438213373718,0.08480552325221037,-0.01715847755688825,-0.0048172763187182,0,0,-3.101255489692436,-0.08480552325221037,0.01715847755688825,-3.099026691127527,-3.0965989381380075,0,0
1284.2268420173286,81.6648832554738,109.77294326259755,3.0662464386534634,0.08525884659178314,-0.012868858167666183,-0.0048172763187182,0,0,-3.0710637149721816,-0.08525884659178314,0.012868858167666183,-3.0685280441966305,-3.066707229454492,0,0
1284.2268420173286,82.68751571021457,108.6000844939372,3.036811626315064,0.08557451904751448,-0.008579238778444142,-0.0048172763187182,0,0,-3.041628902633782,-0.08557451904751448,0.008579238778444142,-3.0387880700749603,-3.0375741935802028,0,0
1284.2268420173286,83.73432085224402,109.77294326259755,3.007072490151232,0.08579776999755484,-0.006434429083833121,-0.0048172763187182,0,0,-3.01188976646995,-0.08579776999755484,0.006434429083833121,-3.008896361391445,-3.0079859540203775,0,0
1284.2268420173286,83.03372126641216,109.18344276436585,2.977332789649313,0.08592534277594036,-0.0021448096946110546,-0.0048172763187182,0,0,-2.9821500659680313,-0.08592534277594036,0.0021448096946110546,-2.978852918146084,-2.9785494490223976,0,0
602.1580731583105,78.73363637499943,101.02616679983112,2.947668721188236,0.08597306065331159,-0.0010724048473055563,-0.0048172763187182,0,0,-2.952485997506954,-0.08597306065331159,0.0010724048473055563,-2.9491129440244137,-2.9489612094625723,0,0
1284.2268420173286,85.90410486184942,112.19442975602797,2.918004618611897,0.08595715468809029,0.0021448096946109873,-0.0048172763187182,0,0,-2.9228218949306153,-0.08595715468809029,-0.0021448096946109873,-2.919221235340898,-2.9195247044645924,0,0
900.238757316699,83.38264517783642,109.77294326259755,2.888568265954608,0.08586245129951854,0.0042896193892220085,-0.0048172763187182,0,0,-2.893385542273326,-0.08586245129951854,-0.0042896193892220085,-2.889632995781073,-2.890239934028458,0,0
239.3652489782259,79.6887422048836,100.52415418066585,2.858828565452689,0.08573487852113304,0.0042896193892220085,-0.0048172763187182,0,0,-2.8636458417714072,-0.08573487852113304,-0.0042896193892220085,-2.8598930216594027,-2.8604999599067877,0,0
624.3377665398167,83.38264517783642,108.02276929750369,2.8297721027960687,0.08553233334649542,0.009651643625749572,-0.0048172763187182,0,0,-2.834589379114787,-0.08553233334649542,-0.009651643625749572,-2.830456516661423,-2.831822127718034,0,0
1284.2268420173286,83.03372126641216,105.77203060255431,2.800186738557254,0.0851198492785973,0.01823088240419368,-0.0048172763187182,0,0,-2.8050040148759723,-0.0851198492785973,-0.01823088240419368,-2.8002613388542166,-2.80284082640559,0,0
1284.2268420173286,84.8062010048873,109.18344276436585,2.7704523050719985,0.08454580566654944,0.0203756920988047,-0.0048172763187182,0,0,-2.7752695813907167,-0.08454580566654944,-0.0203756920988047,-2.770369630170701,-2.7732525868457647,0,0
1284.2268420173286,85.53518482670935,110.36868736531008,2.740792296233707,0.08405274342731141,0.012868858167666116,-0.0048172763187182,0,0,-2.745609572552425,-0.08405274342731141,-0.012868858167666116,-2.741236594296412,-2.7430574090385584,0,0
206.97300472647143,71.79211210149265,92.2427776670329,2.7111291488797566,0.08381415650996014,0.003217214541916485,-0.0048172763187182,0,0,-2.715946425198475,-0.08381415650996014,-0.003217214541916485,-2.7122552929839676,-2.712710496669507,0,0
1284.2268420173286,83.73432085224402,109.18344276436585,2.681996180014463,0.08387664127982958,-0.007506833931138643,-0.0048172763187182,0,0,-2.6868134563331814,-0.08387664127982958,0.007506833931138643,-2.6838809299189044,-2.6828187879859913,0,0
1284.2268420173286,85.53518482670935,106.88588226030939,2.65263909190446,0.08433317698905063,-0.02359290664072136,-0.0048172763187182,0,0,-2.657456368223178,-0.08433317698905063,0.02359290664072136,-2.6556583014156865,-2.6523201410550947,0,0
648.3999468665874,81.32922784467303,103.08353533160607,2.623440269896883,0.08510052104514007,-0.028954930877248927,-0.0048172763187182,0,0,-2.6282575462156013,-0.08510052104514007,0.028954930877248927,-2.6268287346650876,-2.6227319014952695,0,0
1284.2268420173286,83.73432085224402,105.22351709380416,2.5943931300815537,0.08586387889834074,-0.02359290664072136,-0.0048172763187182,0,0,-2.599210406400272,-0.08586387889834074,0.02359290664072136,-2.5973922296671077,-2.594054069306516,0,0
1284.2268420173286,85.16922919230018,109.18344276436585,2.564964089468378,0.0865267477270952,-0.021448096946110343,-0.0048172763187182,0,0,-2.569781365787096,-0.0865267477270952,0.021448096946110343,-2.5678039901072824,-2.5647692988703814,0,0
1284.2268420173286,83.73432085224402,106.88588226030939,2.535230955588755,0.08716456467109018,-0.021448096946110343,-0.0048172763187182,0,0,-2.5400482319074733,-0.08716456467109018,0.021448096946110343,-2.5380640159856123,-2.5350293247487112,0,0
1284.2268420173286,80.66556470717478,93.96808322544976,2.505346122046481,0.08780563578316677,-0.021448096946110343,-0.0048172763187182,0,0,-2.5101633983651994,-0.08780563578316677,0.021448096946110343,-2.5081723073020967,-2.5051376160651957,0,0
1284.2268420173286,82.68751571021457,105.77203060255431,2.4756129881668585,0.08844345272716175,-0.021448096946110343,-0.0048172763187182,0,0,-2.4804302644855767,-0.08844345272716175,0.021448096946110343,-2.4784323331804266,-2.4753976419435255,0,0
1284.2268420173286,84.08878225753256,109.77294326259755,2.4459560495085175,0.08909554480248312,-0.022520501793415842,-0.0048172763187182,0,0,-2.4507733258272357,-0.08909554480248312,0.022520501793415842,-2.4488440936206013,-2.4456576678218553,0,0
602.1580731583105,81.6648832554738,92.66842176880655,2.416147412954226,0.08975097238714118,-0.02144809694611032,-0.0048172763187182,0,0,-2.420964689272944,-0.08975097238714118,0.02144809694611032,-2.4189523849370858,-2.415917693700185,0,0
602.1580731583105,80.33749690282312,98.56325615049124,2.3870953612285213,0.09029625872505097,-0.016086072709582754,-0.0048172763187182,0,0,-2.3919126375472395,-0.09029625872505097,0.016086072709582754,-2.389515879939106,-2.3872398615114316,0,0
1284.2268420173286,82.00312876373096,105.77203060255431,2.357586081748026,0.0907235081493323,-0.012868858167666235,-0.0048172763187182,0,0,-2.3624033580667443,-0.0907235081493323,0.012868858167666235,-2.3597759058174357,-2.357955091075297,0,0
1093.1463157010076,84.8062010048873,110.36868736531008,2.32799990085946,0.09107253634108742,-0.010724048473055215,-0.0048172763187182,0,0,-2.3328171771781783,-0.09107253634108742,0.010724048473055215,-2.3300359316957655,-2.328518586077317,0,0
1284.2268420173286,80.66556470717478,80.99613175561399,2.2984130394236946,0.09135810705109762,-0.008579238778444194,-0.0048172763187182,0,0,-2.3032303157424128,-0.09135810705109762,0.008579238778444194,-2.3002959575740953,-2.2990820810793373,0,0
1284.2268420173286,85.53518482670935,109.77294326259755,2.268825412366093,0.09154848916655826,-0.0042896193892221525,-0.0048172763187182,0,0,-2.273642688684811,-0.09154848916655826,0.0042896193892221525,-2.27040424889058,-2.269797310643203,0,0
239.3652489782259,80.66556470717478,104.68049512451793,2.2393889242948695,0.09158005701115506,0.002144809694610935,-0.0048172763187182,0,0,-2.2442062006135877,-0.09158005701115506,-0.002144809694610935,-2.2405125402070643,-2.2408160093307585,0,0
1093.1463157010076,85.53518482670935,106.88588226030939,2.2094973703078287,0.09148388913719302,0.004289619389221981,-0.0048172763187182,0,0,-2.214314646626547,-0.09148388913719302,-0.004289619389221981,-2.2104690969617034,-2.2110760352090884,0,0
1284.2268420173286,87.79450977305973,109.77294326259755,2.1807443694021913,0.09128345931685972,0.009651643625749544,-0.0048172763187182,0,0,-2.1855616457209095,-0.09128345931685972,-0.009651643625749544,-2.181336061087414,-2.182701672144025,0,0
1284.2268420173286,76.28731360165042,105.77203060255431,2.151840767858273,0.09095798375550568,0.012868858167666088,-0.0048172763187182,0,0,-2.156658044176991,-0.09095798375550568,-0.012868858167666088,-2.152203025213125,-2.1540238399552716,0,0
1284.2268420173286,88.18202887947652,106.32612268515561,2.1224827680911447,0.09056441441527224,0.013941263014971585,-0.0048172763187182,0,0,-2.127300044409863,-0.09056441441527224,-0.013941263014971585,-2.122766520215145,-2.124739069519137,0,0
239.3652489782259,80.66556470717478,98.08447665807216,2.0934286445923536,0.09014375495640399,0.015013667862277109,-0.0048172763187182,0,0,-2.0982459209110718,-0.09014375495640399,-0.015013667862277109,-2.093633484340856,-2.095757768206693,0,0
602.1580731583105,82.00312876373096,101.02616679983112,2.0639181432784843,0.08981144526252809,0.007506833931138499,-0.0048172763187182,0,0,-2.0687354195972025,-0.08981144526252809,-0.007506833931138499,-2.0646521830284117,-2.065714324961332,0,0
1284.2268420173286,88.18202887947652,106.32612268515561,2.0345576110809414,0.08973272913130843,-0.0021448096946111318,-0.0048172763187182,0,0,-2.0393748873996596,-0.08973272913130843,0.0021448096946111318,-2.035974350839658,-2.035670881715971,0,0
1284.2268420173286,85.16922919230018,105.22351709380416,2.0054259321288033,0.09001390644578003,-0.017158477556888277,-0.0048172763187182,0,0,-2.0102432084475215,-0.09001390644578003,0.017158477556888277,-2.0079034568982856,-2.0054757039087647,0,0
1284.2268420173286,85.90410486184942,105.77203060255431,1.9763751167603496,0.09062150260389046,-0.024665311488026836,-0.0048172763187182,0,0,-1.9811923930790678,-0.09062150260389046,0.024665311488026836,-1.9793773592713773,-1.9758874643489397,0,0
1284.2268420173286,85.53518482670935,106.32612268515561,1.9477800633736628,0.09125024611385506,-0.01930328725149927,-0.0048172763187182,0,0,-1.952597339692381,-0.09125024611385506,0.01930328725149927,-1.9503960579589332,-1.9476648358457218,0,0
1284.2268420173286,88.18202887947652,105.22351709380416,1.9188030281975832,0.09174749672161957,-0.015013667862277206,-0.0048172763187182,0,0,-1.9236203045163014,-0.09174749672161957,0.015013667862277206,-1.9211112875227987,-1.9189870036569683,0,0
1284.2268420173286,82.68751571021457,105.77203060255431,1.8896720193226872,0.09209115524888613,-0.008579238778444118,-0.0048172763187182,0,0,-1.8944892956414054,-0.09209115524888613,0.008579238778444118,-1.8915230479629737,-1.8903091714682148,0,0
239.3652489782259,80.33749690282312,98.08447665807216,1.8602363437319558,0.09231212812800771,-0.006434429083833097,-0.0048172763187182,0,0,-1.865053620050674,-0.09231212812800771,0.006434429083833097,-1.8619348084031486,-1.8610244010320802,0,0
602.1580731583105,81.6648832554738,97.6101426547749,1.8304210209606713,0.09248798769899468,-0.005362024236527574,-0.0048172763187182,0,0,-1.8352382972793895,-0.09248798769899468,0.005362024236527574,-1.832043099719633,-1.8312844269104098,0,0
624.3377665398167,88.5727896902875,100.52415418066585,1.8006055267413532,0.09263187307832255,-0.004289619389222052,-0.0048172763187182,0,0,-1.8054228030600714,-0.09263187307832255,0.004289619389222052,-1.8021513910361175,-1.8015444527887394,0,0
1284.2268420173286,88.18202887947652,109.77294326259755,1.7707139727543122,0.09272804095228458,-0.0021448096946110064,-0.0048172763187182,0,0,-1.7755312490730304,-0.09272804095228458,0.0021448096946110064,-1.7721079477907566,-1.771804478667069,0,0
602.1580731583105,88.96683466233691,98.08447665807216,1.7415809536322766,0.09269679854938467,0.004289619389222081,-0.0048172763187182,0,0,-1.7463982299509948,-0.09269679854938467,-0.004289619389222081,-1.7425197082309316,-1.7431266464783155,0,0
200.75362703878065,87.79450977305973,106.88588226030939,1.7119175674736904,0.09249002266613844,0.009651643625749644,-0.0048172763187182,0,0,-1.7167348437924086,-0.09249002266613844,-0.009651643625749644,-1.7124762649855707,-1.713841876042181,0,0
1284.2268420173286,83.38264517783642,109.18344276436585,1.6818758517881076,0.09216784149997966,0.011796453320360665,-0.0048172763187182,0,0,-1.6866931281068258,-0.09216784149997966,-0.011796453320360665,-1.6822810871783647,-1.6839501673586654,0,0
1284.2268420173286,88.5727896902875,109.18344276436585,1.6515310508767576,0.09180986386741032,0.011796453320360665,-0.0048172763187182,0,0,-1.6563483271954758,-0.09180986386741032,-0.011796453320360665,-1.6519341748093133,-1.653603254989614,0,0
382.4520830402873,81.6648832554738,98.56325615049124,1.6214133034118128,0.09150301827674885,0.008579238778444121,-0.0048172763187182,0,0,-1.626230579730531,-0.09150301827674885,-0.008579238778444121,-1.6220424661257977,-1.6232563426205626,0,0
215.92040254306553,87.79450977305973,107.45140018288424,1.5917494055268486,0.09139167677629718,-0.0010724048473055095,-0.0048172763187182,0,0,-1.5965666818455668,-0.09139167677629718,0.0010724048473055095,-1.5930611648133537,-1.5929094302515112,0,0
1284.2268420173286,88.18202887947652,104.68049512451793,1.5617068087899164,0.09161720579725632,-0.013941263014971684,-0.0048172763187182,0,0,-1.5665240851086346,-0.09161720579725632,0.013941263014971684,-1.5639281289390643,-1.5619555796350788,0,0
1284.2268420173286,87.79450977305973,105.22351709380416,1.5318956349608452,0.09214476003853185,-0.02144809694611027,-0.0048172763187182,0,0,-1.5367129112795634,-0.09214476003853185,0.02144809694611027,-1.5346433585029298,-1.5316086672660274,0,0
1284.2268420173286,87.79450977305973,103.08353533160607,1.5080021445443648,0.09261885689893888,-0.01823088240419375,-0.0048172763187182,0,0,-1.512819420863083,-0.09261885689893888,0.01823088240419375,-1.510517563169534,-1.5079380756181673,0,0
624.3377665398167,80.99613175561399,102.04483787812359,1.477887549098713,0.09315178064903147,-0.017158477556888253,-0.0048172763187182,0,0,-1.482704825417431,-0.09315178064903147,0.017158477556888253,-1.480322385362328,-1.4778946323728064,0,0
1284.2268420173286,88.18202887947652,105.77203060255431,1.447470126795821,0.09372269402109891,-0.020375692098804795,-0.0048172763187182,0,0,-1.4522874031145392,-0.09372269402109891,0.020375692098804795,-1.450127207555122,-1.4472442508800645,0,0
1284.2268420173286,88.18202887947652,102.04483787812359,1.4172071275707412,0.09442058271591348,-0.02573771633533236,-0.0048172763187182,0,0,-1.4220244038894594,-0.09442058271591348,0.02573771633533236,-1.4202354988716064,-1.4165938693873226,0,0
624.3377665398167,84.8062010048873,96.21317986298715,1.387249894601929,0.09520785778644682,-0.026810121182637883,-0.0048172763187182,0,0,-1.3920671709206471,-0.09520785778644682,0.026810121182637883,-1.3903437901880908,-1.3865504261419617,0,0
602.1580731583105,81.32922784467303,95.7560002023429,1.3632858829109593,0.0959019280660789,-0.031099740571859925,-0.0048172763187182,0,0,-1.3681031592296775,-0.0959019280660789,0.031099740571859925,-1.3666731985402307,-1.3622728962467205,0,0
624.3377665398167,81.6648832554738,92.2427776670329,1.333257986511565,0.09686832336017887,-0.03324455026647095,-0.0048172763187182,0,0,-1.3380752628302832,-0.09686832336017887,0.03324455026647095,-1.3367814898567152,-1.3320777184395145,0,0
1284.2268420173286,84.8062010048873,102.56164513946942,1.303533402197013,0.09782495708565155,-0.031099740571859928,-0.0048172763187182,0,0,-1.3083506785157313,-0.09782495708565155,0.031099740571859928,-1.3068897811731996,-1.3024894788796895,0,0
206.97300472647143,83.73432085224402,95.30295822324965,1.2735035021324799,0.0987269460830149,-0.02895493087724891,-0.0048172763187182,0,0,-1.278320778451198,-0.0987269460830149,0.02895493087724891,-1.2766946033659936,-1.272597770196174,0,0
1180.1265773010464,87.79450977305973,106.88588226030939,1.2430158154933897,0.09954452055187468,-0.024665311488026843,-0.0048172763187182,0,0,-1.2478330918121079,-0.09954452055187468,0.024665311488026843,-1.2458924873114063,-1.2424025923889679,0,0
1093.1463157010076,87.79450977305973,103.08353533160607,1.2125249022807691,0.10023130732805843,-0.020375692098804778,-0.0048172763187182,0,0,-1.2173421785994873,-0.10023130732805843,0.020375692098804778,-1.215090371256819,-1.2122074145817618,0,0
1284.2268420173286,88.18202887947652,105.77203060255431,1.1816523564521482,0.10081076304484508,-0.017158477556888235,-0.0048172763187182,0,0,-1.1864696327708664,-0.10081076304484508,0.017158477556888235,-1.1839847860785413,-1.18155703308902,0,0
1284.2268420173286,90.16911060094986,103.08353533160607,1.151006486789488,0.10133665112216671,-0.017158477556888235,-0.0048172763187182,0,0,-1.1558237631082062,-0.10133665112216671,0.017158477556888235,-1.1533344045857994,-1.150906651596278,0,0
624.3377665398167,84.08878225753256,89.76495072901147,1.1202850481106743,0.1018803138898934,-0.01823088240419376,-0.0048172763187182,0,0,-1.1251023244293925,-0.1018803138898934,0.01823088240419376,-1.1226840230930575,-1.1201045355416908,0,0
1284.2268420173286,90.57673222463723,105.22351709380416,1.0904728113478028,0.10234392767212562,-0.012868858167666194,-0.0048172763187182,0,0,-1.095290087666521,-0.10234392767212562,0.012868858167666194,-1.0924888452858514,-1.0906680305437109,0,0
1284.2268420173286,88.18202887947652,102.56164513946942,1.060355063882858,0.10265077326278708,-0.007506833931138605,-0.0048172763187182,0,0,-1.0651723402015763,-0.10265077326278708,0.007506833931138605,-1.0619901983549547,-1.0609280564220405,0,0
1284.2268420173286,87.41019065628254,110.97077873540402,1.030464197432476,0.10287516324828683,-0.007506833931138605,-0.0048172763187182,0,0,-1.0352814737511942,-0.10287516324828683,0.007506833931138605,-1.0320984896714391,-1.031036347738525,0,0
1284.2268420173286,85.16922919230018,105.77203060255431,1.0008767915551944,0.10309727516286779,-0.007506833931138605,-0.0048172763187182,0,0,-1.0056940678739126,-0.10309727516286779,0.007506833931138605,-1.002510250111614,-1.0014481081787,0,0
1284.2268420173286,90.57673222463723,105.77203060255431,0.976827641398667,0.103290707522971,-0.008579238778444104,-0.0048172763187182,0,0,-0.9816449177173852,-0.103290707522971,0.008579238778444104,-0.9785361893400635,-0.977322312845304,0,0
1284.2268420173286,82.68751571021457,112.81620876492863,0.946936551499449,0.10348304227551328,-0.004289619389222062,-0.0048172763187182,0,0,-0.9517538278181672,-0.10348304227551328,0.004289619389222062,-0.9483410115328573,-0.9477340732854789,0,0
602.1580731583105,98.08447665807216,102.04483787812359,0.9168933846658778,0.10361191681694354,-0.004289619389222062,-0.0048172763187182,0,0,-0.921710660984596,-0.10361191681694354,0.004289619389222062,-0.9182975682874964,-0.917690630040118,0,0
624.3377665398167,220.70517709223105,97.6101426547749,0.8857878710336633,0.10367863232643955,-4.5102810375396984e-17,-0.0048172763187182,0,0,-0.8906051473523815,-0.10367863232643955,4.5102810375396984e-17,-0.8868885139855283,-0.8868885139855308,0,0
1284.2268420173286,307.4777105974586,141.82331249922515,0.8540753658435308,0.1037126409837629,-0.0021448096946110906,-0.0048172763187182,0,0,-0.858892642162249,-0.1037126409837629,0.0021448096946110906,-0.8553277251217148,-0.8550242559980268,0,0
1284.2268420173286,360.20900612823414,265.2554052777127,0.8226663837856362,0.10378000737627839,-0.0021448096946110906,-0.0048172763187182,0,0,-0.8274836601043544,-0.10378000737627839,0.0021448096946110906,-0.8239186708197467,-0.8236152016960586,0,0
1411.3480414449798,265.2554052777127,191.20821604693444,0.7917125509684734,0.10381320242935956,-6.982261990806649e-17,-0.0048172763187182,0,0,-0.7965298272871916,-0.10381320242935956,6.982261990806649e-17,-0.792813085641469,-0.7928130856414715,0,0
734.7683303247097,261.6981137825328,187.6483042942066,0.7604552312283505,0.10381320242935956,-6.982261990806649e-17,-0.0048172763187182,0,0,-0.7652725075470687,-0.10381320242935956,6.982261990806649e-17,-0.7615557659013461,-0.7615557659013485,0,0
1284.2268420173286,204.85569342211394,198.76603234393832,0.7298808268986091,0.10373123188444607,0.00536202423652752,-0.0048172763187182,0,0,-0.7346981032173273,-0.10373123188444607,-0.00536202423652752,-0.7306019152849137,-0.7313605880941424,0,0
239.3652489782259,193.04122344313365,152.41788953728954,0.6991551125923237,0.10355000255556637,0.006434429083833042,-0.0048172763187182,0,0,-0.7039723889110419,-0.10355000255556637,-0.006434429083833042,-0.6997997992303265,-0.7007102066014005,0,0
602.1580731583105,236.49825525583836,143.82153882231913,0.6676709559278395,0.10333053454649428,0.007506833931138565,-0.0048172763187182,0,0,-0.6724882322465577,-0.10333053454649428,-0.007506833931138565,-0.6682390103665131,-0.6693011522994323,0,0
1284.2268420173286,317.7208243859324,245.3252030939217,0.6367930835650486,0.10324775039815733,-0.0021448096946110416,-0.0048172763187182,0,0,-0.6416103598837668,-0.10324775039815733,0.0021448096946110416,-0.638043832559307,-0.6377403634356189,0,0
851.4899528953961,149.07502982648927,200.75362703878065,0.6059160989792232,0.1034961004630217,-0.013941263014971669,-0.0048172763187182,0,0,-0.6107333752979414,-0.1034961004630217,0.013941263014971669,-0.6080003893139461,-0.6060278400099602,0,0
182.55823066529945,90.98786202822609,215.92040254306553,0.5751935649106152,0.10397387039127627,-0.01715847755688821,-0.0048172763187182,0,0,-0.5800108412293334,-0.10397387039127627,0.01715847755688821,-0.5775017423830494,-0.5750739893935278,0,0
1284.2268420173286,129.25786434407527,187.6483042942066,0.5445466378076435,0.1044340277510436,-0.012868858167666145,-0.0048172763187182,0,0,-0.5493639141263617,-0.1044340277510436,0.012868858167666145,-0.546547891766617,-0.5447270770244764,0,0
1284.2268420173286,261.6981137825328,225.71785045590883,0.5142768503405712,0.10470995786140294,-0.005362024236527535,-0.0048172763187182,0,0,-0.5190941266592894,-0.10470995786140294,0.005362024236527535,-0.5157457757120298,-0.514987102902806,0,0
1284.2268420173286,360.20900612823414,213.60849807698625,0.48430962332624383,0.10485457548184698,-0.004289619389222013,-0.0048172763187182,0,0,-0.48912689964496203,-0.10485457548184698,0.004289619389222013,-0.48570233246666894,-0.4850953942192904,0,0
239.3652489782259,206.97300472647143,176.198566643824,0.4538868480497426,0.10487088824924787,0.003217214541916597,-0.0048172763187182,0,0,-0.4587041243684608,-0.10487088824924787,-0.003217214541916597,-0.45474848185023653,-0.4552036855357747,0,0
1284.2268420173286,202.78305134967044,179.3202830877122,0.42384402672971644,0.10467757717816475,0.009651643625749684,-0.0048172763187182,0,0,-0.42866130304843464,-0.10467757717816475,-0.009651643625749684,-0.4242498349193399,-0.4256154459759496,0,0
1284.2268420173286,211.34777997197892,180.92431015592842,0.39327225953035533,0.10426773623730151,0.01715847755688827,-0.0048172763187182,0,0,-0.39808953584907353,-0.10426773623730151,-0.01715847755688827,-0.3931442497410622,-0.3955720027305887,0,0
1019.267059271828,206.97300472647143,166.09994149545804,0.3624746776416425,0.1037392447536565,0.01715847755688827,-0.0048172763187182,0,0,-0.3672919539603607,-0.1037392447536565,-0.01715847755688827,-0.36234213368647505,-0.3647698866760015,0,0
602.1580731583105,179.3202830877122,167.46934895889862,0.33159904246050953,0.1033584468681524,0.007506833931138664,-0.0048172763187182,0,0,-0.33641631877922773,-0.1033584468681524,-0.007506833931138664,-0.3321469558792689,-0.33320909781218805,0,0
1284.2268420173286,223.1819809443389,189.41093412341306,0.300569543138386,0.10324197967202776,1.0321604682062002e-16,-0.0048172763187182,0,0,-0.3053868194571042,-0.10324197967202776,-1.0321604682062002e-16,-0.30164830894837225,-0.3016483089483746,0,0
239.3652489782259,242.3065498311679,168.8620920208621,0.27576137380960736,0.1033883055746047,-0.011796453320360549,-0.0048172763187182,0,0,-0.28057865012832556,-0.1033883055746047,0.011796453320360549,-0.2776742481768216,-0.27600516799652614,0,0
1284.2268420173286,98.56325615049124,261.6981137825328,0.24435753899938867,0.10396088863101263,-0.024665311488026673,-0.0048172763187182,0,0,-0.24917481531810687,-0.10396088863101263,0.024665311488026673,-0.24717560124592497,-0.2436857063234864,0,0
417.22151175368833,103.08353533160607,157.11931592309642,0.21394211086129472,0.10462965825301741,-0.01930328725149911,-0.0048172763187182,0,0,-0.21875938718001292,-0.10462965825301741,0.01930328725149911,-0.21637348519133778,-0.2136422630781255,0,0
448.2028325964311,153.56624101955603,153.56624101955603,0.18936429208476488,0.1050250529378262,-0.01286885816766602,-0.0048172763187182,0,0,-0.19418156840348308,-0.1050250529378262,0.01286885816766602,-0.19133728248687037,-0.18951646774472963,0,0
1284.2268420173286,268.9169663380496,176.198566643824,0.15879136455737766,0.10533653599333392,-0.007506833931138431,-0.0048172763187182,0,0,-0.16360864087609586,-0.10533653599333392,0.007506833931138431,-0.16038343187043794,-0.15932128993752348,0,0
734.7683303247097,185.91929651913173,171.72011046907937,0.13459012291859973,0.1054792820573157,-0.004289619389221887,-0.0048172763187182,0,0,-0.13940739923731793,-0.1054792820573157,0.004289619389221887,-0.13595416741335156,-0.13534722916597286,0,0
1284.2268420173286,158.34116103748556,159.58252707905322,0.10401582407552937,0.10559404068821601,-0.003217214541916389,-0.0048172763187182,0,0,-0.10883310039424757,-0.10559404068821601,0.003217214541916389,-0.10530378592060964,-0.1048485822350762,0,0
602.1580731583105,130.91477695173097,170.27879631253745,0.0742001926975476,0.10570595171040913,-0.004289619389221911,-0.0048172763187182,0,0,-0.0790174690162658,-0.10570595171040913,0.004289619389221911,-0.07556381179893927,-0.07495687355156057,0,0
1284.2268420173286,89.76495072901147,171.72011046907937,0.05386833429982585,0.10585858246196733,-0.010724048473054974,-0.0048172763187182,0,0,-0.05868561061854405,-0.10585858246196733,0.010724048473054974,-0.0556865841972106,-0.054169238578760354,0,0
1284.2268420173286,89.76495072901147,157.11931592309642,0.03672374854536075,0.10607922588458872,-0.015013667862277015,-0.0048172763187182,0,0,-0.04154102486407895,-0.10607922588458872,0.015013667862277015,-0.03884404783238707,-0.036719763966555796,0,0
1284.2268420173286,95.7560002023429,149.07502982648927,0.023827378730055145,0.10624519660071985,-0.010724048473054961,-0.0048172763187182,0,0,-0.028644655048773345,-0.10624519660071985,0.010724048473054961,-0.025643140951849705,-0.024125795333399463,0,0
1284.2268420173286,95.7560002023429,126.06628950603962,0.014799640824945767,0.10633717298683751,-0.00965164362574945,-0.0048172763187182,0,0,-0.019616917143663967,-0.10633717298683751,0.00965164362574945,-0.016539067241134284,-0.015173456184529298,0,0
1284.2268420173286,90.57673222463723,120.84213728458607,0.008578699076389109,0.10638387344067247,-0.005362024236527397,-0.0048172763187182,0,0,-0.013395975395107309,-0.10638387344067247,0.005362024236527397,-0.010014481081788231,-0.009255808272564274,0,0
1284.2268420173286,92.2427776670329,112.81620876492863,0.005240569428214532,0.10639819283416473,-0.003217214541916373,-0.0048172763187182,0,0,-0.010057845746932732,-0.10639819283416473,0.003217214541916373,-0.00652458615934732,-0.006069382473813877,0,0
1180.1265773010464,90.98786202822609,114.0802412881919,0.004557766353853063,0.10640002344186751,-0.0021448096946108603,-0.0048172763187182,0,0,-0.009375042672571263,-0.10640002344186751,0.0021448096946108603,-0.005765913350121035,-0.0054624442264328485,0,0
1180.1265773010464,92.66842176880655,113.44477390085575,0.004557766353853063,0.10640002344186751,-0.0021448096946108603,-0.0048172763187182,0,0,-0.009375042672571263,-0.10640002344186751,0.0021448096946108603,-0.005765913350121035,-0.0054624442264328485,0,0
1284.2268420173286,90.16911060094986,116.69355260679126,0.004557766353853063,0.10640002344186751,-0.0021448096946108603,-0.0048172763187182,0,0,-0.009375042672571263,-0.10640002344186751,0.0021448096946108603,-0.005765913350121035,-0.0054624442264328485,0,0
602.1580731583105,84.08878225753256,104.68049512451793,0.004557766353853063,0.10640002344186751,-0.0021448096946108603,-0.0048172763187182,0,0,-0.009375042672571263,-0.10640002344186751,0.0021448096946108603,-0.005765913350121035,-0.0054624442264328485,0,0
1284.2268420173286,89.76495072901147,116.02925942608664,0.004557766353853063,0.10640002344186751,-0.0021448096946108603,-0.0048172763187182,0,0,-0.009375042672571263,-0.10640002344186751,0.0021448096946108603,-0.005765913350121035,-0.0054624442264328485,0,0
288.9697116820819,84.44606393366254,105.22351709380416,0.004557766353853063,0.10640002344186751,-0.0021448096946108603,-0.0048172763187182,0,0,-0.009375042672571263,-0.10640002344186751,0.0021448096946108603,-0.005765913350121035,-0.0054624442264328485,0,0
1284.2268420173286,93.09781934285294,113.44477390085575,0.004557766353853063,0.10640002344186751,-0.0021448096946108603,-0.0048172763187182,0,0,-0.009375042672571263,-0.10640002344186751,0.0021448096946108603,-0.005765913350121035,-0.0054624442264328485,0,0
1284.2268420173286,84.44606393366254,99.04654639912101,0.004557766353853063,0.10640002344186751,-0.0021448096946108603,-0.0048172763187182,0,0,-0.009375042672571263,-0.10640002344186751,0.0021448096946108603,-0.005765913350121035,-0.0054624442264328485,0,0
1284.2268420173286,85.53518482670935,112.81620876492863,0.004557766353853063,0.10640002344186751,-0.0021448096946108603,-0.0048172763187182,0,0,-0.009375042672571263,-0.10640002344186751,0.0021448096946108603,-0.005765913350121035,-0.0054624442264328485,0,0
1284.2268420173286,89.76495072901147,112.19442975602797,0.004557766353853063,0.10640002344186751,-0.0021448096946108603,-0.0048172763187182,0,0,-0.009375042672571263,-0.10640002344186751,0.0021448096946108603,-0.005765913350121035,-0.0054624442264328485,0,0
1284.2268420173286,89.76495072901147,113.44477390085575,0.004557766353853063,0.10640002344186751,-0.0021448096946108603,-0.0048172763187182,0,0,-0.009375042672571263,-0.10640002344186751,0.0021448096946108603,-0.005765913350121035,-0.0054624442264328485,0,0
193.04122344313365,90.98786202822609,117.36537105675751,0.004557766353853063,0.10640002344186751,-0.0021448096946108603,-0.0048172763187182,0,0,-0.009375042672571263,-0.10640002344186751,0.0021448096946108603,-0.005765913350121035,-0.0054624442264328485,0,0
1284.2268420173286,90.57673222463723,116.69355260679126,0.004557766353853063,0.10640002344186751,-0.0021448096946108603,-0.0048172763187182,0,0,-0.009375042672571263,-0.10640002344186751,0.0021448096946108603,-0.005765913350121035,-0.0054624442264328485,0,0
1284.2268420173286,90.16911060094986,116.02925942608664,0.004557766353853063,0.10640002344186751,-0.0021448096946108603,-0.0048172763187182,0,0,-0.009375042672571263,-0.10640002344186751,0.0021448096946108603,-0.005765913350121035,-0.0054624442264328485,0,0
1284.2268420173286,90.16911060094986,112.81620876492863,0.004557766353853063,0.10640002344186751,-0.0021448096946108603,-0.0048172763187182,0,0,-0.009375042672571263,-0.10640002344186751,0.0021448096946108603,-0.005765913350121035,-0.0054624442264328485,0,0
1284.2268420173286,90.16911060094986,112.81620876492863,0.004557766353853063,0.10640002344186751,-0.0021448096946108603,-0.0048172763187182,0,0,-0.009375042672571263,-0.10640002344186751,0.0021448096946108603,-0.005765913350121035,-0.0054624442264328485,0,0
1284.2268420173286,90.57673222463723,118.73212177360972,0.004557766353853063,0.10640002344186751,-0.0021448096946108603,-0.0048172763187182,0,0,-0.009375042672571263,-0.10640002344186751,0.0021448096946108603,-0.005765913350121035,-0.0054624442264328485,0,0
1284.2268420173286,90.16911060094986,117.36537105675751,0.004557766353853063,0.10640002344186751,-0.0021448096946108603,-0.0048172763187182,0,0,-0.009375042672571263,-0.10640002344186751,0.0021448096946108603,-0.005765913350121035,-0.0054624442264328485,0,0
1411.3480414449798,89.36420701132127,114.0802412881919,0.004557766353853063,0.10640002344186751,-0.0021448096946108603,-0.0048172763187182,0,0,-0.009375042672571263,-0.10640002344186751,0.0021448096946108603,-0.005765913350121035,-0.0054624442264328485,0,0
239.3652489782259,87.41019065628254,104.1428794944386,0.004557766353853063,0.10640002344186751,-0.0021448096946108603,-0.0048172763187182,0,0,-0.009375042672571263,-0.10640002344186751,0.0021448096946108603,-0.005765913350121035,-0.0054624442264328485,0,0
602.1580731583105,91.40254728973653,105.77203060255431,0.004557766353853063,0.10640002344186751,-0.0021448096946108603,-0.0048172763187182,0,0,-0.009375042672571263,-0.10640002344186751,0.0021448096946108603,-0.005765913350121035,-0.0054624442264328485,0,0
1284.2268420173286,90.16911060094986,112.81620876492863,0.004557766353853063,0.10640002344186751,-0.0021448096946108603,-0.0048172763187182,0,0,-0.009375042672571263,-0.10640002344186751,0.0021448096946108603,-0.005765913350121035,-0.0054624442264328485,0,0
