FDist,LDist,RDist,XEst,YEst,ThetaEst,XDes,YDes,ThetaDes,XError,YError,ThetaError,SL,SR,RW,LW
1411.3480414449798,92.66842176880655,91.40254728973653,0.0,0.0,0.0,0,0,0,0.0,0.0,0.0,0.0,0.0,0,0
1411.3480414449798,91.40254728973653,91.82083615681199,0.0,0.0,0.0,0,0,0,0.0,0.0,0.0,0.0,0.0,0,0
624.3377665398167,85.53518482670935,83.38264517783642,0.0,0.0,0.0,0,0,0,0.0,0.0,0.0,0.0,0.0,0,0
1180.1265773010464,94.40905615911757,90.98786202822609,0.0,0.0,0.0,0,0,0,0.0,0.0,0.0,0.0,0.0,0,0
1180.1265773010464,96.67455639633857,92.2427776670329,0.0,0.0,0.0,0,0,0,0.0,0.0,0.0,0.0,0.0,0,0
1284.2268420173286,91.82083615681199,91.40254728973653,0.0,0.0,0.0,0,0,0,0.0,0.0,0.0,0.0,0.0,0,0
1284.2268420173286,92.66842176880655,91.82083615681199,0.0,0.0,0.0,0,0,0,0.0,0.0,0.0,0.0,0.0,0,0
1180.1265773010464,93.53102222430564,92.2427776670329,0.0,0.0,0.0,0,0,0,0.0,0.0,0.0,0.0,0.0,0,0
1284.2268420173286,93.09781934285294,89.36420701132127,0.0,0.0,0.0,0,0,0,0.0,0.0,0.0,0.0,0.0,0,0
1284.2268420173286,91.40254728973653,89.36420701132127,0.0,0.0,0.0,0,0,0,0.0,0.0,0.0,0.0,0.0,0,0
1180.1265773010464,92.66842176880655,91.40254728973653,0.0,0.0,0.0,0,0,0,0.0,0.0,0.0,0.0,0.0,0,0
1284.2268420173286,93.09781934285294,91.40254728973653,0.0,0.0,0.0,0,0,0,0.0,0.0,0.0,0.0,0.0,0,0
1284.2268420173286,93.53102222430564,91.82083615681199,0.0,0.0,0.0,0,0,0,0.0,0.0,0.0,0.0,0.0,0,0
1411.3480414449798,95.30295822324965,92.2427776670329,0.0,0.0,0.0,0,0,0,0.0,0.0,0.0,0.0,0.0,0,0
1284.2268420173286,91.40254728973653,91.40254728973653,0.0,0.0,0.0,0,0,0,0.0,0.0,0.0,0.0,0.0,0,0
1284.2268420173286,92.2427776670329,88.96683466233691,0.0,0.0,0.0,0,0,0,0.0,0.0,0.0,0.0,0.0,0,0
1284.2268420173286,94.40905615911757,92.2427776670329,0.0,0.0,0.0,0,0,0,0.0,0.0,0.0,0.0,0.0,0,0
1284.2268420173286,91.82083615681199,91.40254728973653,0.0,0.0,0.0,0,0,0,0.0,0.0,0.0,0.0,0.0,0,0
624.3377665398167,89.36420701132127,83.73432085224402,0.0,0.0,0.0,0,0,0,0.0,0.0,0.0,0.0,0.0,0,0
624.3377665398167,85.90410486184942,86.65098914560704,0.0,0.0,0.0,0,0,0,0.0,0.0,0.0,0.0,0.0,0,0
1284.2268420173286,92.2427776670329,91.40254728973653,0.0,0.0,0.0,0,0,0,0.0,0.0,0.0,0.0,0.0,0,0
248.42442609070224,90.16911060094986,28.592015692053423,0.0,0.0,0.0,0,0,0,0.0,0.0,0.0,0.0,0.0,0,0
1284.2268420173286,93.09781934285294,48.719098859537986,0.0,0.0,0.0,0,0,0,0.0,0.0,0.0,0.0,0.0,0,0
1284.2268420173286,92.66842176880655,58.32507928939602,0.0,0.0,0.0,0,0,0,0.0,0.0,0.0,0.0,0.0,0,0
1411.3480414449798,95.7560002023429,59.445249703111536,0.0,0.0,0.0,0,0,0,0.0,0.0,0.0,0.0,0.0,0,0
1284.2268420173286,96.67455639633857,59.445249703111536,0.0,0.0,0.0,0,0,0,0.0,0.0,0.0,0.0,0.0,0,0
602.1580731583105,88.5727896902875,58.14195534124432,0.0,0.0,0.0,0,0,0,0.0,0.0,0.0,0.0,0.0,0,0
1411.3480414449798,92.2427776670329,59.255959637469736,0.0,0.0,0.0,0,0,0,0.0,0.0,0.0,0.0,0.0,0,0
1180.1265773010464,92.2427776670329,60.40777364647001,0.0,0.0,0.0,0,0,0,0.0,0.0,0.0,0.0,0.0,0,0
1411.3480414449798,93.96808322544976,47.14070323672423,0.0,0.0,0.0,0,0,0,0.0,0.0,0.0,0.0,0.0,0,0
602.1580731583105,96.67455639633857,90.98786202822609,0.0,0.0,0.0,0,0,0,0.0,0.0,0.0,0.0,0.0,0,0
1284.2268420173286,87.79450977305973,96.67455639633857,0.0,0.0,0.0,0,0,0,0.0,0.0,0.0,0.0,0.0,0,0
1284.2268420173286,92.2427776670329,97.14019014961423,0.0,0.0,0.0,0,0,0,0.0,0.0,0.0,0.0,0.0,0,0
1284.2268420173286,94.40905615911757,96.67455639633857,0.0,0.0,0.0,0,0,0,0.0,0.0,0.0,0.0,0.0,0,0
1284.2268420173286,91.82083615681199,97.14019014961423,0.0,0.0,0.0,0,0,0,0.0,0.0,0.0,0.0,0.0,0,0
1284.2268420173286,94.8539958627646,93.96808322544976,0.0,0.0,0.0,0,0,0,0.0,0.0,0.0,0.0,0.0,0,0
1284.2268420173286,94.40905615911757,97.14019014961423,0.0,0.0,0.0,0,0,0,0.0,0.0,0.0,0.0,0.0,0,0
1284.2268420173286,95.7560002023429,96.67455639633857,0.0,0.0,0.0,0,0,0,0.0,0.0,0.0,0.0,0.0,0,0
1284.2268420173286,95.30295822324965,94.40905615911757,0.0,0.0,0.0,0,0,0,0.0,0.0,0.0,0.0,0.0,0,0
1284.2268420173286,95.30295822324965,97.14019014961423,0.0,0.0,0.0,0,0,0,0.0,0.0,0.0,0.0,0.0,0,0
1284.2268420173286,92.66842176880655,94.40905615911757,0.0,0.0,0.0,0,0,0,0.0,0.0,0.0,0.0,0.0,0,0
251.60762066022812,88.96683466233691,90.16911060094986,0.0,0.0,0.0,0,0,0,0.0,0.0,0.0,0.0,0.0,0,0
1284.2268420173286,94.40905615911757,93.53102222430564,0.0,0.0,0.0,0,0,0,0.0,0.0,0.0,0.0,0.0,0,0
1284.2268420173286,94.40905615911757,96.67455639633857,0.0,0.0,0.0,0,0,0,0.0,0.0,0.0,0.0,0.0,0,0
1284.2268420173286,94.8539958627646,97.14019014961423,0.0,0.0,0.0,0,0,0,0.0,0.0,0.0,0.0,0.0,0,0
1411.3480414449798,95.30295822324965,97.14019014961423,0.0,0.0,0.0,0,0,0,0.0,0.0,0.0,0.0,0.0,0,0
1284.2268420173286,94.40905615911757,96.67455639633857,0.0,0.0,0.0,0,0,0,0.0,0.0,0.0,0.0,0.0,0,0
251.60762066022812,89.36420701132127,90.98786202822609,0.0,0.0,0.0,0,0,0,0.0,0.0,0.0,0.0,0.0,0,0
1284.2268420173286,94.40905615911757,96.67455639633857,0.0,0.0,0.0,0,0,0,0.0,0.0,0.0,0.0,0.0,0,0
1284.2268420173286,95.7560002023429,96.67455639633857,0.0,0.0,0.0,0,0,0,0.0,0.0,0.0,0.0,0.0,0,0
624.3377665398167,88.5727896902875,90.98786202822609,0.0,0.0,0.0,0,0,0,0.0,0.0,0.0,0.0,0.0,0,0
1284.2268420173286,94.40905615911757,97.14019014961423,0.0,0.0,0.0,0,0,0,0.0,0.0,0.0,0.0,0.0,0,0
1180.1265773010464,96.21317986298715,96.67455639633857,0.0,0.0,0.0,0,0,0,0.0,0.0,0.0,0.0,0.0,0,0
1284.2268420173286,95.7560002023429,96.67455639633857,0.0,0.0,0.0,0,0,0,0.0,0.0,0.0,0.0,0.0,0,0
1284.2268420173286,88.5727896902875,96.67455639633857,0.0,0.0,0.0,0,0,0,0.0,0.0,0.0,0.0,0.0,0,0
1284.2268420173286,94.8539958627646,96.67455639633857,0.0,0.0,0.0,0,0,0,0.0,0.0,0.0,0.0,0.0,0,0
1284.2268420173286,94.40905615911757,96.67455639633857,0.0,0.0,0.0,0,0,0,0.0,0.0,0.0,0.0,0.0,0,0
1284.2268420173286,88.18202887947652,96.67455639633857,0.0,0.0,0.0,0.5,0,0,0.5,0.0,0.0,0.0,0.0,0,0
1284.2268420173286,93.09781934285294,91.82083615681199,0.006296976169486982,1.0129370388267427e-05,0.0032172145419165437,0.5,0,0,0.493703023830513,-1.0129370388267427e-05,-0.0032172145419165437,-0.006069382473810281,-0.006524586159346053,0,0
1284.2268420173286,84.8062010048873,91.40254728973653,0.029587826273263874,0.0001475056764773202,0.008579238778444133,0.5,0,0,0.4704121737267361,-0.0001475056764773202,-0.008579238778444133,-0.02898130131244409,-0.03019517780720615,0,0
1284.2268420173286,104.1428794944386,96.67455639633857,0.05909866698828528,0.00044816798067708996,0.011796453320360653,0.5,0,0,0.44090133301171475,-0.00044816798067708996,-0.011796453320360653,-0.058266071748578695,-0.05993515192887652,0,0
1411.3480414449798,73.9772983740448,80.99613175561399,0.08830605432834504,0.0007457386416460135,0.008579238778444109,0.5,0,0,0.41169394567165496,-0.0007457386416460135,-0.008579238778444109,-0.08770257674655856,-0.08891645324132061,0,0
1411.3480414449798,68.23833891011859,76.58539900875073,0.11212770931672053,0.0009245672087701756,0.006434429083833088,0.5,0,0,0.38787229068327944,-0.0009245672087701756,-0.006434429083833088,-0.11167663751810916,-0.1125870448891807,0,0
1284.2268420173286,66.81098138696464,78.73363637499943,0.1415637911467636,0.0010824057056617062,0.0042896193892220675,0.5,0,0,0.3584362088532364,-0.0010824057056617062,-0.0042896193892220675,-0.14126487707793428,-0.14187181532531531,0,0
1284.2268420173286,67.75651089553122,78.419964244608,0.16531016473289023,0.0011460701735473762,0.0010724048473055238,0.5,0,0,0.33468983526710977,-0.0011460701735473762,-0.0010724048473055238,-0.1652389378494849,-0.16539067241133015,0,0
1284.2268420173286,66.34704544306035,84.08878225753256,0.19482249882843766,0.0011935439697044372,0.0021448096946110468,0.5,0,0,0.30517750117156234,-0.0011935439697044372,-0.0021448096946110468,-0.19467544284746477,-0.19497891197115527,0,0
1284.2268420173286,64.98920973082122,96.67455639633857,0.22433466322038398,0.001304315948414669,0.005362024236527566,0.5,0,0,0.275665336779616,-0.001304315948414669,-0.005362024236527566,-0.22396021328359939,-0.22471888609282564,0,0
1284.2268420173286,64.98920973082122,117.36537105675751,0.2539980493789702,0.0015110918316609053,0.008579238778444109,0.5,0,0,0.2460019506210298,-0.0015110918316609053,-0.008579238778444109,-0.2533967182815792,-0.2546105947763413,0,0
1411.3480414449798,63.680115630491734,96.67455639633857,0.2828270193325306,0.001696592354417426,0.004289619389222092,0.5,0,0,0.21717298066746937,-0.001696592354417426,-0.004289619389222092,-0.28252975415586856,-0.2831366924032496,0,0
1284.2268420173286,66.11723490259166,82.34399565000513,0.3119599044366517,0.0017903194193956517,0.0021448096946110463,0.5,0,0,0.18804009556334828,-0.0017903194193956517,-0.0021448096946110463,-0.31181452459200315,-0.3121179937156937,0,0
624.3377665398167,65.6618596686084,75.99135610686974,0.34147223853219916,0.0018377932155527127,0.0010724048473055236,0.5,0,0,0.15852776146780084,-0.0018377932155527127,-0.0010724048473055236,-0.34140276415182824,-0.34155449871367355,0,0
1284.2268420173286,66.34704544306035,91.40254728973653,0.37098460656850585,0.0018536178203381062,8.673617379884035e-19,0.5,0,0,0.12901539343149415,-0.0018536178203381062,-8.673617379884035e-19,-0.3709910037116534,-0.3709910037116534,0,0
1284.2268420173286,63.89502910136053,84.8062010048873,0.4003452400647801,0.0018378745759886279,-0.0010724048473054974,0.5,0,0,0.09965475993521988,-0.0018378745759886279,0.0010724048473054974,-0.40042750870963323,-0.400275774147788,0,0
1284.2268420173286,61.397967211159504,82.68751571021457,0.42811260101451304,0.0017783187797068207,-0.003217214541916494,0.5,0,0,0.07188739898548696,-0.0017783187797068207,0.003217214541916494,-0.4283466680891605,-0.42789146440362474,0,0
1284.2268420173286,61.19765556235682,96.67455639633857,0.45079688866121914,0.0017418286381876416,4.9873299934333204e-17,0.5,0,0,0.04920311133878086,-0.0017418286381876416,-4.9873299934333204e-17,-0.45080338324225855,-0.45080338324225855,0,0
1284.2268420173286,62.21088813178245,137.0639518589543,0.4682463532395217,0.0017605415357579033,0.0021448096946110953,0.5,0,0,0.031753646760478316,-0.0017605415357579033,-0.0021448096946110953,-0.4681011232926178,-0.4684045924163084,0,0
1284.2268420173286,63.680115630491734,170.27879631253745,0.4805367396714372,0.0018132629390702829,0.006434429083833149,0.5,0,0,0.019463260328562826,-0.0018132629390702829,-0.006434429083833149,-0.48008815367839314,-0.4809985610494647,0,0
1284.2268420173286,63.466481404640184,146.92774685951784,0.48827509108036604,0.001854756564541768,0.004289619389222128,0.5,0,0,0.011724908919633958,-0.001854756564541768,-0.004289619389222128,-0.4879783508943465,-0.48858528914172755,0,0
624.3377665398167,59.827016433695995,101.5330368193872,0.49229604251827247,0.0018655368099026006,0.001072404847305591,0.5,0,0,0.00770395748172753,-0.0018655368099026006,-0.001072404847305591,-0.4922269186260137,-0.492378653187859,0,0
1284.2268420173286,62.833136667956715,107.45140018288424,0.492599511641963,0.0018655368099026006,-0.0010724048473054345,0.5,0,0,0.007400488358037027,-0.0018655368099026006,0.0010724048473054345,-0.49268212231154945,-0.49253038774970426,0,0
1284.2268420173286,63.680115630491734,105.77203060255431,0.492599511641963,0.0018655368099026006,-0.0010724048473054345,0.5,0,0,0.007400488358037027,-0.0018655368099026006,0.0010724048473054345,-0.49268212231154945,-0.49253038774970426,0,0
251.60762066022812,60.01951173605402,98.56325615049124,0.492599511641963,0.0018655368099026006,-0.0010724048473054345,0.5,0,0,0.007400488358037027,-0.0018655368099026006,0.0010724048473054345,-0.49268212231154945,-0.49253038774970426,0,0
1284.2268420173286,62.21088813178245,106.88588226030939,0.492599511641963,0.0018655368099026006,-0.0010724048473054345,0.5,0,0,0.007400488358037027,-0.0018655368099026006,0.0010724048473054345,-0.49268212231154945,-0.49253038774970426,0,0
1284.2268420173286,62.833136667956715,105.22351709380416,0.492599511641963,0.0018655368099026006,-0.0010724048473054345,0.5,0,0,0.007400488358037027,-0.0018655368099026006,0.0010724048473054345,-0.49268212231154945,-0.49253038774970426,0,0
251.60762066022812,59.827016433695995,98.56325615049124,0.492599511641963,0.0018655368099026006,-0.0010724048473054345,0.5,0,0,0.007400488358037027,-0.0018655368099026006,0.0010724048473054345,-0.49268212231154945,-0.49253038774970426,0,0
213.60849807698625,58.880520330140875,86.65098914560704,0.492599511641963,0.0018655368099026006,-0.0010724048473054345,0.5,0,0,0.007400488358037027,-0.0018655368099026006,0.0010724048473054345,-0.49268212231154945,-0.49253038774970426,0,0
1284.2268420173286,62.624502623767405,105.22351709380416,0.492599511641963,0.0018655368099026006,-0.0010724048473054345,0.5,0,0,0.007400488358037027,-0.0018655368099026006,0.0010724048473054345,-0.49268212231154945,-0.49253038774970426,0,0
1411.3480414449798,62.833136667956715,106.88588226030939,0.492599511641963,0.0018655368099026006,-0.0010724048473054345,0.5,0,0,0.007400488358037027,-0.0018655368099026006,0.0010724048473054345,-0.49268212231154945,-0.49253038774970426,0,0
1284.2268420173286,62.624502623767405,106.32612268515561,0.492599511641963,0.0018655368099026006,-0.0010724048473054345,0.5,0,0,0.007400488358037027,-0.0018655368099026006,0.0010724048473054345,-0.49268212231154945,-0.49253038774970426,0,0
1284.2268420173286,62.624502623767405,109.18344276436585,0.492599511641963,0.0018655368099026006,-0.0010724048473054345,0.5,0,0,0.007400488358037027,-0.0018655368099026006,0.0010724048473054345,-0.49268212231154945,-0.49253038774970426,0,0
1284.2268420173286,62.833136667956715,106.32612268515561,0.492599511641963,0.0018655368099026006,-0.0010724048473054345,0.5,0,0,0.007400488358037027,-0.0018655368099026006,0.0010724048473054345,-0.49268212231154945,-0.49253038774970426,0,0
1284.2268420173286,58.880520330140875,106.32612268515561,0.492599511641963,0.0018655368099026006,-0.0010724048473054345,0.5,0,0,0.007400488358037027,-0.0018655368099026006,0.0010724048473054345,-0.49268212231154945,-0.49253038774970426,0,0
1284.2268420173286,61.19765556235682,94.40905615911757,0.492599511641963,0.0018655368099026006,-0.0010724048473054345,0.5,0,0,0.007400488358037027,-0.0018655368099026006,0.0010724048473054345,-0.49268212231154945,-0.49253038774970426,0,0
1284.2268420173286,62.417090148203904,242.3065498311679,0.492599511641963,0.0018655368099026006,-0.0010724048473054345,0.5,0,0,0.007400488358037027,-0.0018655368099026006,0.0010724048473054345,-0.49268212231154945,-0.49253038774970426,0,0
1093.1463157010076,62.21088813178245,162.1258003695371,0.492599511641963,0.0018655368099026006,-0.0010724048473054345,0.5,0,0,0.007400488358037027,-0.0018655368099026006,0.0010724048473054345,-0.49268212231154945,-0.49253038774970426,0,0
1284.2268420173286,62.417090148203904,75.69750294678715,0.492599511641963,0.0018655368099026006,-0.0010724048473054345,0.5,0,0,0.007400488358037027,-0.0018655368099026006,0.0010724048473054345,-0.49268212231154945,-0.49253038774970426,0,0
1411.3480414449798,62.624502623767405,153.56624101955603,0.492599511641963,0.0018655368099026006,-0.0010724048473054345,0.5,0,0,0.007400488358037027,-0.0018655368099026006,0.0010724048473054345,-0.49268212231154945,-0.49253038774970426,0,0
215.92040254306553,59.635598880684206,64.1112337943502,0.492599511641963,0.0018655368099026006,-0.0010724048473054345,0.5,0,0,0.007400488358037027,-0.0018655368099026006,0.0010724048473054345,-0.49268212231154945,-0.49253038774970426,0,0
1284.2268420173286,62.21088813178245,22.28772229885734,0.492599511641963,0.0018655368099026006,-0.0010724048473054345,0.5,0,0,0.007400488358037027,-0.0018655368099026006,0.0010724048473054345,-0.49268212231154945,-0.49253038774970426,0,0
1284.2268420173286,62.21088813178245,140.84502956740286,0.492599511641963,0.0018655368099026006,-0.0010724048473054345,0.5,0,0,0.007400488358037027,-0.0018655368099026006,0.0010724048473054345,-0.49268212231154945,-0.49253038774970426,0,0
251.60762066022812,62.624502623767405,134.3591943699604,0.492599511641963,0.0018655368099026006,-0.0010724048473054345,0.5,0,0,0.007400488358037027,-0.0018655368099026006,0.0010724048473054345,-0.49268212231154945,-0.49253038774970426,0,0
1411.3480414449798,61.19765556235682,189.41093412341306,0.492599511641963,0.0018655368099026006,-0.0010724048473054345,0.5,0,0,0.007400488358037027,-0.0018655368099026006,0.0010724048473054345,-0.49268212231154945,-0.49253038774970426,0,0
1284.2268420173286,62.417090148203904,353.40072554933454,0.492599511641963,0.0018655368099026006,-0.0010724048473054345,0.5,0,0,0.007400488358037027,-0.0018655368099026006,0.0010724048473054345,-0.49268212231154945,-0.49253038774970426,0,0
1284.2268420173286,59.827016433695995,211.34777997197892,0.492599511641963,0.0018655368099026006,-0.0010724048473054345,0.5,0,0,0.007400488358037027,-0.0018655368099026006,0.0010724048473054345,-0.49268212231154945,-0.49253038774970426,0,0
1284.2268420173286,62.624502623767405,179.3202830877122,0.492599511641963,0.0018655368099026006,-0.0010724048473054345,0.5,0,0,0.007400488358037027,-0.0018655368099026006,0.0010724048473054345,-0.49268212231154945,-0.49253038774970426,0,0
1284.2268420173286,62.833136667956715,179.3202830877122,0.492599511641963,0.0018655368099026006,-0.0010724048473054345,0.5,0,0,0.007400488358037027,-0.0018655368099026006,0.0010724048473054345,-0.49268212231154945,-0.49253038774970426,0,0
1284.2268420173286,62.624502623767405,139.88023555455067,0.492599511641963,0.0018655368099026006,-0.0010724048473054345,0.5,0,0,0.007400488358037027,-0.0018655368099026006,0.0010724048473054345,-0.49268212231154945,-0.49253038774970426,0,0
624.3377665398167,59.255959637469736,174.67928447558052,0.492599511641963,0.0018655368099026006,-0.0010724048473054345,0.5,0,0,0.007400488358037027,-0.0018655368099026006,0.0010724048473054345,-0.49268212231154945,-0.49253038774970426,0,0
1411.3480414449798,62.624502623767405,703.2691653992177,0.492599511641963,0.0018655368099026006,-0.0010724048473054345,0.5,0,0,0.007400488358037027,-0.0018655368099026006,0.0010724048473054345,-0.49268212231154945,-0.49253038774970426,0,0
1284.2268420173286,63.254114597104426,91.40254728973653,0.492599511641963,0.0018655368099026006,-0.0010724048473054345,0.5,0,0,0.007400488358037027,-0.0018655368099026006,0.0010724048473054345,-0.49268212231154945,-0.49253038774970426,0,0
1284.2268420173286,62.417090148203904,75.40573089722304,0.492599511641963,0.0018655368099026006,-0.0010724048473054345,0.5,0,0,0.007400488358037027,-0.0018655368099026006,0.0010724048473054345,-0.49268212231154945,-0.49253038774970426,0,0
602.1580731583105,60.40777364647001,73.6975442509615,0.492599511641963,0.0018655368099026006,-0.0010724048473054345,0.5,0,0,0.007400488358037027,-0.0018655368099026006,0.0010724048473054345,-0.49268212231154945,-0.49253038774970426,0,0
1411.3480414449798,62.417090148203904,110.36868736531008,0.492599511641963,0.0018655368099026006,-0.0010724048473054345,0.5,0,0,0.007400488358037027,-0.0018655368099026006,0.0010724048473054345,-0.49268212231154945,-0.49253038774970426,0,0
1284.2268420173286,63.254114597104426,80.33749690282312,0.492599511641963,0.0018655368099026006,-0.0010724048473054345,0.5,0,0,0.007400488358037027,-0.0018655368099026006,0.0010724048473054345,-0.49268212231154945,-0.49253038774970426,0,0
1284.2268420173286,63.043003529206196,97.14019014961423,0.492599511641963,0.0018655368099026006,-0.0010724048473054345,0.5,0,0,0.007400488358037027,-0.0018655368099026006,0.0010724048473054345,-0.49268212231154945,-0.49253038774970426,0,0
1284.2268420173286,63.254114597104426,76.88563626605912,0.492599511641963,0.0018655368099026006,-0.0010724048473054345,0.5,0,0,0.007400488358037027,-0.0018655368099026006,0.0010724048473054345,-0.49268212231154945,-0.49253038774970426,0,0
1180.1265773010464,63.043003529206196,112.81620876492863,0.492599511641963,0.0018655368099026006,-0.0010724048473054345,0.5,0,0,0.007400488358037027,-0.0018655368099026006,0.0010724048473054345,-0.49268212231154945,-0.49253038774970426,0,0
1284.2268420173286,62.21088813178245,78.419964244608,0.492599511641963,0.0018655368099026006,-0.0010724048473054345,0.5,0,0,0.007400488358037027,-0.0018655368099026006,0.0010724048473054345,-0.49268212231154945,-0.49253038774970426,0,0
1180.1265773010464,62.833136667956715,98.08447665807216,0.492599511641963,0.0018655368099026006,-0.0010724048473054345,0.5,0,0,0.007400488358037027,-0.0018655368099026006,0.0010724048473054345,-0.49268212231154945,-0.49253038774970426,0,0
1284.2268420173286,62.417090148203904,80.01189902085736,0.492599511641963,0.0018655368099026006,-0.0010724048473054345,0.5,0,0,0.007400488358037027,-0.0018655368099026006,0.0010724048473054345,-0.49268212231154945,-0.49253038774970426,0,0
251.60762066022812,60.213094273732246,93.53102222430564,0.492599511641963,0.0018655368099026006,-0.0010724048473054345,0.5,0,0,0.007400488358037027,-0.0018655368099026006,0.0010724048473054345,-0.49268212231154945,-0.49253038774970426,0,0
251.60762066022812,61.19765556235682,93.53102222430564,0.492599511641963,0.0018655368099026006,-0.0010724048473054345,0.5,0,0,0.007400488358037027,-0.0018655368099026006,0.0010724048473054345,-0.49268212231154945,-0.49253038774970426,0,0
1284.2268420173286,62.833136667956715,162.1258003695371,0.492599511641963,0.0018655368099026006,-0.0010724048473054345,0.5,0,0,0.007400488358037027,-0.0018655368099026006,0.0010724048473054345,-0.49268212231154945,-0.49253038774970426,0,0
1284.2268420173286,60.01951173605402,93.09781934285294,0.492599511641963,0.0018655368099026006,-0.0010724048473054345,0.5,0,0,0.007400488358037027,-0.0018655368099026006,0.0010724048473054345,-0.49268212231154945,-0.49253038774970426,0,0
1284.2268420173286,63.680115630491734,104.1428794944386,0.492599511641963,0.0018655368099026006,-0.0010724048473054345,0.5,0,0,0.007400488358037027,-0.0018655368099026006,0.0010724048473054345,-0.49268212231154945,-0.49253038774970426,0,0
1284.2268420173286,62.833136667956715,105.22351709380416,0.492599511641963,0.0018655368099026006,-0.0010724048473054345,0.5,0,0,0.007400488358037027,-0.0018655368099026006,0.0010724048473054345,-0.49268212231154945,-0.49253038774970426,0,0
1284.2268420173286,62.833136667956715,106.32612268515561,0.492599511641963,0.0018655368099026006,-0.0010724048473054345,0.5,0,0,0.007400488358037027,-0.0018655368099026006,0.0010724048473054345,-0.49268212231154945,-0.49253038774970426,0,0
1284.2268420173286,62.833136667956715,105.77203060255431,0.492599511641963,0.0018655368099026006,-0.0010724048473054345,0.5,0,0,0.007400488358037027,-0.0018655368099026006,0.0010724048473054345,-0.49268212231154945,-0.49253038774970426,0,0
1284.2268420173286,62.833136667956715,105.77203060255431,0.492599511641963,0.0018655368099026006,-0.0010724048473054345,0.5,0,0,0.007400488358037027,-0.0018655368099026006,0.0010724048473054345,-0.49268212231154945,-0.49253038774970426,0,0
624.3377665398167,59.827016433695995,92.2427776670329,0.492599511641963,0.0018655368099026006,-0.0010724048473054345,0.5,0,0,0.007400488358037027,-0.0018655368099026006,0.0010724048473054345,-0.49268212231154945,-0.49253038774970426,0,0
1284.2268420173286,62.417090148203904,106.88588226030939,0.492599511641963,0.0018655368099026006,-0.0010724048473054345,0.5,0,0,0.007400488358037027,-0.0018655368099026006,0.0010724048473054345,-0.49268212231154945,-0.49253038774970426,0,0
1284.2268420173286,62.21088813178245,105.22351709380416,0.492599511641963,0.0018655368099026006,-0.0010724048473054345,0.5,0,0,0.007400488358037027,-0.0018655368099026006,0.0010724048473054345,-0.49268212231154945,-0.49253038774970426,0,0
1284.2268420173286,62.624502623767405,106.32612268515561,0.492599511641963,0.0018655368099026006,-0.0010724048473054345,0.5,0,0,0.007400488358037027,-0.0018655368099026006,0.0010724048473054345,-0.49268212231154945,-0.49253038774970426,0,0
1180.1265773010464,58.880520330140875,105.22351709380416,0.492599511641963,0.0018655368099026006,-0.0010724048473054345,0.5,0,0,0.007400488358037027,-0.0018655368099026006,0.0010724048473054345,-0.49268212231154945,-0.49253038774970426,0,0
1284.2268420173286,62.417090148203904,106.88588226030939,0.492599511641963,0.0018655368099026006,-0.0010724048473054345,0.5,0,0,0.007400488358037027,-0.0018655368099026006,0.0010724048473054345,-0.49268212231154945,-0.49253038774970426,0,0
602.1580731583105,58.880520330140875,98.56325615049124,0.492599511641963,0.0018655368099026006,-0.0010724048473054345,0.5,0,0,0.007400488358037027,-0.0018655368099026006,0.0010724048473054345,-0.49268212231154945,-0.49253038774970426,0,0
624.3377665398167,59.255959637469736,98.56325615049124,0.492599511641963,0.0018655368099026006,-0.0010724048473054345,0.5,0,0,0.007400488358037027,-0.0018655368099026006,0.0010724048473054345,-0.49268212231154945,-0.49253038774970426,0,0
624.3377665398167,59.067719529011335,99.04654639912101,0.492599511641963,0.0018655368099026006,-0.0010724048473054345,0.5,0,0,0.007400488358037027,-0.0018655368099026006,0.0010724048473054345,-0.49268212231154945,-0.49253038774970426,0,0
624.3377665398167,59.255959637469736,98.08447665807216,0.492599511641963,0.0018655368099026006,-0.0010724048473054345,0.5,0,0,0.007400488358037027,-0.0018655368099026006,0.0010724048473054345,-0.49268212231154945,-0.49253038774970426,0,0
624.3377665398167,59.445249703111536,99.04654639912101,0.492599511641963,0.0018655368099026006,-0.0010724048473054345,0.5,0,0,0.007400488358037027,-0.0018655368099026006,0.0010724048473054345,-0.49268212231154945,-0.49253038774970426,0,0
176.198566643824,63.043003529206196,106.32612268515561,0.492599511641963,0.0018655368099026006,-0.0010724048473054345,0.5,0,0,0.007400488358037027,-0.0018655368099026006,0.0010724048473054345,-0.49268212231154945,-0.49253038774970426,0,0
1284.2268420173286,62.21088813178245,105.77203060255431,0.492599511641963,0.0018655368099026006,-0.0010724048473054345,0.5,0,0,0.007400488358037027,-0.0018655368099026006,0.0010724048473054345,-0.49268212231154945,-0.49253038774970426,0,0
254.878386734463,60.213094273732246,98.56325615049124,0.492599511641963,0.0018655368099026006,-0.0010724048473054345,0.5,0,0,0.007400488358037027,-0.0018655368099026006,0.0010724048473054345,-0.49268212231154945,-0.49253038774970426,0,0
215.92040254306553,55.00843338201938,87.02903054016306,0.492599511641963,0.0018655368099026006,-0.0010724048473054345,0.5,0,0,0.007400488358037027,-0.0018655368099026006,0.0010724048473054345,-0.49268212231154945,-0.49253038774970426,0,0
1284.2268420173286,62.833136667956715,105.22351709380416,0.492599511641963,0.0018655368099026006,-0.0010724048473054345,0.5,0,0,0.007400488358037027,-0.0018655368099026006,0.0010724048473054345,-0.49268212231154945,-0.49253038774970426,0,0
1284.2268420173286,62.833136667956715,106.88588226030939,0.492599511641963,0.0018655368099026006,-0.0010724048473054345,0.5,0,0,0.007400488358037027,-0.0018655368099026006,0.0010724048473054345,-0.49268212231154945,-0.49253038774970426,0,0
1284.2268420173286,62.833136667956715,105.77203060255431,0.492599511641963,0.0018655368099026006,-0.0010724048473054345,0.5,0,0,0.007400488358037027,-0.0018655368099026006,0.0010724048473054345,-0.49268212231154945,-0.49253038774970426,0,0
1284.2268420173286,62.624502623767405,105.22351709380416,0.492599511641963,0.0018655368099026006,-0.0010724048473054345,0.5,0,0,0.007400488358037027,-0.0018655368099026006,0.0010724048473054345,-0.49268212231154945,-0.49253038774970426,0,0
1284.2268420173286,60.40777364647001,106.88588226030939,0.492599511641963,0.0018655368099026006,-0.0010724048473054345,0.5,0,0,0.007400488358037027,-0.0018655368099026006,0.0010724048473054345,-0.49268212231154945,-0.49253038774970426,0,0
1284.2268420173286,62.833136667956715,106.88588226030939,0.492599511641963,0.0018655368099026006,-0.0010724048473054345,0.5,0,0,0.007400488358037027,-0.0018655368099026006,0.0010724048473054345,-0.49268212231154945,-0.49253038774970426,0,0
1284.2268420173286,62.624502623767405,105.22351709380416,0.492599511641963,0.0018655368099026006,-0.0010724048473054345,0.5,0,0,0.007400488358037027,-0.0018655368099026006,0.0010724048473054345,-0.49268212231154945,-0.49253038774970426,0,0
1284.2268420173286,62.833136667956715,106.32612268515561,0.492599511641963,0.0018655368099026006,-0.0010724048473054345,0.5,0,0,0.007400488358037027,-0.0018655368099026006,0.0010724048473054345,-0.49268212231154945,-0.49253038774970426,0,0
1284.2268420173286,62.833136667956715,105.77203060255431,0.492599511641963,0.0018655368099026006,-0.0010724048473054345,0.5,0,0,0.007400488358037027,-0.0018655368099026006,0.0010724048473054345,-0.49268212231154945,-0.49253038774970426,0,0
1284.2268420173286,62.21088813178245,105.77203060255431,0.492599511641963,0.0018655368099026006,-0.0010724048473054345,0.5,0,0,0.007400488358037027,-0.0018655368099026006,0.0010724048473054345,-0.49268212231154945,-0.49253038774970426,0,0
624.3377665398167,60.40777364647001,98.08447665807216,0.492599511641963,0.0018655368099026006,-0.0010724048473054345,0.5,0,0,0.007400488358037027,-0.0018655368099026006,0.0010724048473054345,-0.49268212231154945,-0.49253038774970426,0,0
1180.1265773010464,63.043003529206196,106.32612268515561,0.492599511641963,0.0018655368099026006,-0.0010724048473054345,0.5,0,0,0.007400488358037027,-0.0018655368099026006,0.0010724048473054345,-0.49268212231154945,-0.49253038774970426,0,0
1411.3480414449798,62.417090148203904,105.77203060255431,0.492599511641963,0.0018655368099026006,-0.0010724048473054345,0.5,0,0,0.007400488358037027,-0.0018655368099026006,0.0010724048473054345,-0.49268212231154945,-0.49253038774970426,0,0
1411.3480414449798,62.833136667956715,105.77203060255431,0.492599511641963,0.0018655368099026006,-0.0010724048473054345,0.5,0,0,0.007400488358037027,-0.0018655368099026006,0.0010724048473054345,-0.49268212231154945,-0.49253038774970426,0,0
1284.2268420173286,62.21088813178245,109.18344276436585,0.492599511641963,0.0018655368099026006,-0.0010724048473054345,0.5,0,0,0.007400488358037027,-0.0018655368099026006,0.0010724048473054345,-0.49268212231154945,-0.49253038774970426,0,0
1411.3480414449798,62.417090148203904,105.77203060255431,0.492599511641963,0.0018655368099026006,-0.0010724048473054345,0.5,0,0,0.007400488358037027,-0.0018655368099026006,0.0010724048473054345,-0.49268212231154945,-0.49253038774970426,0,0
1284.2268420173286,62.624502623767405,106.88588226030939,0.492599511641963,0.0018655368099026006,-0.0010724048473054345,0.5,0,0,0.007400488358037027,-0.0018655368099026006,0.0010724048473054345,-0.49268212231154945,-0.49253038774970426,0,0
1284.2268420173286,62.417090148203904,108.6000844939372,0.492599511641963,0.0018655368099026006,-0.0010724048473054345,0.5,0,0,0.007400488358037027,-0.0018655368099026006,0.0010724048473054345,-0.49268212231154945,-0.49253038774970426,0,0
1284.2268420173286,62.417090148203904,106.32612268515561,0.492599511641963,0.0018655368099026006,-0.0010724048473054345,0.5,0,0,0.007400488358037027,-0.0018655368099026006,0.0010724048473054345,-0.49268212231154945,-0.49253038774970426,0,0
602.1580731583105,58.880520330140875,98.56325615049124,0.492599511641963,0.0018655368099026006,-0.0010724048473054345,0.5,0,0,0.007400488358037027,-0.0018655368099026006,0.0010724048473054345,-0.49268212231154945,-0.49253038774970426,0,0
624.3377665398167,59.255959637469736,98.56325615049124,0.492599511641963,0.0018655368099026006,-0.0010724048473054345,0.5,0,0,0.007400488358037027,-0.0018655368099026006,0.0010724048473054345,-0.49268212231154945,-0.49253038774970426,0,0
624.3377665398167,59.067719529011335,100.02692680886574,0.492599511641963,0.0018655368099026006,-0.0010724048473054345,0.5,0,0,0.007400488358037027,-0.0018655368099026006,0.0010724048473054345,-0.49268212231154945,-0.49253038774970426,0,0
1284.2268420173286,62.21088813178245,106.32612268515561,0.492599511641963,0.0018655368099026006,-0.0010724048473054345,0.5,0,0,0.007400488358037027,-0.0018655368099026006,0.0010724048473054345,-0.49268212231154945,-0.49253038774970426,0,0
239.3652489782259,60.213094273732246,98.56325615049124,0.492599511641963,0.0018655368099026006,-0.0010724048473054345,0.5,0,0,0.007400488358037027,-0.0018655368099026006,0.0010724048473054345,-0.49268212231154945,-0.49253038774970426,0,0
251.60762066022812,62.417090148203904,98.56325615049124,0.492599511641963,0.0018655368099026006,-0.0010724048473054345,0.5,0,0,0.007400488358037027,-0.0018655368099026006,0.0010724048473054345,-0.49268212231154945,-0.49253038774970426,0,0
602.1580731583105,60.213094273732246,92.66842176880655,0.492599511641963,0.0018655368099026006,-0.0010724048473054345,0.5,0,0,0.007400488358037027,-0.0018655368099026006,0.0010724048473054345,-0.49268212231154945,-0.49253038774970426,0,0
1284.2268420173286,62.833136667956715,105.22351709380416,0.492599511641963,0.0018655368099026006,-0.0010724048473054345,0.5,0,0,0.007400488358037027,-0.0018655368099026006,0.0010724048473054345,-0.49268212231154945,-0.49253038774970426,0,0
1284.2268420173286,62.833136667956715,106.32612268515561,0.492599511641963,0.0018655368099026006,-0.0010724048473054345,0.5,0,0,0.007400488358037027,-0.0018655368099026006,0.0010724048473054345,-0.49268212231154945,-0.49253038774970426,0,0
1284.2268420173286,62.21088813178245,105.77203060255431,0.492599511641963,0.0018655368099026006,-0.0010724048473054345,0.5,0,0,0.007400488358037027,-0.0018655368099026006,0.0010724048473054345,-0.49268212231154945,-0.49253038774970426,0,0
1284.2268420173286,62.417090148203904,105.22351709380416,0.492599511641963,0.0018655368099026006,-0.0010724048473054345,0.5,0,0,0.007400488358037027,-0.0018655368099026006,0.0010724048473054345,-0.49268212231154945,-0.49253038774970426,0,0
624.3377665398167,59.827016433695995,92.66842176880655,0.492599511641963,0.0018655368099026006,-0.0010724048473054345,0.5,0,0,0.007400488358037027,-0.0018655368099026006,0.0010724048473054345,-0.49268212231154945,-0.49253038774970426,0,0
1284.2268420173286,62.624502623767405,106.32612268515561,0.492599511641963,0.0018655368099026006,-0.0010724048473054345,0.5,0,0,0.007400488358037027,-0.0018655368099026006,0.0010724048473054345,-0.49268212231154945,-0.49253038774970426,0,0
1284.2268420173286,62.624502623767405,105.77203060255431,0.492599511641963,0.0018655368099026006,-0.0010724048473054345,0.5,0,0,0.007400488358037027,-0.0018655368099026006,0.0010724048473054345,-0.49268212231154945,-0.49253038774970426,0,0
1284.2268420173286,62.833136667956715,106.32612268515561,0.492599511641963,0.0018655368099026006,-0.0010724048473054345,0.5,0,0,0.007400488358037027,-0.0018655368099026006,0.0010724048473054345,-0.49268212231154945,-0.49253038774970426,0,0
1284.2268420173286,62.624502623767405,105.77203060255431,0.492599511641963,0.0018655368099026006,-0.0010724048473054345,0.5,0,0,0.007400488358037027,-0.0018655368099026006,0.0010724048473054345,-0.49268212231154945,-0.49253038774970426,0,0
1411.3480414449798,62.833136667956715,105.77203060255431,0.492599511641963,0.0018655368099026006,-0.0010724048473054345,0.5,0,0,0.007400488358037027,-0.0018655368099026006,0.0010724048473054345,-0.49268212231154945,-0.49253038774970426,0,0
1284.2268420173286,62.624502623767405,105.22351709380416,0.492599511641963,0.0018655368099026006,-0.0010724048473054345,0.5,0,0,0.007400488358037027,-0.0018655368099026006,0.0010724048473054345,-0.49268212231154945,-0.49253038774970426,0,0
1284.2268420173286,59.255959637469736,106.32612268515561,0.492599511641963,0.0018655368099026006,-0.0010724048473054345,0.5,0,0,0.007400488358037027,-0.0018655368099026006,0.0010724048473054345,-0.49268212231154945,-0.49253038774970426,0,0
1284.2268420173286,59.827016433695995,102.56164513946942,0.492599511641963,0.0018655368099026006,-0.0010724048473054345,0.5,0,0,0.007400488358037027,-0.0018655368099026006,0.0010724048473054345,-0.49268212231154945,-0.49253038774970426,0,0
251.60762066022812,59.255959637469736,98.08447665807216,0.492599511641963,0.0018655368099026006,-0.0010724048473054345,0.5,0,0,0.007400488358037027,-0.0018655368099026006,0.0010724048473054345,-0.49268212231154945,-0.49253038774970426,0,0
1284.2268420173286,62.624502623767405,106.32612268515561,0.492599511641963,0.0018655368099026006,-0.0010724048473054345,0.5,0,0,0.007400488358037027,-0.0018655368099026006,0.0010724048473054345,-0.49268212231154945,-0.49253038774970426,0,0
1411.3480414449798,62.624502623767405,105.77203060255431,0.492599511641963,0.0018655368099026006,-0.0010724048473054345,0.5,0,0,0.007400488358037027,-0.0018655368099026006,0.0010724048473054345,-0.49268212231154945,-0.49253038774970426,0,0
1284.2268420173286,62.624502623767405,105.77203060255431,0.492599511641963,0.0018655368099026006,-0.0010724048473054345,0.5,0,0,0.007400488358037027,-0.0018655368099026006,0.0010724048473054345,-0.49268212231154945,-0.49253038774970426,0,0
1284.2268420173286,62.624502623767405,106.32612268515561,0.492599511641963,0.0018655368099026006,-0.0010724048473054345,0.5,0,0,0.007400488358037027,-0.0018655368099026006,0.0010724048473054345,-0.49268212231154945,-0.49253038774970426,0,0
248.42442609070224,60.213094273732246,98.08447665807216,0.492599511641963,0.0018655368099026006,-0.0010724048473054345,0.5,0,0,0.007400488358037027,-0.0018655368099026006,0.0010724048473054345,-0.49268212231154945,-0.49253038774970426,0,0
1411.3480414449798,62.833136667956715,107.45140018288424,0.492599511641963,0.0018655368099026006,-0.0010724048473054345,0.5,0,0,0.007400488358037027,-0.0018655368099026006,0.0010724048473054345,-0.49268212231154945,-0.49253038774970426,0,0
1284.2268420173286,63.043003529206196,105.77203060255431,0.492599511641963,0.0018655368099026006,-0.0010724048473054345,0.5,0,0,0.007400488358037027,-0.0018655368099026006,0.0010724048473054345,-0.49268212231154945,-0.49253038774970426,0,0
1284.2268420173286,62.624502623767405,106.32612268515561,0.492599511641963,0.0018655368099026006,-0.0010724048473054345,0.5,0,0,0.007400488358037027,-0.0018655368099026006,0.0010724048473054345,-0.49268212231154945,-0.49253038774970426,0,0
1284.2268420173286,62.624502623767405,106.32612268515561,0.492599511641963,0.0018655368099026006,-0.0010724048473054345,0.5,0,0,0.007400488358037027,-0.0018655368099026006,0.0010724048473054345,-0.49268212231154945,-0.49253038774970426,0,0
624.3377665398167,59.445249703111536,92.2427776670329,0.492599511641963,0.0018655368099026006,-0.0010724048473054345,0.5,0,0,0.007400488358037027,-0.0018655368099026006,0.0010724048473054345,-0.49268212231154945,-0.49253038774970426,0,0
1284.2268420173286,62.833136667956715,106.32612268515561,0.492599511641963,0.0018655368099026006,-0.0010724048473054345,0.5,0,0,0.007400488358037027,-0.0018655368099026006,0.0010724048473054345,-0.49268212231154945,-0.49253038774970426,0,0
1284.2268420173286,62.833136667956715,106.32612268515561,0.492599511641963,0.0018655368099026006,-0.0010724048473054345,0.5,0,0,0.007400488358037027,-0.0018655368099026006,0.0010724048473054345,-0.49268212231154945,-0.49253038774970426,0,0
734.7683303247097,62.417090148203904,105.22351709380416,0.492599511641963,0.0018655368099026006,-0.0010724048473054345,0.5,0,0,0.007400488358037027,-0.0018655368099026006,0.0010724048473054345,-0.49268212231154945,-0.49253038774970426,0,0
1284.2268420173286,59.827016433695995,89.76495072901147,0.492599511641963,0.0018655368099026006,-0.0010724048473054345,0.5,0,0,0.007400488358037027,-0.0018655368099026006,0.0010724048473054345,-0.49268212231154945,-0.49253038774970426,0,0
1284.2268420173286,62.833136667956715,106.32612268515561,0.492599511641963,0.0018655368099026006,-0.0010724048473054345,0.5,0,0,0.007400488358037027,-0.0018655368099026006,0.0010724048473054345,-0.49268212231154945,-0.49253038774970426,0,0
1284.2268420173286,62.624502623767405,105.77203060255431,0.492599511641963,0.0018655368099026006,-0.0010724048473054345,0.5,0,0,0.007400488358037027,-0.0018655368099026006,0.0010724048473054345,-0.49268212231154945,-0.49253038774970426,0,0
624.3377665398167,59.827016433695995,92.2427776670329,0.492599511641963,0.0018655368099026006,-0.0010724048473054345,0.5,0,0,0.007400488358037027,-0.0018655368099026006,0.0010724048473054345,-0.49268212231154945,-0.49253038774970426,0,0
302.6164596847404,59.445249703111536,99.04654639912101,0.492599511641963,0.0018655368099026006,-0.0010724048473054345,0.5,0,0,0.007400488358037027,-0.0018655368099026006,0.0010724048473054345,-0.49268212231154945,-0.49253038774970426,0,0
1411.3480414449798,62.417090148203904,105.77203060255431,0.492599511641963,0.0018655368099026006,-0.0010724048473054345,0.5,0,0,0.007400488358037027,-0.0018655368099026006,0.0010724048473054345,-0.49268212231154945,-0.49253038774970426,0,0
1284.2268420173286,62.624502623767405,107.45140018288424,0.492599511641963,0.0018655368099026006,-0.0010724048473054345,0.5,0,0,0.007400488358037027,-0.0018655368099026006,0.0010724048473054345,-0.49268212231154945,-0.49253038774970426,0,0
1180.1265773010464,62.417090148203904,106.32612268515561,0.492599511641963,0.0018655368099026006,-0.0010724048473054345,0.5,0,0,0.007400488358037027,-0.0018655368099026006,0.0010724048473054345,-0.49268212231154945,-0.49253038774970426,0,0
1284.2268420173286,62.624502623767405,109.18344276436585,0.492599511641963,0.0018655368099026006,-0.0010724048473054345,0.5,0,0,0.007400488358037027,-0.0018655368099026006,0.0010724048473054345,-0.49268212231154945,-0.49253038774970426,0,0
1284.2268420173286,62.21088813178245,105.22351709380416,0.492599511641963,0.0018655368099026006,-0.0010724048473054345,-0.007400488358037027,0,0,-0.5,-0.0018655368099026006,0.0010724048473054345,-0.49268212231154945,-0.49253038774970426,0,0
1284.2268420173286,62.417090148203904,105.22351709380416,0.48979242265136314,0.0018670419779670208,7.892991815694472e-17,-0.007400488358037027,0,0,-0.49719291100940016,-0.0018670419779670208,-7.892991815694472e-17,-0.48979916563648956,-0.4897991656364896,0,0
251.60762066022812,66.5782896093539,265.2554052777127,0.46369421307892134,0.0017830781489240261,0.006434429083833117,-0.007400488358037027,0,0,-0.47109470143695836,-0.0017830781489240261,-0.006434429083833117,-0.4632456173135696,-0.4641560246846412,0,0
1284.2268420173286,77.79950406996568,242.3065498311679,0.4397212689412242,0.001551692650556781,0.012868858167666204,-0.007400488358037027,0,0,-0.44712175729926124,-0.001551692650556781,-0.012868858167666204,-0.43881635285648324,-0.44063716759862637,0,0
1284.2268420173286,80.33749690282312,334.5408252723781,0.4093012226708922,0.0011438856597722658,0.013941263014971728,-0.007400488358037027,0,0,-0.4167017110289292,-0.0011438856597722658,-0.013941263014971728,-0.4083177059255866,-0.41029025522957496,0,0
602.1580731583105,66.11723490259166,312.50933522689996,0.38464623143288673,0.0008398087241731685,0.01072404847305521,-0.007400488358037027,0,0,-0.39204671979092376,-0.0008398087241731685,-0.01072404847305521,-0.3838884414685002,-0.38540578708695283,0,0
417.22151175368833,78.10859556029456,162.1258003695371,0.35361887322875063,0.000457139595988458,0.013941263014971754,-0.007400488358037027,0,0,-0.36101936158678766,-0.000457139595988458,-0.013941263014971754,-0.35263112172837724,-0.3546036710323657,0,0
1180.1265773010464,108.02276929750369,189.41093412341306,0.32251731243129,-4.320552984983105e-05,0.018230882404193773,-0.007400488358037027,0,0,-0.32991780078932703,4.320552984983105e-05,-0.018230882404193773,-0.321222067426409,-0.3238015549777785,0,0
1284.2268420173286,117.36537105675751,200.75362703878065,0.2914930587607593,-0.0006255086948762184,0.01930328725149927,-0.007400488358037027,0,0,-0.29889354711879634,0.0006255086948762184,-0.01930328725149927,-0.29011648224813136,-0.2928477043613461,0,0
1284.2268420173286,92.2427776670329,317.7208243859324,0.26016420032031323,-0.00114631356650105,0.013941263014971731,-0.007400488358037027,0,0,-0.26756468867835026,0.00114631356650105,-0.013941263014971731,-0.25916263163169895,-0.2611351809356874,0,0
1284.2268420173286,79.36799805452281,459.67991945810627,0.23467456755477928,-0.0014470147778592975,0.00965164362574969,-0.007400488358037027,0,0,-0.2420750559128163,0.0014470147778592975,-0.00965164362574969,-0.2339746943653863,-0.2353403054219937,0,0
624.3377665398167,88.18202887947652,176.198566643824,0.20387459462975907,-0.00181036207491718,0.013941263014971731,-0.007400488358037027,0,0,-0.2112750829877961,0.00181036207491718,-0.013941263014971731,-0.2028691091871086,-0.20484165849109703,0,0
1284.2268420173286,110.97077873540402,187.6483042942066,0.17337938498769306,-0.002268241427952988,0.016086072709582754,-0.007400488358037027,0,0,-0.1807798733457301,0.002268241427952988,-0.016086072709582754,-0.1722187276943667,-0.17449474612204563,0,0
1284.2268420173286,112.81620876492863,202.78305134967044,0.14280856713670784,-0.002743651998537177,0.015013667862277254,-0.007400488358037027,0,0,-0.15020905549474486,0.002743651998537177,-0.015013667862277254,-0.14172008076347004,-0.14384436462930372,0,0
1284.2268420173286,94.8539958627646,360.20900612823414,0.11185727957997438,-0.0031419817172519,0.010724048473055189,-0.007400488358037027,0,0,-0.1192577679380114,0.0031419817172519,-0.010724048473055189,-0.11106969927072811,-0.11258704488918078,0,0
251.60762066022812,80.66556470717478,242.3065498311679,0.0813600531769546,-0.003436339218339345,0.008579238778444168,-0.007400488358037027,0,0,-0.08876054153499163,0.003436339218339345,-0.008579238778444168,-0.08072278690167671,-0.08193666339643886,0,0
1284.2268420173286,108.02276929750369,130.91477695173097,0.05412401647279374,-0.003567776498692292,0.0010724048473056075,-0.007400488358037027,0,0,-0.061524504830830766,0.003567776498692292,-0.0010724048473056075,-0.05401750401691147,-0.05416923857875683,0,0
1411.3480414449798,92.66842176880655,94.8539958627646,0.03121215033394307,-0.003518634830722059,-0.00536202423652748,-0.007400488358037027,0,0,-0.038612638691980096,0.003518634830722059,0.00536202423652748,-0.03156078886381344,-0.03080211605458725,0,0
1284.2268420173286,92.66842176880655,105.77203060255431,0.013763036940998587,-0.0034063581985273243,-0.007506833931138525,-0.007400488358037027,0,0,-0.021163525299035615,0.0034063581985273243,0.007506833931138525,-0.014263048813454138,-0.013200906880537433,0,0
1284.2268420173286,94.40905615911757,100.02692680886574,0.001700349102234662,-0.0033352089064486302,-0.004289619389221994,-0.007400488358037027,0,0,-0.00910083746027169,0.0033352089064486302,0.004289619389221994,-0.0019725493039883194,-0.0013656110566073847,0,0
1284.2268420173286,97.14019014961423,97.14019014961423,-0.005734605950379576,-0.003311288978407313,-0.002144809694610967,-0.007400488358037027,0,0,-0.0016658824076574517,0.003311288978407313,0.002144809694610967,0.005614178788274532,0.005917647911964952,0,0
1284.2268420173286,97.14019014961423,96.67455639633857,-0.008996898561076714,-0.003309539729035149,0.0010724048473055702,-0.007400488358037027,0,0,0.001596410203039687,0.003309539729035149,-0.0010724048473055702,0.009104073710715442,0.008952339148870093,0,0
1284.2268420173286,97.6101426547749,96.67455639633857,-0.009603836459452456,-0.0033101906124288973,0.0010724048473055702,-0.007400488358037027,0,0,0.002203348101415429,0.0033101906124288973,-0.0010724048473055702,0.00971101195809647,0.009559277396251122,0,0
1284.2268420173286,90.98786202822609,93.09781934285294,-0.009603836459452456,-0.0033101906124288973,0.0010724048473055702,-0.007400488358037027,0,0,0.002203348101415429,0.0033101906124288973,-0.0010724048473055702,0.00971101195809647,0.009559277396251122,0,0
1284.2268420173286,97.14019014961423,96.67455639633857,-0.009603836459452456,-0.0033101906124288973,0.0010724048473055702,-0.007400488358037027,0,0,0.002203348101415429,0.0033101906124288973,-0.0010724048473055702,0.00971101195809647,0.009559277396251122,0,0
307.4777105974586,93.96808322544976,90.16911060094986,-0.009603836459452456,-0.0033101906124288973,0.0010724048473055702,-0.007400488358037027,0,0,0.002203348101415429,0.0033101906124288973,-0.0010724048473055702,0.00971101195809647,0.009559277396251122,0,0
602.1580731583105,93.09781934285294,93.96808322544976,-0.009603836459452456,-0.0033101906124288973,0.0010724048473055702,-0.007400488358037027,0,0,0.002203348101415429,0.0033101906124288973,-0.0010724048473055702,0.00971101195809647,0.009559277396251122,0,0
251.60762066022812,90.98786202822609,90.57673222463723,-0.009603836459452456,-0.0033101906124288973,0.0010724048473055702,-0.007400488358037027,0,0,0.002203348101415429,0.0033101906124288973,-0.0010724048473055702,0.00971101195809647,0.009559277396251122,0,0
1284.2268420173286,99.04654639912101,96.67455639633857,-0.009603836459452456,-0.0033101906124288973,0.0010724048473055702,-0.007400488358037027,0,0,0.002203348101415429,0.0033101906124288973,-0.0010724048473055702,0.00971101195809647,0.009559277396251122,0,0
1411.3480414449798,98.08447665807216,98.08447665807216,-0.009603836459452456,-0.0033101906124288973,0.0010724048473055702,-0.007400488358037027,0,0,0.002203348101415429,0.0033101906124288973,-0.0010724048473055702,0.00971101195809647,0.009559277396251122,0,0
1284.2268420173286,101.02616679983112,96.67455639633857,-0.009603836459452456,-0.0033101906124288973,0.0010724048473055702,-0.007400488358037027,0,0,0.002203348101415429,0.0033101906124288973,-0.0010724048473055702,0.00971101195809647,0.009559277396251122,0,0
1284.2268420173286,98.56325615049124,97.14019014961423,-0.009603836459452456,-0.0033101906124288973,0.0010724048473055702,-0.007400488358037027,0,0,0.002203348101415429,0.0033101906124288973,-0.0010724048473055702,0.00971101195809647,0.009559277396251122,0,0
1284.2268420173286,100.52415418066585,96.67455639633857,-0.009603836459452456,-0.0033101906124288973,0.0010724048473055702,-0.007400488358037027,0,0,0.002203348101415429,0.0033101906124288973,-0.0010724048473055702,0.00971101195809647,0.009559277396251122,0,0
1284.2268420173286,98.56325615049124,99.53441397948464,-0.009603836459452456,-0.0033101906124288973,0.0010724048473055702,-0.007400488358037027,0,0,0.002203348101415429,0.0033101906124288973,-0.0010724048473055702,0.00971101195809647,0.009559277396251122,0,0
1284.2268420173286,97.14019014961423,98.08447665807216,-0.009603836459452456,-0.0033101906124288973,0.0010724048473055702,-0.007400488358037027,0,0,0.002203348101415429,0.0033101906124288973,-0.0010724048473055702,0.00971101195809647,0.009559277396251122,0,0
1411.3480414449798,97.6101426547749,96.67455639633857,-0.009603836459452456,-0.0033101906124288973,0.0010724048473055702,-0.007400488358037027,0,0,0.002203348101415429,0.0033101906124288973,-0.0010724048473055702,0.00971101195809647,0.009559277396251122,0,0
1284.2268420173286,98.08447665807216,97.14019014961423,-0.009603836459452456,-0.0033101906124288973,0.0010724048473055702,-0.007400488358037027,0,0,0.002203348101415429,0.0033101906124288973,-0.0010724048473055702,0.00971101195809647,0.009559277396251122,0,0
624.3377665398167,90.57673222463723,85.16922919230018,-0.009603836459452456,-0.0033101906124288973,0.0010724048473055702,-0.007400488358037027,0,0,0.002203348101415429,0.0033101906124288973,-0.0010724048473055702,0.00971101195809647,0.009559277396251122,0,0
1411.3480414449798,98.56325615049124,51.405375698086,-0.009603836459452456,-0.0033101906124288973,0.0010724048473055702,-0.007400488358037027,0,0,0.002203348101415429,0.0033101906124288973,-0.0010724048473055702,0.00971101195809647,0.009559277396251122,0,0
1284.2268420173286,96.67455639633857,97.14019014961423,-0.009603836459452456,-0.0033101906124288973,0.0010724048473055702,-0.007400488358037027,0,0,0.002203348101415429,0.0033101906124288973,-0.0010724048473055702,0.00971101195809647,0.009559277396251122,0,0
624.3377665398167,92.2427776670329,93.09781934285294,-0.009603836459452456,-0.0033101906124288973,0.0010724048473055702,-0.007400488358037027,0,0,0.002203348101415429,0.0033101906124288973,-0.0010724048473055702,0.00971101195809647,0.009559277396251122,0,0
251.60762066022812,93.96808322544976,20.931683493242176,-0.009603836459452456,-0.0033101906124288973,0.0010724048473055702,-0.007400488358037027,0,0,0.002203348101415429,0.0033101906124288973,-0.0010724048473055702,0.00971101195809647,0.009559277396251122,0,0
1284.2268420173286,97.14019014961423,21.250766618660897,-0.009603836459452456,-0.0033101906124288973,0.0010724048473055702,-0.007400488358037027,0,0,0.002203348101415429,0.0033101906124288973,-0.0010724048473055702,0.00971101195809647,0.009559277396251122,0,0
215.92040254306553,90.57673222463723,21.010896801842307,-0.009603836459452456,-0.0033101906124288973,0.0010724048473055702,-0.007400488358037027,0,0,0.002203348101415429,0.0033101906124288973,-0.0010724048473055702,0.00971101195809647,0.009559277396251122,0,0
1284.2268420173286,91.40254728973653,19.67576893443448,-0.009603836459452456,-0.0033101906124288973,0.0010724048473055702,-0.007400488358037027,0,0,0.002203348101415429,0.0033101906124288973,-0.0010724048473055702,0.00971101195809647,0.009559277396251122,0,0
1284.2268420173286,98.08447665807216,23.344165399617317,-0.009603836459452456,-0.0033101906124288973,0.0010724048473055702,-0.007400488358037027,0,0,0.002203348101415429,0.0033101906124288973,-0.0010724048473055702,0.00971101195809647,0.009559277396251122,0,0
1411.3480414449798,100.52415418066585,21.09047995583375,-0.009603836459452456,-0.0033101906124288973,0.0010724048473055702,-0.007400488358037027,0,0,0.002203348101415429,0.0033101906124288973,-0.0010724048473055702,0.00971101195809647,0.009559277396251122,0,0
1284.2268420173286,96.67455639633857,21.250766618660897,-0.009603836459452456,-0.0033101906124288973,0.0010724048473055702,-0.007400488358037027,0,0,0.002203348101415429,0.0033101906124288973,-0.0010724048473055702,0.00971101195809647,0.009559277396251122,0,0
248.42442609070224,92.66842176880655,20.272932179340643,-0.009603836459452456,-0.0033101906124288973,0.0010724048473055702,-0.007400488358037027,0,0,0.002203348101415429,0.0033101906124288973,-0.0010724048473055702,0.00971101195809647,0.009559277396251122,0,0
1284.2268420173286,98.08447665807216,21.09047995583375,-0.009603836459452456,-0.0033101906124288973,0.0010724048473055702,-0.007400488358037027,0,0,0.002203348101415429,0.0033101906124288973,-0.0010724048473055702,0.00971101195809647,0.009559277396251122,0,0
1284.2268420173286,96.67455639633857,21.130411066922797,-0.009603836459452456,-0.0033101906124288973,0.0010724048473055702,-0.007400488358037027,0,0,0.002203348101415429,0.0033101906124288973,-0.0010724048473055702,0.00971101195809647,0.009559277396251122,0,0
624.3377665398167,92.66842176880655,20.502503202851024,-0.009603836459452456,-0.0033101906124288973,0.0010724048473055702,-0.007400488358037027,0,0,0.002203348101415429,0.0033101906124288973,-0.0010724048473055702,0.00971101195809647,0.009559277396251122,0,0
1284.2268420173286,97.6101426547749,21.05064198016546,-0.009603836459452456,-0.0033101906124288973,0.0010724048473055702,-0.007400488358037027,0,0,0.002203348101415429,0.0033101906124288973,-0.0010724048473055702,0.00971101195809647,0.009559277396251122,0,0
1284.2268420173286,97.6101426547749,21.05064198016546,-0.009603836459452456,-0.0033101906124288973,0.0010724048473055702,-0.007400488358037027,0,0,0.002203348101415429,0.0033101906124288973,-0.0010724048473055702,0.00971101195809647,0.009559277396251122,0,0
624.3377665398167,90.98786202822609,20.541072037014736,-0.009603836459452456,-0.0033101906124288973,0.0010724048473055702,-0.007400488358037027,0,0,0.002203348101415429,0.0033101906124288973,-0.0010724048473055702,0.00971101195809647,0.009559277396251122,0,0
1284.2268420173286,97.14019014961423,21.130411066922797,-0.009603836459452456,-0.0033101906124288973,0.0010724048473055702,-0.007400488358037027,0,0,0.002203348101415429,0.0033101906124288973,-0.0010724048473055702,0.00971101195809647,0.009559277396251122,0,0
1284.2268420173286,98.08447665807216,20.89221469509625,-0.009603836459452456,-0.0033101906124288973,0.0010724048473055702,-0.007400488358037027,0,0,0.002203348101415429,0.0033101906124288973,-0.0010724048473055702,0.00971101195809647,0.009559277396251122,0,0
624.3377665398167,98.08447665807216,20.579729421340247,-0.009603836459452456,-0.0033101906124288973,0.0010724048473055702,-0.007400488358037027,0,0,0.002203348101415429,0.0033101906124288973,-0.0010724048473055702,0.00971101195809647,0.009559277396251122,0,0
624.3377665398167,91.82083615681199,19.97166324722388,-0.009603836459452456,-0.0033101906124288973,0.0010724048473055702,-0.007400488358037027,0,0,0.002203348101415429,0.0033101906124288973,-0.0010724048473055702,0.00971101195809647,0.009559277396251122,0,0
1411.3480414449798,97.6101426547749,20.97124408445338,-0.009603836459452456,-0.0033101906124288973,0.0010724048473055702,-0.007400488358037027,0,0,0.002203348101415429,0.0033101906124288973,-0.0010724048473055702,0.00971101195809647,0.009559277396251122,0,0
1284.2268420173286,97.6101426547749,20.89221469509625,-0.009603836459452456,-0.0033101906124288973,0.0010724048473055702,-0.007400488358037027,0,0,0.002203348101415429,0.0033101906124288973,-0.0010724048473055702,0.00971101195809647,0.009559277396251122,0,0
1284.2268420173286,98.08447665807216,20.852837358537094,-0.009603836459452456,-0.0033101906124288973,0.0010724048473055702,-0.007400488358037027,0,0,0.002203348101415429,0.0033101906124288973,-0.0010724048473055702,0.00971101195809647,0.009559277396251122,0,0
1284.2268420173286,97.14019014961423,20.89221469509625,-0.009603836459452456,-0.0033101906124288973,0.0010724048473055702,-0.007400488358037027,0,0,0.002203348101415429,0.0033101906124288973,-0.0010724048473055702,0.00971101195809647,0.009559277396251122,0,0
624.3377665398167,90.57673222463723,20.579729421340247,-0.009603836459452456,-0.0033101906124288973,0.0010724048473055702,-0.007400488358037027,0,0,0.002203348101415429,0.0033101906124288973,-0.0010724048473055702,0.00971101195809647,0.009559277396251122,0,0
624.3377665398167,93.53102222430564,20.349107076989263,-0.009603836459452456,-0.0033101906124288973,0.0010724048473055702,-0.007400488358037027,0,0,0.002203348101415429,0.0033101906124288973,-0.0010724048473055702,0.00971101195809647,0.009559277396251122,0,0
1284.2268420173286,100.52415418066585,20.931683493242176,-0.009603836459452456,-0.0033101906124288973,0.0010724048473055702,-0.007400488358037027,0,0,0.002203348101415429,0.0033101906124288973,-0.0010724048473055702,0.00971101195809647,0.009559277396251122,0,0
1284.2268420173286,101.02616679983112,21.05064198016546,-0.009603836459452456,-0.0033101906124288973,0.0010724048473055702,-0.007400488358037027,0,0,0.002203348101415429,0.0033101906124288973,-0.0010724048473055702,0.00971101195809647,0.009559277396251122,0,0
1411.3480414449798,101.5330368193872,20.97124408445338,-0.009603836459452456,-0.0033101906124288973,0.0010724048473055702,-0.007400488358037027,0,0,0.002203348101415429,0.0033101906124288973,-0.0010724048473055702,0.00971101195809647,0.009559277396251122,0,0
1284.2268420173286,96.67455639633857,20.852837358537094,-0.009603836459452456,-0.0033101906124288973,0.0010724048473055702,-0.007400488358037027,0,0,0.002203348101415429,0.0033101906124288973,-0.0010724048473055702,0.00971101195809647,0.009559277396251122,0,0
1284.2268420173286,97.6101426547749,20.97124408445338,-0.009603836459452456,-0.0033101906124288973,0.0010724048473055702,-0.007400488358037027,0,0,0.002203348101415429,0.0033101906124288973,-0.0010724048473055702,0.00971101195809647,0.009559277396251122,0,0
624.3377665398167,90.16911060094986,20.310976288776942,-0.009603836459452456,-0.0033101906124288973,0.0010724048473055702,-0.007400488358037027,0,0,0.002203348101415429,0.0033101906124288973,-0.0010724048473055702,0.00971101195809647,0.009559277396251122,0,0
1284.2268420173286,100.02692680886574,22.676586373412853,-0.009603836459452456,-0.0033101906124288973,0.0010724048473055702,-0.007400488358037027,0,0,0.002203348101415429,0.0033101906124288973,-0.0010724048473055702,0.00971101195809647,0.009559277396251122,0,0
1284.2268420173286,100.52415418066585,28.120842178481034,-0.009603836459452456,-0.0033101906124288973,0.0010724048473055702,-0.007400488358037027,0,0,0.002203348101415429,0.0033101906124288973,-0.0010724048473055702,0.00971101195809647,0.009559277396251122,0,0
1284.2268420173286,101.02616679983112,24.61136879396949,-0.009603836459452456,-0.0033101906124288973,0.0010724048473055702,-0.007400488358037027,0,0,0.002203348101415429,0.0033101906124288973,-0.0010724048473055702,0.00971101195809647,0.009559277396251122,0,0
194.9110753588243,102.04483787812359,23.896588216502984,-0.009603836459452456,-0.0033101906124288973,0.0010724048473055702,-0.007400488358037027,0,0,0.002203348101415429,0.0033101906124288973,-0.0010724048473055702,0.00971101195809647,0.009559277396251122,0,0
602.1580731583105,92.66842176880655,22.330509274381335,-0.009603836459452456,-0.0033101906124288973,0.0010724048473055702,-0.007400488358037027,0,0,0.002203348101415429,0.0033101906124288973,-0.0010724048473055702,0.00971101195809647,0.009559277396251122,0,0
1284.2268420173286,97.14019014961423,25.25384320516452,-0.009603836459452456,-0.0033101906124288973,0.0010724048473055702,-0.007400488358037027,0,0,0.002203348101415429,0.0033101906124288973,-0.0010724048473055702,0.00971101195809647,0.009559277396251122,0,0
1284.2268420173286,97.14019014961423,20.735250827891868,-0.009603836459452456,-0.0033101906124288973,0.0010724048473055702,-0.007400488358037027,0,0,0.002203348101415429,0.0033101906124288973,-0.0010724048473055702,0.00971101195809647,0.009559277396251122,0,0
1284.2268420173286,101.02616679983112,20.618475673047115,-0.009603836459452456,-0.0033101906124288973,0.0010724048473055702,-0.007400488358037027,0,0,0.002203348101415429,0.0033101906124288973,-0.0010724048473055702,0.00971101195809647,0.009559277396251122,0,0
1093.1463157010076,100.52415418066585,20.696236055220425,-0.009603836459452456,-0.0033101906124288973,0.0010724048473055702,-0.007400488358037027,0,0,0.002203348101415429,0.0033101906124288973,-0.0010724048473055702,0.00971101195809647,0.009559277396251122,0,0
624.3377665398167,90.57673222463723,20.23497444201862,-0.009603836459452456,-0.0033101906124288973,0.0010724048473055702,-0.007400488358037027,0,0,0.002203348101415429,0.0033101906124288973,-0.0010724048473055702,0.00971101195809647,0.009559277396251122,0,0
1284.2268420173286,97.6101426547749,20.81355115370998,-0.009603836459452456,-0.0033101906124288973,0.0010724048473055702,-0.007400488358037027,0,0,0.002203348101415429,0.0033101906124288973,-0.0010724048473055702,0.00971101195809647,0.009559277396251122,0,0
1284.2268420173286,53.867377246779164,20.852837358537094,-0.009603836459452456,-0.0033101906124288973,0.0010724048473055702,-0.007400488358037027,0,0,0.002203348101415429,0.0033101906124288973,-0.0010724048473055702,0.00971101195809647,0.009559277396251122,0,0
624.3377665398167,26.989108340162986,20.15931686442059,-0.009603836459452456,-0.0033101906124288973,0.0010724048473055702,-0.007400488358037027,0,0,0.002203348101415429,0.0033101906124288973,-0.0010724048473055702,0.00971101195809647,0.009559277396251122,0,0
1284.2268420173286,29.074332795504482,20.696236055220425,-0.009603836459452456,-0.0033101906124288973,0.0010724048473055702,-0.007400488358037027,0,0,0.002203348101415429,0.0033101906124288973,-0.0010724048473055702,0.00971101195809647,0.009559277396251122,0,0
851.4899528953961,29.505828159201656,20.618475673047115,-0.009603836459452456,-0.0033101906124288973,0.0010724048473055702,-0.007400488358037027,0,0,0.002203348101415429,0.0033101906124288973,-0.0010724048473055702,0.00971101195809647,0.009559277396251122,0,0
1284.2268420173286,97.6101426547749,20.502503202851024,-0.009603836459452456,-0.0033101906124288973,0.0010724048473055702,-0.007400488358037027,0,0,0.002203348101415429,0.0033101906124288973,-0.0010724048473055702,0.00971101195809647,0.009559277396251122,0,0
1284.2268420173286,97.6101426547749,20.23497444201862,-0.009603836459452456,-0.0033101906124288973,0.0010724048473055702,-0.007400488358037027,0,0,0.002203348101415429,0.0033101906124288973,-0.0010724048473055702,0.00971101195809647,0.009559277396251122,0,0
1284.2268420173286,101.5330368193872,20.425629923801807,-0.009603836459452456,-0.0033101906124288973,0.0010724048473055702,-0.007400488358037027,0,0,0.002203348101415429,0.0033101906124288973,-0.0010724048473055702,0.00971101195809647,0.009559277396251122,0,0
1284.2268420173286,97.14019014961423,22.416395940132503,-0.009603836459452456,-0.0033101906124288973,0.0010724048473055702,-0.007400488358037027,0,0,0.002203348101415429,0.0033101906124288973,-0.0010724048473055702,0.00971101195809647,0.009559277396251122,0,0
1284.2268420173286,98.08447665807216,30.790100524402142,-0.009603836459452456,-0.0033101906124288973,0.0010724048473055702,-0.007400488358037027,0,0,0.002203348101415429,0.0033101906124288973,-0.0010724048473055702,0.00971101195809647,0.009559277396251122,0,0
1411.3480414449798,99.04654639912101,27.321922058316176,-0.009603836459452456,-0.0033101906124288973,0.0010724048473055702,-0.007400488358037027,0,0,0.002203348101415429,0.0033101906124288973,-0.0010724048473055702,0.00971101195809647,0.009559277396251122,0,0
1284.2268420173286,97.6101426547749,28.6516875778294,-0.009603836459452456,-0.0033101906124288973,0.0010724048473055702,-0.007400488358037027,0,0,0.002203348101415429,0.0033101906124288973,-0.0010724048473055702,0.00971101195809647,0.009559277396251122,0,0
1284.2268420173286,97.14019014961423,20.65731111090045,-0.009603836459452456,-0.0033101906124288973,0.0010724048473055702,-0.007400488358037027,0,0,0.002203348101415429,0.0033101906124288973,-0.0010724048473055702,0.00971101195809647,0.009559277396251122,0,0
1284.2268420173286,97.6101426547749,20.618475673047115,-0.009603836459452456,-0.0033101906124288973,0.0010724048473055702,-0.007400488358037027,0,0,0.002203348101415429,0.0033101906124288973,-0.0010724048473055702,0.00971101195809647,0.009559277396251122,0,0
1180.1265773010464,98.08447665807216,20.387324852120102,-0.009603836459452456,-0.0033101906124288973,0.0010724048473055702,-0.007400488358037027,0,0,0.002203348101415429,0.0033101906124288973,-0.0010724048473055702,0.00971101195809647,0.009559277396251122,0,0
1284.2268420173286,101.02616679983112,20.15931686442059,-0.009603836459452456,-0.0033101906124288973,0.0010724048473055702,-0.007400488358037027,0,0,0.002203348101415429,0.0033101906124288973,-0.0010724048473055702,0.00971101195809647,0.009559277396251122,0,0
1284.2268420173286,97.14019014961423,20.696236055220425,-0.009603836459452456,-0.0033101906124288973,0.0010724048473055702,-0.007400488358037027,0,0,0.002203348101415429,0.0033101906124288973,-0.0010724048473055702,0.00971101195809647,0.009559277396251122,0,0
251.60762066022812,26.934181235571288,19.97166324722388,-0.009603836459452456,-0.0033101906124288973,0.0010724048473055702,-0.007400488358037027,0,0,0.002203348101415429,0.0033101906124288973,-0.0010724048473055702,0.00971101195809647,0.009559277396251122,0,0
1284.2268420173286,27.94694360726399,20.696236055220425,-0.009603836459452456,-0.0033101906124288973,0.0010724048473055702,-0.007400488358037027,0,0,0.002203348101415429,0.0033101906124288973,-0.0010724048473055702,0.00971101195809647,0.009559277396251122,0,0
1284.2268420173286,30.922914202681703,20.502503202851024,-0.009603836459452456,-0.0033101906124288973,0.0010724048473055702,-0.007400488358037027,0,0,0.002203348101415429,0.0033101906124288973,-0.0010724048473055702,0.00971101195809647,0.009559277396251122,0,0
215.92040254306553,30.856404298200047,19.457286087701,-0.009603836459452456,-0.0033101906124288973,0.0010724048473055702,-0.007400488358037027,0,0,0.002203348101415429,0.0033101906124288973,-0.0010724048473055702,0.00971101195809647,0.009559277396251122,0,0
1180.1265773010464,31.530946491144263,20.425629923801807,-0.009603836459452456,-0.0033101906124288973,0.0010724048473055702,-0.007400488358037027,0,0,0.002203348101415429,0.0033101906124288973,-0.0010724048473055702,0.00971101195809647,0.009559277396251122,0,0
1284.2268420173286,32.94608262610615,20.084001131964996,-0.009603836459452456,-0.0033101906124288973,0.0010724048473055702,-0.007400488358037027,0,0,0.002203348101415429,0.0033101906124288973,-0.0010724048473055702,0.00971101195809647,0.009559277396251122,0,0
1284.2268420173286,33.840516440659265,20.464022603165645,-0.009603836459452456,-0.0033101906124288973,0.0010724048473055702,-0.007400488358037027,0,0,0.002203348101415429,0.0033101906124288973,-0.0010724048473055702,0.00971101195809647,0.009559277396251122,0,0
624.3377665398167,32.65570094258199,19.97166324722388,-0.009603836459452456,-0.0033101906124288973,0.0010724048473055702,-0.007400488358037027,0,0,0.002203348101415429,0.0033101906124288973,-0.0010724048473055702,0.00971101195809647,0.009559277396251122,0,0
1284.2268420173286,34.37905456167617,20.502503202851024,-0.009603836459452456,-0.0033101906124288973,0.0010724048473055702,-0.007400488358037027,0,0,0.002203348101415429,0.0033101906124288973,-0.0010724048473055702,0.00971101195809647,0.009559277396251122,0,0
1284.2268420173286,34.37905456167617,20.387324852120102,-0.009603836459452456,-0.0033101906124288973,0.0010724048473055702,-0.007400488358037027,0,0,0.002203348101415429,0.0033101906124288973,-0.0010724048473055702,0.00971101195809647,0.009559277396251122,0,0
1284.2268420173286,32.94608262610615,20.464022603165645,-0.009603836459452456,-0.0033101906124288973,0.0010724048473055702,-0.007400488358037027,0,0,0.002203348101415429,0.0033101906124288973,-0.0010724048473055702,0.00971101195809647,0.009559277396251122,0,0
236.49825525583836,32.800418117764416,19.93438562175379,-0.009603836459452456,-0.0033101906124288973,0.0010724048473055702,-0.007400488358037027,0,0,0.002203348101415429,0.0033101906124288973,-0.0010724048473055702,0.00971101195809647,0.009559277396251122,0,0
624.3377665398167,32.51192153438282,19.566163838158445,-0.009603836459452456,-0.0033101906124288973,0.0010724048473055702,-0.007400488358037027,0,0,0.002203348101415429,0.0033101906124288973,-0.0010724048473055702,0.00971101195809647,0.009559277396251122,0,0
1284.2268420173286,33.16637689226863,20.272932179340643,-0.009603836459452456,-0.0033101906124288973,0.0010724048473055702,-0.007400488358037027,0,0,0.002203348101415429,0.0033101906124288973,-0.0010724048473055702,0.00971101195809647,0.009559277396251122,0,0
602.1580731583105,34.457033820303465,19.786108976753717,-0.009603836459452456,-0.0033101906124288973,0.0010724048473055702,-0.007400488358037027,0,0,0.002203348101415429,0.0033101906124288973,-0.0010724048473055702,0.00971101195809647,0.009559277396251122,0,0
1284.2268420173286,34.771619699723,20.502503202851024,-0.009603836459452456,-0.0033101906124288973,0.0010724048473055702,-0.007400488358037027,0,0,0.002203348101415429,0.0033101906124288973,-0.0010724048473055702,0.00971101195809647,0.009559277396251122,0,0
1284.2268420173286,31.326358860372608,20.310976288776942,-0.009603836459452456,-0.0033101906124288973,0.0010724048473055702,-0.007400488358037027,0,0,0.002203348101415429,0.0033101906124288973,-0.0010724048473055702,0.00971101195809647,0.009559277396251122,0,0
624.3377665398167,31.59957383146636,20.046470706490737,-0.009603836459452456,-0.0033101906124288973,0.0010724048473055702,-0.007400488358037027,0,0,0.002203348101415429,0.0033101906124288973,-0.0010724048473055702,0.00971101195809647,0.009559277396251122,0,0
1411.3480414449798,97.14019014961423,20.97124408445338,-0.009603836459452456,-0.0033101906124288973,0.0010724048473055702,-0.007400488358037027,0,0,0.002203348101415429,0.0033101906124288973,-0.0010724048473055702,0.00971101195809647,0.009559277396251122,0,0
1284.2268420173286,100.52415418066585,21.09047995583375,-0.009603836459452456,-0.0033101906124288973,0.0010724048473055702,-0.007400488358037027,0,0,0.002203348101415429,0.0033101906124288973,-0.0010724048473055702,0.00971101195809647,0.009559277396251122,0,0
1284.2268420173286,93.96808322544976,21.29107368585003,-0.009603836459452456,-0.0033101906124288973,0.0010724048473055702,-0.007400488358037027,0,0,0.002203348101415429,0.0033101906124288973,-0.0010724048473055702,0.00971101195809647,0.009559277396251122,0,0
1180.1265773010464,98.56325615049124,99.53441397948464,-0.009603836459452456,-0.0033101906124288973,0.0010724048473055702,-0.007400488358037027,0,0,0.002203348101415429,0.0033101906124288973,-0.0010724048473055702,0.00971101195809647,0.009559277396251122,0,0
1284.2268420173286,98.08447665807216,96.67455639633857,-0.009603836459452456,-0.0033101906124288973,0.0010724048473055702,-0.007400488358037027,0,0,0.002203348101415429,0.0033101906124288973,-0.0010724048473055702,0.00971101195809647,0.009559277396251122,0,0
1284.2268420173286,96.67455639633857,99.53441397948464,-0.009603836459452456,-0.0033101906124288973,0.0010724048473055702,-0.007400488358037027,0,0,0.002203348101415429,0.0033101906124288973,-0.0010724048473055702,0.00971101195809647,0.009559277396251122,0,0
624.3377665398167,98.08447665807216,85.53518482670935,-0.009603836459452456,-0.0033101906124288973,0.0010724048473055702,-0.007400488358037027,0,0,0.002203348101415429,0.0033101906124288973,-0.0010724048473055702,0.00971101195809647,0.009559277396251122,0,0
251.60762066022812,91.40254728973653,38.172601280949785,-0.009603836459452456,-0.0033101906124288973,0.0010724048473055702,-0.007400488358037027,0,0,0.002203348101415429,0.0033101906124288973,-0.0010724048473055702,0.00971101195809647,0.009559277396251122,0,0
1284.2268420173286,98.08447665807216,97.6101426547749,-0.009603836459452456,-0.0033101906124288973,0.0010724048473055702,-0.007400488358037027,0,0,0.002203348101415429,0.0033101906124288973,-0.0010724048473055702,0.00971101195809647,0.009559277396251122,0,0
1284.2268420173286,97.14019014961423,21.658147754059783,-0.009603836459452456,-0.0033101906124288973,0.0010724048473055702,-0.007400488358037027,0,0,0.002203348101415429,0.0033101906124288973,-0.0010724048473055702,0.00971101195809647,0.009559277396251122,0,0
215.92040254306553,87.79450977305973,80.99613175561399,-0.009603836459452456,-0.0033101906124288973,0.0010724048473055702,-0.007400488358037027,0,0,0.002203348101415429,0.0033101906124288973,-0.0010724048473055702,0.00971101195809647,0.009559277396251122,0,0
1284.2268420173286,100.02692680886574,97.6101426547749,-0.009603836459452456,-0.0033101906124288973,0.0010724048473055702,-0.007400488358037027,0,0,0.002203348101415429,0.0033101906124288973,-0.0010724048473055702,0.00971101195809647,0.009559277396251122,0,0
1411.3480414449798,98.08447665807216,96.67455639633857,-0.009603836459452456,-0.0033101906124288973,0.0010724048473055702,-0.007400488358037027,0,0,0.002203348101415429,0.0033101906124288973,-0.0010724048473055702,0.00971101195809647,0.009559277396251122,0,0
1411.3480414449798,93.09781934285294,96.67455639633857,-0.009603836459452456,-0.0033101906124288973,0.0010724048473055702,-0.007400488358037027,0,0,0.002203348101415429,0.0033101906124288973,-0.0010724048473055702,0.00971101195809647,0.009559277396251122,0,0
1284.2268420173286,98.08447665807216,97.6101426547749,-0.009603836459452456,-0.0033101906124288973,0.0010724048473055702,-0.007400488358037027,0,0,0.002203348101415429,0.0033101906124288973,-0.0010724048473055702,0.00971101195809647,0.009559277396251122,0,0
1284.2268420173286,93.96808322544976,87.79450977305973,-0.009603836459452456,-0.0033101906124288973,0.0010724048473055702,-0.007400488358037027,0,0,0.002203348101415429,0.0033101906124288973,-0.0010724048473055702,0.00971101195809647,0.009559277396251122,0,0
624.3377665398167,90.98786202822609,90.16911060094986,-0.009603836459452456,-0.0033101906124288973,0.0010724048473055702,-0.007400488358037027,0,0,0.002203348101415429,0.0033101906124288973,-0.0010724048473055702,0.00971101195809647,0.009559277396251122,0,0
1411.3480414449798,98.08447665807216,100.02692680886574,-0.009603836459452456,-0.0033101906124288973,0.0010724048473055702,-0.007400488358037027,0,0,0.002203348101415429,0.0033101906124288973,-0.0010724048473055702,0.00971101195809647,0.009559277396251122,0,0
1284.2268420173286,97.14019014961423,100.52415418066585,-0.009603836459452456,-0.0033101906124288973,0.0010724048473055702,-0.007400488358037027,0,0,0.002203348101415429,0.0033101906124288973,-0.0010724048473055702,0.00971101195809647,0.009559277396251122,0,0
1284.2268420173286,96.21317986298715,97.14019014961423,-0.009603836459452456,-0.0033101906124288973,0.0010724048473055702,-0.007400488358037027,0,0,0.002203348101415429,0.0033101906124288973,-0.0010724048473055702,0.00971101195809647,0.009559277396251122,0,0
1411.3480414449798,97.14019014961423,97.6101426547749,-0.009603836459452456,-0.0033101906124288973,0.0010724048473055702,-0.007400488358037027,0,0,0.002203348101415429,0.0033101906124288973,-0.0010724048473055702,0.00971101195809647,0.009559277396251122,0,0
1284.2268420173286,100.02692680886574,96.67455639633857,-0.009603836459452456,-0.0033101906124288973,0.0010724048473055702,-0.007400488358037027,0,0,0.002203348101415429,0.0033101906124288973,-0.0010724048473055702,0.00971101195809647,0.009559277396251122,0,0
1284.2268420173286,98.56325615049124,96.67455639633857,-0.009603836459452456,-0.0033101906124288973,0.0010724048473055702,-0.007400488358037027,0,0,0.002203348101415429,0.0033101906124288973,-0.0010724048473055702,0.00971101195809647,0.009559277396251122,0,0
1284.2268420173286,93.09781934285294,100.52415418066585,-0.009603836459452456,-0.0033101906124288973,0.0010724048473055702,-0.007400488358037027,0,0,0.002203348101415429,0.0033101906124288973,-0.0010724048473055702,0.00971101195809647,0.009559277396251122,0,0
624.3377665398167,90.98786202822609,90.57673222463723,-0.009603836459452456,-0.0033101906124288973,0.0010724048473055702,-0.007400488358037027,0,0,0.002203348101415429,0.0033101906124288973,-0.0010724048473055702,0.00971101195809647,0.009559277396251122,0,0
1284.2268420173286,99.04654639912101,97.14019014961423,-0.009603836459452456,-0.0033101906124288973,0.0010724048473055702,-0.007400488358037027,0,0,0.002203348101415429,0.0033101906124288973,-0.0010724048473055702,0.00971101195809647,0.009559277396251122,0,0
1284.2268420173286,99.53441397948464,97.6101426547749,-0.009603836459452456,-0.0033101906124288973,0.0010724048473055702,-0.007400488358037027,0,0,0.002203348101415429,0.0033101906124288973,-0.0010724048473055702,0.00971101195809647,0.009559277396251122,0,0
1284.2268420173286,90.98786202822609,93.09781934285294,-0.009603836459452456,-0.0033101906124288973,0.0010724048473055702,-0.007400488358037027,0,0,0.002203348101415429,0.0033101906124288973,-0.0010724048473055702,0.00971101195809647,0.009559277396251122,0,0
624.3377665398167,98.56325615049124,93.09781934285294,-0.009603836459452456,-0.0033101906124288973,0.0010724048473055702,-0.007400488358037027,0,0,0.002203348101415429,0.0033101906124288973,-0.0010724048473055702,0.00971101195809647,0.009559277396251122,0,0
1284.2268420173286,97.6101426547749,99.53441397948464,-0.009603836459452456,-0.0033101906124288973,0.0010724048473055702,-0.007400488358037027,0,0,0.002203348101415429,0.0033101906124288973,-0.0010724048473055702,0.00971101195809647,0.009559277396251122,0,0
