FDist,LDist,RDist,XEst,YEst,ThetaEst,XDes,YDes,ThetaDes,XError,YError,ThetaError,SL,SR,RW,LW
168.8620920208621,223.1819809443389,26.71599641697457,0.0,0.0,0.0,0,0,0,0.0,0.0,0.0,0.0,0.0,0,0
104.1428794944386,258.2405371440609,26.393218193002895,0.0,0.0,0.0,0,0,0,0.0,0.0,0.0,0.0,0.0,0,0
206.97300472647143,955.6520228707801,25.609067445845334,0.0,0.0,0.0,0,0,0,0.0,0.0,0.0,0.0,0.0,0,0
139.88023555455067,323.12240163650586,26.989108340162986,0.0,0.0,0.0,0,0,0,0.0,0.0,0.0,0.0,0.0,0,0
154.7323071690459,544.8761250677193,26.989108340162986,0.0,0.0,0.0,0,0,0,0.0,0.0,0.0,0.0,0.0,0,0
152.41788953728954,648.3999468665874,27.210360375618606,0.0,0.0,0.0,0,0,0,0.0,0.0,0.0,0.0,0.0,0,0
146.92774685951784,459.67991945810627,27.26606267467261,0.0,0.0,0.0,0,0,0,0.0,0.0,0.0,0.0,0.0,0,0
189.41093412341306,1284.2268420173286,27.099424286132248,0.0,0.0,0.0,0,0,0,0.0,0.0,0.0,0.0,0.0,0,0
187.6483042942066,323.12240163650586,26.33993847596105,0.0,0.0,0.0,0,0,0,0.0,0.0,0.0,0.0,0.0,0,0
173.18670720903205,176.198566643824,26.989108340162986,0.0,0.0,0.0,0,0,0,0.0,0.0,0.0,0.0,0.0,0,0
198.76603234393832,648.3999468665874,26.661827824936275,0.0,0.0,0.0,0,0,0,0.0,0.0,0.0,0.0,0.0,0,0
164.75326598182954,448.2028325964311,26.128272755325845,0.0,0.0,0.0,0,0,0,0.0,0.0,0.0,0.0,0.0,0,0
215.92040254306553,1411.3480414449798,26.446644470518727,0.0,0.0,0.0,0,0,0,0.0,0.0,0.0,0.0,0.0,0,0
87.02903054016306,374.71408913910363,25.25384320516452,0.0,0.0,0.0,0,0,0,0.0,0.0,0.0,0.0,0.0,0,0
136.15031850713706,288.9697116820819,27.377939217964773,0.0,0.0,0.0,0,0,0,0.0,0.0,0.0,0.0,0.0,0,0
173.18670720903205,220.70517709223105,26.446644470518727,0.0,0.0,0.0,0,0,0,0.0,0.0,0.0,0.0,0.0,0,0
134.3591943699604,276.5725757314533,25.86691420803121,0.0,0.0,0.0,0,0,0,0.0,0.0,0.0,0.0,0.0,0,0
147.99350743133397,312.50933522689996,27.210360375618606,0.0,0.0,0.0,0,0,0,0.0,0.0,0.0,0.0,0.0,0,0
176.198566643824,399.01729906632625,26.824785427057037,0.0,0.0,0.0,0.5,0,0,0.5,0.0,0.0,0.0,0.0,0,0
137.98997206957193,194.9110753588243,25.10361938144616,0.004931355537055055,1.3221055631209359e-05,0.005362024236527564,0.5,0,0,0.49506864446294496,-1.3221055631209359e-05,-0.005362024236527564,-0.004552036855357711,-0.005310709664583996,0,0
258.2405371440609,177.7453057985956,28.892132026161015,0.02192514763067324,0.00014079302708284067,0.009651643625749606,0.5,0,0,0.4780748523693268,-0.00014079302708284067,-0.009651643625749606,-0.021242838658335983,-0.022608449714943295,0,0
196.81893899271049,209.13650375320472,40.66722061663911,0.04385008263141908,0.0003171398790381275,0.006434429083833087,0.5,0,0,0.4561499173685809,-0.0003171398790381275,-0.006434429083833087,-0.0433960846877435,-0.04430649205881505,0,0
162.1258003695371,900.238757316699,58.694353098834746,0.06607880927769474,0.0004482514675856597,0.005362024236527565,0.5,0,0,0.4339211907223053,-0.0004482514675856597,-0.005362024236527565,-0.06570106527899629,-0.06645973808822257,0,0
159.58252707905322,144.84210166738234,31.056556411796677,0.08808000445994343,0.0005662235400045869,0.005362024236527565,0.5,0,0,0.41191999554005654,-0.0005662235400045869,-0.005362024236527565,-0.08770257674655856,-0.08846124955578484,0,0
151.28683687310368,179.3202830877122,27.774536019956848,0.1103087311062191,0.000697335128552119,0.006434429083833087,0.5,0,0,0.3896912688937809,-0.000697335128552119,-0.006434429083833087,-0.10985582277596607,-0.11076623014703763,0,0
196.81893899271049,471.8179059817352,30.461639058159932,0.13246116186419934,0.0008873907844808902,0.01072404847305513,0.5,0,0,0.3675388381358007,-0.0008873907844808902,-0.01072404847305513,-0.13170559968168308,-0.13322294530013568,0,0
182.55823066529945,220.70517709223105,32.94608262610615,0.15013665009608804,0.0011243459686524407,0.01608607270958272,0.5,0,0,0.349863349903912,-0.0011243459686524407,-0.01608607270958272,-0.14900333973204238,-0.15127935815972127,0,0
225.71785045590883,459.67991945810627,27.044189133291546,0.1720596435425762,0.0014652731520242279,0.015013667862277195,0.5,0,0,0.3279403564574238,-0.0014652731520242279,-0.015013667862277195,-0.17100485119960465,-0.17312913506543828,0,0
427.0195773074906,185.91929651913173,23.344165399617317,0.19405867537391736,0.0017955841280948347,0.015013667862277195,0.5,0,0,0.30594132462608264,-0.0017955841280948347,-0.015013667862277195,-0.19300636266716692,-0.19513064653300055,0,0
407.8990969411948,184.22292190812155,22.075335325140372,0.21613338503802826,0.0021388706691370146,0.016086072709582695,0.5,0,0,0.28386661496197174,-0.0021388706691370146,-0.016086072709582695,-0.2150078741347292,-0.21728389256240807,0,0
471.8179059817352,360.20900612823414,21.130411066922797,0.23835981091976194,0.002484516567849587,0.015013667862277171,0.5,0,0,0.26164018908023806,-0.002484516567849587,-0.015013667862277171,-0.23731285472598196,-0.2394371385918156,0,0
228.31501027837746,293.3703955349555,22.89635959460729,0.2559593096464414,0.0027298917056761637,0.01286885816766615,0.5,0,0,0.24404069035355858,-0.0027298917056761637,-0.01286885816766615,-0.25506579846187705,-0.2568866132040202,0,0
360.20900612823414,459.67991945810627,22.28772229885734,0.278035009493394,0.0030021575157048925,0.011796453320360653,0.5,0,0,0.221964990506606,-0.0030021575157048925,-0.011796453320360653,-0.2772190444912846,-0.2788881246715824,0,0
265.2554052777127,258.2405371440609,24.131786407761517,0.2998072632943404,0.0032706808403724016,0.012868858167666152,0.5,0,0,0.20019273670565962,-0.0032706808403724016,-0.012868858167666152,-0.29891708683515633,-0.3007379015772994,0,0
562.6000187683081,215.92040254306553,17.939411375632368,0.32157921661001443,0.0035625526766695473,0.013941263014971651,0.5,0,0,0.17842078338998557,-0.0035625526766695473,-0.013941263014971651,-0.32061512917902807,-0.3225876784830164,0,0
248.42442609070224,323.12240163650586,23.208649349752903,0.3435022100565026,0.0039034798600413334,0.01715847755688817,0.5,0,0,0.1564977899434974,-0.0039034798600413334,-0.01715847755688817,-0.3423131715228998,-0.34474092451242394,0,0
228.31501027837746,209.13650375320472,18.853694991318818,0.3608723983275313,0.0042481407522102525,0.022520501793415734,0.5,0,0,0.13912760167246868,-0.0042481407522102525,-0.022520501793415734,-0.3593074424495686,-0.36249386824831903,0,0
146.92774685951784,284.7075611688845,28.473193408840125,0.3827922148088547,0.004753629054970679,0.023592906640721258,0.5,0,0,0.11720778519114528,-0.004753629054970679,-0.023592906640721258,-0.38115721935528557,-0.3844953797158813,0,0
209.13650375320472,155.91651753124995,28.06270908445,0.4043335669053162,0.005215720922558874,0.019303287251499216,0.5,0,0,0.09566643309468381,-0.005215720922558874,-0.019303287251499216,-0.40300699626100256,-0.4057382183742173,0,0
152.41788953728954,225.71785045590883,27.377939217964773,0.4259519343774464,0.005621482296721514,0.018230882404193717,0.5,0,0,0.07404806562255362,-0.005621482296721514,-0.018230882404193717,-0.4247050386048743,-0.4272845261562438,0,0
180.92431015592842,242.3065498311679,23.208649349752903,0.4456752042952005,0.0059176231718193,0.011796453320360629,0.5,0,0,0.05432479570479948,-0.0059176231718193,-0.011796453320360629,-0.44488573533029346,-0.44655481551059145,0,0
225.71785045590883,1093.1463157010076,43.88139400932728,0.461151408738524,0.0060669986201323306,0.007506833931138587,0.5,0,0,0.038848591261475995,-0.0060669986201323306,-0.007506833931138587,-0.46066612976220017,-0.46172827169511715,0,0
407.8990969411948,1093.1463157010076,1411.3480414449798,0.4729107003517411,0.006123747306635691,0.0021448096946110233,0.5,0,0,0.027089299648258902,-0.006123747306635691,-0.0021448096946110233,-0.47280489470982073,-0.4731083638335114,0,0
176.198566643824,390.5444991736698,459.67991945810627,0.4814836920041752,0.006109956718034797,-0.005362024236527574,0.5,0,0,0.01851630799582482,-0.006109956718034797,0.005362024236527574,-0.48190896842053615,-0.48115029561131,0,0
808.2350827585409,242.3065498311679,71.00273031673345,0.48717359983510605,0.006070293824828998,-0.008579238778444118,0.5,0,0,0.012826400164893947,-0.006070293824828998,0.008579238778444118,-0.4878266163325012,-0.4866127398377393,0,0
581.6409617069837,900.238757316699,52.611946269889565,0.4900563559216843,0.00603628594973491,-0.015013667862277195,0.5,0,0,0.009943644078315717,-0.00603628594973491,0.015013667862277195,-0.4911647766930968,-0.4890404928272634,0,0
407.8990969411948,1570.544100534677,58.32507928939602,0.4900563559216843,0.00603628594973491,-0.015013667862277195,0.5,0,0,0.009943644078315717,-0.00603628594973491,0.015013667862277195,-0.4911647766930968,-0.4890404928272634,0,0
703.2691653992177,1570.544100534677,58.14195534124432,0.4900563559216843,0.00603628594973491,-0.015013667862277195,0.5,0,0,0.009943644078315717,-0.00603628594973491,0.015013667862277195,-0.4911647766930968,-0.4890404928272634,0,0
194.9110753588243,459.67991945810627,57.41934790708907,0.4900563559216843,0.00603628594973491,-0.015013667862277195,0.5,0,0,0.009943644078315717,-0.00603628594973491,0.015013667862277195,-0.4911647766930968,-0.4890404928272634,0,0
268.9169663380496,268.9169663380496,54.842902515546676,0.4900563559216843,0.00603628594973491,-0.015013667862277195,-0.009943644078315717,0,0,-0.5,-0.00603628594973491,0.015013667862277195,-0.4911647766930968,-0.4890404928272634,0,0
284.7075611688845,955.6520228707801,59.255959637469736,0.4854289367743573,0.006103283931434554,-0.013941263014971686,-0.009943644078315717,0,0,-0.495372580852673,-0.006103283931434554,0.013941263014971686,-0.48646100527589387,-0.4844884559719057,0,0
239.3652489782259,160.8439044330725,390.5444991736698,0.465704362483847,0.006293664404774691,-0.005362024236527579,-0.009943644078315717,0,0,-0.4756480065621627,-0.006293664404774691,0.005362024236527579,-0.46612857398862945,-0.4653699011794033,0,0
312.50933522689996,133.48121220361529,24.514455284677474,0.4438545981423203,0.006317096206949627,0.003217214541916504,-0.009943644078315717,0,0,-0.45379824222063603,-0.006317096206949627,-0.003217214541916504,-0.4436718588355314,-0.4441270625210673,0,0
187.6483042942066,145.87739303694283,27.94694360726399,0.4220813927955589,0.006141969748433478,0.012868858167666086,-0.009943644078315717,0,0,-0.4320250368738746,-0.006141969748433478,-0.012868858167666086,-0.42121514368243335,-0.4230359584245766,0,0
89.36420701132127,146.92774685951784,24.75769029437472,0.40031089180588103,0.0057567074908098734,0.02252050179341567,-0.009943644078315717,0,0,-0.41025453588419675,-0.0057567074908098734,-0.02252050179341567,-0.3987584285293353,-0.40194485432808585,0,0
128.44498763419128,233.7026839645806,25.456014597653017,0.37839163001702475,0.005227712565777455,0.025737716335332186,-0.009943644078315717,0,0,-0.38833527409534047,-0.005227712565777455,-0.025737716335332186,-0.37660518249992775,-0.3802468119842141,0,0
251.60762066022812,353.40072554933454,20.97124408445338,0.3566990897712301,0.004739103068293497,0.019303287251499122,-0.009943644078315717,0,0,-0.3666427338495458,-0.004739103068293497,-0.019303287251499122,-0.35536234384159177,-0.35809356595480657,0,0
211.34777997197892,340.5824855543227,21.17043565318336,0.3352328745716619,0.004313168428626232,0.02037569209880467,-0.009943644078315717,0,0,-0.3451765186499776,-0.004313168428626232,-0.02037569209880467,-0.3338160360595653,-0.33669899273462534,0,0
317.7208243859324,272.6876389629632,21.45325395754319,0.31384185665745495,0.003923148085855606,0.01608607270958263,-0.009943644078315717,0,0,-0.32378550073577067,-0.003923148085855606,-0.01608607270958263,-0.31272493196307455,-0.3150009503907536,0,0
674.6059938250444,225.71785045590883,24.037345561355124,0.2921459228823242,0.0036206597693969832,0.011796453320360563,-0.009943644078315717,0,0,-0.30208956696063993,-0.0036206597693969832,-0.011796453320360563,-0.2913303587428933,-0.29299943892319136,0,0
360.20900612823414,346.8640580657511,22.416395940132503,0.2702969500799327,0.0034332076156042245,0.0053620242365274755,-0.009943644078315717,0,0,-0.2802405941582484,-0.0034332076156042245,-0.0053620242365274755,-0.2699357855227121,-0.27069445833193856,0,0
353.40072554933454,459.67991945810627,22.76417078542179,0.2484472862518419,0.0033629123168705576,0.0010724048473054583,-0.009943644078315717,0,0,-0.2583909303301576,-0.0033629123168705576,-0.0010724048473054583,-0.2483894777406856,-0.24854121230253104,0,0
179.3202830877122,448.2028325964311,22.37340035638271,0.22659755960287173,0.0034097758942726376,-0.005362024236527629,-0.009943644078315717,0,0,-0.23654120368118745,-0.0034097758942726376,0.005362024236527629,-0.22699490452050436,-0.22623623171127827,0,0
129.25786434407527,196.81893899271049,20.931683493242176,0.20490012862619852,0.003572657964965347,-0.009651643625749697,-0.009943644078315717,0,0,-0.21484377270451424,-0.003572657964965347,0.009651643625749697,-0.20560033130032312,-0.204234720243716,0,0
129.25786434407527,955.6520228707801,25.004130828076164,0.1831275993792049,0.003817832469187422,-0.012868858167666215,-0.009943644078315717,0,0,-0.1930712434575206,-0.003817832469187422,0.012868858167666215,-0.18405402351829664,-0.18223320877615373,0,0
88.96683466233691,437.33222201576723,29.31979943667244,0.1613566977510983,0.004179747718960611,-0.0203756920988048,-0.009943644078315717,0,0,-0.171300341829414,-0.004179747718960611,0.0203756920988048,-0.16281118485996066,-0.15992822818490096,0,0
140.84502956740286,223.1819809443389,32.015943449964496,0.14011924576220844,0.004658106667546308,-0.02466531148802689,-0.009943644078315717,0,0,-0.15006288984052416,-0.004658106667546308,0.02466531148802689,-0.14187181532531518,-0.13838192040287445,0,0
154.7323071690459,134.3591943699604,31.530946491144263,0.11888036470131157,0.005068137819009065,-0.01394126301497176,-0.009943644078315717,0,0,-0.1288240087796273,-0.005068137819009065,0.01394126301497176,-0.11987030385775291,-0.11789775455376475,0,0
211.34777997197892,307.4777105974586,24.32213184643946,0.09763830781009762,0.005250382968529806,-0.0032172145419166326,-0.009943644078315717,0,0,-0.10758195188841334,-0.005250382968529806,0.0032172145419166326,-0.09786879239019064,-0.09741358870465505,0,0
272.6876389629632,168.8620920208621,33.01927315595455,0.07624374689235273,0.005227439328900184,0.005362024236527475,-0.009943644078315717,0,0,-0.08618739097066845,-0.005227439328900184,-0.005362024236527475,-0.07586728092262837,-0.07662595373185484,0,0
293.3703955349555,141.82331249922515,57.2411266723497,0.05538111142005985,0.005037261934542242,0.012868858167666034,-0.009943644078315717,0,0,-0.06532475549837558,-0.005037261934542242,-0.012868858167666034,-0.05447270770244714,-0.05629352244459039,0,0
448.2028325964311,225.71785045590883,79.36799805452281,0.037706172067008846,0.004762396765941461,0.018230882404193623,-0.009943644078315717,0,0,-0.04764981614532456,-0.004762396765941461,-0.018230882404193623,-0.036416294842861546,-0.03899578239423109,0,0
323.12240163650586,251.60762066022812,41.906294265999335,0.023900899377425882,0.004495876517490671,0.020375692098804656,-0.009943644078315717,0,0,-0.0338445434557416,-0.004495876517490671,-0.020375692098804656,-0.0224567151530979,-0.02533967182815796,0,0
407.8990969411948,242.3065498311679,37.452770077611675,0.015405527725954896,0.0043227534813628735,0.020375692098804656,-0.009943644078315717,0,0,-0.025349171804270612,-0.0043227534813628735,-0.020375692098804656,-0.013959579689763508,-0.016842536364823565,0,0
1180.1265773010464,268.9169663380496,32.65570094258199,0.008048010517756434,0.004168871425653443,0.021448096946110166,-0.009943644078315717,0,0,-0.017991654596072153,-0.004168871425653443,-0.021448096946110166,-0.006524586159345915,-0.009559277396251228,0,0
1019.267059271828,218.28532251964043,31.668418679204336,0.004331412066966899,0.00408715144690473,0.02252050179341568,-0.009943644078315717,0,0,-0.014275056145282615,-0.00408715144690473,-0.02252050179341568,-0.002731222113214489,-0.005917647911965059,0,0
293.3703955349555,293.3703955349555,30.13818450719404,0.0031177875453281866,0.004062419584600759,0.018230882404193627,-0.009943644078315717,0,0,-0.013061431623643902,-0.004062419584600759,-0.018230882404193627,-0.001820814742142947,-0.004400302293512489,0,0
1411.3480414449798,185.91929651913173,31.326358860372608,0.0031177875453281866,0.004062419584600759,0.018230882404193627,-0.009943644078315717,0,0,-0.013061431623643902,-0.004062419584600759,-0.018230882404193627,-0.001820814742142947,-0.004400302293512489,0,0
280.5772654118684,230.97580043058096,30.989631238220753,0.003193641466283029,0.004063843308720627,0.01930328725149914,-0.009943644078315717,0,0,-0.013137285544598747,-0.004063843308720627,-0.01930328725149914,-0.001820814742142947,-0.004552036855357745,0,0
407.8990969411948,562.6000187683081,30.202480579810853,0.003193641466283029,0.004063843308720627,0.01930328725149914,-0.009943644078315717,0,0,-0.013137285544598747,-0.004063843308720627,-0.01930328725149914,-0.001820814742142947,-0.004552036855357745,0,0
265.2554052777127,459.67991945810627,30.856404298200047,0.003193641466283029,0.004063843308720627,0.01930328725149914,-0.009943644078315717,0,0,-0.013137285544598747,-0.004063843308720627,-0.01930328725149914,-0.001820814742142947,-0.004552036855357745,0,0
174.67928447558052,182.55823066529945,30.396551423726756,0.003193641466283029,0.004063843308720627,0.01930328725149914,-0.009943644078315717,0,0,-0.013137285544598747,-0.004063843308720627,-0.01930328725149914,-0.001820814742142947,-0.004552036855357745,0,0
437.33222201576723,163.42873978461637,28.592015692053423,0.003193641466283029,0.004063843308720627,0.01930328725149914,0.503193641466283,0,0,0.49999999999999994,-0.004063843308720627,-0.01930328725149914,-0.001820814742142947,-0.004552036855357745,0,0
808.2350827585409,196.81893899271049,30.526926956734627,0.008048340567379634,0.004152358563817507,0.017158477556888114,0.503193641466283,0,0,0.49514530089890335,-0.004152358563817507,-0.017158477556888114,-0.006828055283036429,-0.009255808272560713,0,0
288.9697116820819,209.13650375320472,36.49662013940309,0.024206117744203084,0.0044036301557143585,0.01394126301497157,0.503193641466283,0,0,0.4789875237220799,-0.0044036301557143585,-0.01394126301497157,-0.02321538796232419,-0.0251879372663127,0,0
265.2554052777127,407.8990969411948,48.31637032889038,0.041426680855056124,0.0046160161999635714,0.010724048473055026,0.503193641466283,0,0,0.46176696061122685,-0.0046160161999635714,-0.010724048473055026,-0.04066486257452875,-0.04218220819298149,0,0
177.7453057985956,200.75362703878065,71.26409887021845,0.06342716756370223,0.0048283636509967994,0.008579238778444005,0.503193641466283,0,0,0.4397664739025807,-0.0048283636509967994,-0.008579238778444005,-0.06281810860393627,-0.06403198509869851,0,0
293.3703955349555,167.46934895889862,32.44038053928213,0.08535210256444807,0.005004710502952084,0.007506833931138482,0.503193641466283,0,0,0.4178415389018349,-0.005004710502952084,-0.007506833931138482,-0.08481962007149854,-0.08588176200441552,0,0
498.3296704628293,323.12240163650586,28.237612839164704,0.10720126382767145,0.00516873160910418,0.007506833931138482,0.503193641466283,0,0,0.3959923776386115,-0.00516873160910418,-0.007506833931138482,-0.10666939697721556,-0.10773153891013254,0,0
674.6059938250444,288.9697116820819,31.123690737050055,0.1291259971058265,0.005368590761720344,0.010724048473055001,0.503193641466283,0,0,0.3740676443604565,-0.005368590761720344,-0.010724048473055001,-0.12836743932108732,-0.12988478493954006,0,0
1019.267059271828,167.46934895889862,31.056556411796677,0.1508976248973488,0.005683810773979321,0.018230882404193585,0.503193641466283,0,0,0.35229601656893417,-0.005683810773979321,-0.018230882404193585,-0.1496102779794233,-0.15218976553079283,0,0
1180.1265773010464,145.87739303694283,25.81506627835381,0.17274457492093087,0.006035272716031578,0.013941263014971568,0.503193641466283,0,0,0.3304490665453521,-0.006035272716031578,-0.013941263014971568,-0.17176352400883083,-0.17373607331281932,0,0
484.6780696502813,242.3065498311679,22.80812501336112,0.19451652823660492,0.006327144552328722,0.012868858167666069,0.503193641466283,0,0,0.30867711322967806,-0.006327144552328722,-0.012868858167666069,-0.19361330091454784,-0.19543411565669108,0,0
223.1819809443389,155.91651753124995,19.712466909449226,0.21659192341033714,0.006623084288783317,0.013941263014971568,0.503193641466283,0,0,0.2866017180559458,-0.006623084288783317,-0.013941263014971568,-0.2156148123821101,-0.2175873616860986,0,0
360.20900612823414,196.81893899271049,21.575898614386084,0.23874301663529576,0.006931918513978834,0.013941263014971568,0.503193641466283,0,0,0.26445062483098725,-0.006931918513978834,-0.013941263014971568,-0.23776805841151763,-0.23974060771550612,0,0
149.07502982648927,146.92774685951784,17.485436577305137,0.26059127329146775,0.007189662409428757,0.00965164362574955,0.503193641466283,0,0,0.24260236817481523,-0.007189662409428757,-0.00965164362574955,-0.25992130444092515,-0.26128691549753263,0,0
437.33222201576723,268.9169663380496,22.28772229885734,0.28251600656962284,0.007389521562044922,0.008579238778444027,0.503193641466283,0,0,0.22067763489666015,-0.007389521562044922,-0.008579238778444027,-0.28192281590848745,-0.2831366924032496,0,0
194.9110753588243,153.56624101955603,26.500217937724948,0.3042890115897976,0.007587997606338485,0.009651643625749527,0.503193641466283,0,0,0.19890462987648538,-0.007587997606338485,-0.009651643625749527,-0.3036208582523592,-0.3049864693089666,0,0
248.42442609070224,180.92431015592842,24.37002602209273,0.32636524461825833,0.007812914651382525,0.010724048473055026,0.503193641466283,0,0,0.17682839684802465,-0.007812914651382525,-0.010724048473055026,-0.3256223697199214,-0.32713971533837416,0,0
140.84502956740286,367.3069052663625,23.80334702660077,0.34806177726987353,0.008068868658669601,0.012868858167666022,0.503193641466283,0,0,0.15513186419640945,-0.008068868658669601,-0.012868858167666022,-0.3471686775019479,-0.34898949224409115,0,0
102.04483787812359,261.6981137825328,26.23381622464695,0.3697570123627363,0.00841788989279094,0.019303287251499084,0.503193641466283,0,0,0.1334366291035467,-0.00841788989279094,-0.019303287251499084,-0.3684115161602839,-0.3711427382734987,0,0
126.06628950603962,196.81893899271049,27.210360375618606,0.3913758025441237,0.008800467396006015,0.016086072709582542,0.503193641466283,0,0,0.1118178389221593,-0.008800467396006015,-0.016086072709582542,-0.3902612930660009,-0.39253731149367993,0,0
87.41019065628254,163.42873978461637,26.661827824936275,0.41322311691455904,0.009128500365345097,0.013941263014971521,0.503193641466283,0,0,0.08997052455172394,-0.009128500365345097,-0.013941263014971521,-0.4122628045335631,-0.41423535383755167,0,0
101.5330368193872,399.01729906632625,25.71178945415557,0.4346913073849451,0.009439327067328689,0.015013667862277069,0.503193641466283,0,0,0.06850233408133788,-0.009439327067328689,-0.015013667862277069,-0.43365737775374436,-0.43578166161957815,0,0
71.527220004475,185.91929651913173,28.355061199586004,0.4537319992862416,0.009715007287109188,0.013941263014971545,0.503193641466283,0,0,0.0494616421800414,-0.009715007287109188,-0.013941263014971545,-0.45277593254624676,-0.4547484818502353,0,0
77.79950406996568,120.84213728458607,1570.544100534677,0.46807000635133494,0.009876463667938356,0.008579238778443982,0.503193641466283,0,0,0.03512363511494804,-0.009876463667938356,-0.008579238778443982,-0.4674941850452367,-0.46870806153999894,0,0
116.02925942608664,162.1258003695371,110.36868736531008,0.47869132795916314,0.009922025374504607,-1.1275702593849246e-16,0.503193641466283,0,0,0.024502313507119844,-0.009922025374504607,1.1275702593849246e-16,-0.4787225426217857,-0.47872254262178593,0,0
158.34116103748556,106.88588226030939,29.31979943667244,0.4867332181181132,0.009896152799276242,-0.006434429083833187,0.503193641466283,0,0,0.016460423348169773,-0.009896152799276242,0.006434429083833187,-0.4872196780851201,-0.4863092707140488,0,0
407.8990969411948,93.53102222430564,30.658107400064964,0.49181606214872103,0.009844367775159572,-0.013941263014971773,0.503193641466283,0,0,0.011377579317561948,-0.009844367775159572,0.013941263014971773,-0.49283385687339465,-0.4908613075694065,0,0
562.6000187683081,76.28731360165042,43.20669553443567,0.49249874743731464,0.00983155425808075,-0.02359290664072139,0.503193641466283,0,0,0.010694894028968338,-0.00983155425808075,0.02359290664072139,-0.49419946793000197,-0.4908613075694065,0,0
152.41788953728954,62.417090148203904,41.69564725646781,0.49249874743731464,0.00983155425808075,-0.02359290664072139,0.503193641466283,0,0,0.010694894028968338,-0.00983155425808075,0.02359290664072139,-0.49419946793000197,-0.4908613075694065,0,0
328.72509627198025,56.53772243679344,45.283073634897775,0.49249874743731464,0.00983155425808075,-0.02359290664072139,0.503193641466283,0,0,0.010694894028968338,-0.00983155425808075,0.02359290664072139,-0.49419946793000197,-0.4908613075694065,0,0
417.22151175368833,52.153917529280825,41.80075928277381,0.49249874743731464,0.00983155425808075,-0.02359290664072139,0.503193641466283,0,0,0.010694894028968338,-0.00983155425808075,0.02359290664072139,-0.49419946793000197,-0.4908613075694065,0,0
407.8990969411948,49.820833293006025,43.09587104878454,0.49249874743731464,0.00983155425808075,-0.02359290664072139,-0.0075012525626853566,0,0,-0.5,-0.00983155425808075,0.02359290664072139,-0.49419946793000197,-0.4908613075694065,0,0
471.8179059817352,50.38742144020711,45.283073634897775,0.4877203791386178,0.009941747209893577,-0.022520501793415873,-0.0075012525626853566,0,0,-0.4952216317013032,-0.009941747209893577,0.022520501793415873,-0.48934396195095375,-0.48615753615220353,0,0
209.13650375320472,45.64490144276858,1570.544100534677,0.4681498733873221,0.010298574332002876,-0.013941263014971766,-0.0075012525626853566,0,0,-0.47565112595000747,-0.010298574332002876,0.013941263014971766,-0.4691632652255346,-0.4671907159215464,0,0
153.56624101955603,47.52728688645133,26.33993847596105,0.4464528416677608,0.01050799285267703,-0.005362024236527683,-0.0075012525626853566,0,0,-0.45395409423044614,-0.01050799285267703,0.005362024236527683,-0.4468582846342818,-0.44609961182505564,0,0
106.88588226030939,46.13474391281483,26.989108340162986,0.4248306697131402,0.010519586714794867,0.004289619389221948,-0.0075012525626853566,0,0,-0.43233192227582556,-0.010519586714794867,-0.004289619389221948,-0.424553304043029,-0.42516024229041016,0,0
82.34399565000513,47.919138344411984,26.87940715229901,0.4032851548663375,0.01033473806313812,0.012868858167666055,-0.0075012525626853566,0,0,-0.41078640742902284,-0.01033473806313812,-0.012868858167666055,-0.40240005801362144,-0.4042208727557647,0,0
58.50920899708927,46.75927786047718,24.855878172379555,0.38158991977347473,0.00998571682901678,0.019303287251499116,-0.0075012525626853566,0,0,-0.3890911723361601,-0.00998571682901678,-0.019303287251499116,-0.3802468119842139,-0.3829780340974287,0,0
80.66556470717478,52.92110467639207,28.355061199586004,0.35989638144918273,0.009543634790333298,0.021448096946110114,-0.0075012525626853566,0,0,-0.3673976340118681,-0.009543634790333298,-0.021448096946110114,-0.3583970350784969,-0.3614317263154022,0,0
80.99613175561399,484.6780696502813,19.457286087701,0.338508894041854,0.008993048125899536,0.03002733572455422,-0.0075012525626853566,0,0,-0.3460101466045394,-0.008993048125899536,-0.03002733572455422,-0.3363955236109346,-0.340644091342602,0,0
101.5330368193872,223.1819809443389,25.405269406077494,0.31727495963213403,0.00837804914394706,0.027882526029943226,-0.0075012525626853566,0,0,-0.3247762121948194,-0.00837804914394706,-0.027882526029943226,-0.3153044195144439,-0.31924951812242075,0,0
115.37236097408694,140.84502956740286,27.6035995904869,0.2958874722248053,0.007827462479513296,0.023592906640721185,-0.0075012525626853566,0,0,-0.3033887247874907,-0.007827462479513296,-0.023592906640721185,-0.29421331541795315,-0.297551475778549,0,0
25.30418426932561,140.84502956740286,25.763358222779125,0.27419393390051333,0.007385380440829812,0.017158477556888124,-0.0075012525626853566,0,0,-0.2816951864631987,-0.007385380440829812,-0.017158477556888124,-0.27297047675961716,-0.27539822974914147,0,0
230.97580043058096,317.7208243859324,19.206024670629454,0.25257402476955915,0.0070723570837085276,0.01179645332036056,-0.0075012525626853566,0,0,-0.2600752773322445,-0.0070723570837085276,-0.01179645332036056,-0.2517276381012812,-0.25339671828157917,0,0
562.6000187683081,346.8640580657511,20.735250827891868,0.23072505196716767,0.006884904929915769,0.005362024236527472,-0.0075012525626853566,0,0,-0.23822630452985302,-0.006884904929915769,-0.005362024236527472,-0.23033306488109995,-0.2310917376903264,0,0
32.369070457727666,124.52854747504531,18.00535478258695,0.20902705953103756,0.006838366794023429,-0.0010724048473055902,-0.0075012525626853566,0,0,-0.21652831209372292,-0.006838366794023429,0.0010724048473055902,-0.20909022622276396,-0.20893849166091888,0,0
471.8179059817352,624.3377665398167,23.66437137022323,0.1874050367760126,0.006919523642178741,-0.006434429083833154,-0.0075012525626853566,0,0,-0.19490628933869797,-0.006919523642178741,0.006434429083833154,-0.18784738756442798,-0.1869369801933566,0,0
360.20900612823414,769.566351540633,26.500217937724948,0.16563225712251353,0.00714134904399194,-0.01394126301497174,-0.0075012525626853566,0,0,-0.1731335096851989,-0.00714134904399194,0.01394126301497174,-0.166604548906092,-0.16463199960210384,0,0
176.198566643824,448.2028325964311,31.87626906490098,0.1439382571817403,0.0075601665772717565,-0.024665311488026868,-0.0075012525626853566,0,0,-0.15143950974442566,-0.0075601665772717565,0.024665311488026868,-0.14566517937144652,-0.1421752844490058,0,0
160.8439044330725,288.9697116820819,31.258590930792266,0.12255137252446804,0.008133688965874894,-0.02895493087724891,-0.0075012525626853566,0,0,-0.1300526250871534,-0.008133688965874894,0.02895493087724891,-0.12457407527495579,-0.12047724210513404,0,0
110.36868736531008,94.40905615911757,26.28680469382479,0.10131743811474804,0.008748687947827375,-0.02895493087724891,-0.0075012525626853566,0,0,-0.1088186906774334,-0.008748687947827375,0.02895493087724891,-0.1033312366166198,-0.09923440344679806,0,0
163.42873978461637,82.68751571021457,32.29799013034805,0.07992995070741934,0.009299274612261143,-0.02252050179341582,-0.0075012525626853566,0,0,-0.0874312032701047,-0.009299274612261143,0.02252050179341582,-0.08148145971090279,-0.07829503391215259,0,0
198.76603234393832,77.79950406996568,56.36420238587991,0.05876670676101821,0.00969649364170457,-0.015013667862277235,-0.0075012525626853566,0,0,-0.06626795932370357,-0.00969649364170457,0.015013667862277235,-0.059783417367031036,-0.05765913350119763,0,0
261.6981137825328,79.36799805452281,51.702600387636146,0.04063557613373083,0.009900663350795426,-0.00750683393113865,-0.0075012525626853566,0,0,-0.04813682869641619,-0.009900663350795426,0.00750683393113865,-0.041120066260064425,-0.04005792432714782,0,0
242.3065498311679,312.50933522689996,41.59095555144303,0.028800450449486707,0.009964124189751815,-0.003217214541916596,-0.0075012525626853566,0,0,-0.03630170301217206,-0.009964124189751815,0.003217214541916596,-0.028981301312443863,-0.028526097626908282,0,0
312.50933522689996,302.6164596847404,35.25166339646849,0.017647974583045907,0.009982064158993687,-5.2475385148298415e-17,-0.0075012525626853566,0,0,-0.025149227145731264,-0.009982064158993687,5.2475385148298415e-17,-0.017601209174049587,-0.017601209174049778,0,0
674.6059938250444,390.5444991736698,33.01927315595455,0.009909551977263741,0.009957167907358845,0.006434429083833029,-0.0075012525626853566,0,0,-0.017410804539949098,-0.009957167907358845,-0.006434429083833029,-0.009407542834405707,-0.01031795020547744,0,0
417.22151175368833,459.67991945810627,32.51192153438282,0.005130111850883917,0.009913599995196844,0.011796453320360594,-0.0075012525626853566,0,0,-0.012631364413569273,-0.009913599995196844,-0.011796453320360594,-0.004248567731666968,-0.005917647911964986,0,0
900.238757316699,1411.3480414449798,33.31445246435527,0.004523252128006637,0.00990383716347317,0.020375692098804698,-0.0075012525626853566,0,0,-0.012024504690691993,-0.00990383716347317,-0.020375692098804698,-0.0030346912369049123,-0.005917647911964986,0,0
955.6520228707801,851.4899528953961,32.800418117764416,0.004523252128006637,0.00990383716347317,0.020375692098804698,-0.0075012525626853566,0,0,-0.012024504690691993,-0.00990383716347317,-0.020375692098804698,-0.0030346912369049123,-0.005917647911964986,0,0
900.238757316699,1570.544100534677,33.46350991438838,0.004523252128006637,0.00990383716347317,0.020375692098804698,0.5045232521280066,0,0,0.5,-0.00990383716347317,-0.020375692098804698,-0.0030346912369049123,-0.005917647911964986,0,0
1570.544100534677,1411.3480414449798,34.613790153652,0.009681156344971166,0.010008947578265048,0.020375692098804698,0.5045232521280066,0,0,0.49484209578303545,-0.010008947578265048,-0.020375692098804698,-0.008193666339643652,-0.011076623014703725,0,0
1411.3480414449798,225.71785045590883,44.573289080576004,0.030009799646115314,0.010401405966093683,0.018230882404193675,0.5045232521280066,0,0,0.4745134524818913,-0.010401405966093683,-0.018230882404193675,-0.02867783218875335,-0.03125731974012291,0,0
648.3999468665874,196.81893899271049,49.54152688927771,0.05162936065735796,0.010737614434124684,0.01286885816766611,0.5045232521280066,0,0,0.4528938914706487,-0.010737614434124684,-0.01286885816766611,-0.050679343656315615,-0.052500158398458896,0,0
703.2691653992177,230.97580043058096,35.25166339646849,0.07355303490206108,0.011031520220500555,0.013941263014971634,0.5045232521280066,0,0,0.43097021722594553,-0.011031520220500555,-0.013941263014971634,-0.07252912056203262,-0.07450166986602116,0,0
1180.1265773010464,160.8439044330725,27.099424286132248,0.09532498821773513,0.0113233920567977,0.012868858167666135,0.5045232521280066,0,0,0.4091982639102715,-0.0113233920567977,-0.012868858167666135,-0.09437889746774963,-0.09619971220989292,0,0
312.50933522689996,185.91929651913173,30.856404298200047,0.11724866246243826,0.011617297843173571,0.013941263014971658,0.5045232521280066,0,0,0.3872745896655684,-0.011617297843173571,-0.013941263014971658,-0.11622867437346665,-0.11820122367745518,0,0
194.9110753588243,200.75362703878065,36.326794512671405,0.13909522301403748,0.011992188353739481,0.020375692098804746,0.5045232521280066,0,0,0.36542802911396915,-0.011992188353739481,-0.020375692098804746,-0.13762324759364788,-0.14050620426870797,0,0
149.07502982648927,211.34777997197892,26.989108340162986,0.1608638710829476,0.012470833943553375,0.023592906640721265,0.5045232521280066,0,0,0.343659381045059,-0.012470833943553375,-0.023592906640721265,-0.1591695553756744,-0.16250771573627024,0,0
109.77294326259755,174.67928447558052,22.502702204181062,0.18240522317940908,0.01293292581114157,0.019303287251499223,0.5045232521280066,0,0,0.32211802894859753,-0.01293292581114157,-0.019303287251499223,-0.18101933228139142,-0.18375055439460622,0,0
125.29273453547381,288.9697116820819,20.97124408445338,0.19985144690800294,0.013269737114128833,0.019303287251499223,0.5045232521280066,0,0,0.3046718052200037,-0.013269737114128833,-0.019303287251499223,-0.19846880689359597,-0.20120002900681078,0,0
95.30295822324965,228.31501027837746,21.90726008446299,0.2218483913627046,0.013718002118388311,0.021448096946110246,0.5045232521280066,0,0,0.282674860765302,-0.013718002118388311,-0.021448096946110246,-0.220318583799313,-0.2233532750362183,0,0
126.06628950603962,225.71785045590883,22.075335325140372,0.24384533581740625,0.01416626712264779,0.019303287251499227,0.5045232521280066,0,0,0.2606779163106004,-0.01416626712264779,-0.019303287251499227,-0.2424718298287205,-0.2452030519419353,0,0
143.82153882231913,284.7075611688845,23.1188681289847,0.2656918963690055,0.0145411576332137,0.01501366786227721,0.5045232521280066,0,0,0.23883135575900116,-0.0145411576332137,-0.01501366786227721,-0.26462507585812806,-0.2667493597239618,0,0
116.02925942608664,179.3202830877122,27.154814473847836,0.28761524282109585,0.014858574300610373,0.013941263014971686,0.5045232521280066,0,0,0.2169080093069108,-0.014858574300610373,-0.013941263014971686,-0.28662658732569035,-0.2885991366296788,0,0
108.6000844939372,179.3202830877122,24.954583122703667,0.30915945677961726,0.0151589473141567,0.013941263014971686,0.5045232521280066,0,0,0.19536379534838938,-0.0151589473141567,-0.013941263014971686,-0.30817289510771684,-0.3101454444117053,0,0
98.56325615049124,284.7075611688845,23.710579061410876,0.3309310845711395,0.01547416732641568,0.015013667862277185,0.5045232521280066,0,0,0.17359216755686713,-0.01547416732641568,-0.015013667862277185,-0.3298709374515886,-0.33199522131742226,0,0
73.9772983740448,242.3065498311679,20.310976288776942,0.3527015855608174,0.015859429584039287,0.02037569209880475,0.5045232521280066,0,0,0.15182166656718926,-0.015859429584039287,-0.02037569209880475,-0.3512655106717698,-0.3541484673468298,0,0
74.828338960275,179.3202830877122,28.532517899129083,0.36999451165509434,0.01626749569103496,0.026810121182637814,0.5045232521280066,0,0,0.1345287404729123,-0.01626749569103496,-0.026810121182637814,-0.36810804703659333,-0.3719014110827249,0,0
70.2289601667081,280.5772654118684,24.660015279911583,0.39168536767812984,0.01682589209538977,0.024665311488026816,0.5045232521280066,0,0,0.1128378844498768,-0.01682589209538977,-0.024665311488026816,-0.3899578239423103,-0.3934477188647514,0,0
77.79950406996568,223.1819809443389,25.506895622634566,0.4133017956960439,0.017324384020257322,0.021448096946110273,0.5045232521280066,0,0,0.09122145643196272,-0.017324384020257322,-0.021448096946110273,-0.4118076008480273,-0.4148422920849326,0,0
71.79211210149265,154.7323071690459,24.037345561355124,0.4346153500771023,0.01779302308206117,0.022520501793415772,0.5045232521280066,0,0,0.06990790205090436,-0.01779302308206117,-0.022520501793415772,-0.4330504395063633,-0.43623686530511385,0,0
68.48157158520587,288.9697116820819,42.5485367221777,0.45327559974694237,0.018133253593839802,0.01394126301497169,0.5045232521280066,0,0,0.05124765238106427,-0.018133253593839802,-0.01394126301497169,-0.45232072886071095,-0.45429327816469944,0,0
72.32728403086773,228.31501027837746,703.2691653992177,0.4654897245143575,0.018244593813809364,0.004289619389222071,0.5045232521280066,0,0,0.039033527613649144,-0.018244593813809364,-0.004289619389222071,-0.46521816661755777,-0.465825104864939,0,0
65.88884418534775,293.3703955349555,189.41093412341306,0.47671807563430874,0.018232552471025024,-0.006434429083833069,0.5045232521280066,0,0,0.027805176493697903,-0.018232552471025024,0.006434429083833069,-0.4772051970033331,-0.47629478963226174,0,0
86.2760268879407,200.75362703878065,76.58539900875073,0.48445609331089823,0.01814956641307503,-0.015013667862277164,0.5045232521280066,0,0,0.02006715881710841,-0.01814956641307503,0.015013667862277164,-0.48555059790482225,-0.48342631403898884,0,0
77.49266392626436,648.3999468665874,47.52728688645133,0.4896901161969183,0.018056942385980854,-0.020375692098804722,0.5045232521280066,0,0,0.014833135931088315,-0.018056942385980854,0.020375692098804722,-0.49116477669309677,-0.48828182001803705,0,0
141.82331249922515,360.20900612823414,69.97442321249366,0.49120695927545227,0.018017893686375623,-0.031099740571859852,0.5045232521280066,0,0,0.013316292852554368,-0.018017893686375623,0.031099740571859852,-0.49344079512077565,-0.48904049282726336,0,0
146.92774685951784,544.8761250677193,81.32922784467303,0.49120695927545227,0.018017893686375623,-0.031099740571859852,0.5045232521280066,0,0,0.013316292852554368,-0.018017893686375623,0.031099740571859852,-0.49344079512077565,-0.48904049282726336,0,0
121.56203207857888,471.8179059817352,78.73363637499943,0.49120695927545227,0.018017893686375623,-0.031099740571859852,-0.00879304072454773,0,0,-0.5,-0.018017893686375623,0.031099740571859852,-0.49344079512077565,-0.48904049282726336,0,0
108.02276929750369,399.01729906632625,56.19159937776923,0.4864295528051765,0.018163953613758606,-0.030027335724554335,-0.00879304072454773,0,0,-0.49522259352972425,-0.018163953613758606,0.030027335724554335,-0.48858528914172744,-0.4843367214100604,0,0
95.7560002023429,189.41093412341306,334.5408252723781,0.46678670890917046,0.01868016688785514,-0.022520501793415748,-0.00879304072454773,0,0,-0.4755797496337182,-0.01868016688785514,0.022520501793415748,-0.4684045924163083,-0.465218166617558,0,0
81.6648832554738,399.01729906632625,28.711534351575374,0.44501663359513055,0.019088775710257518,-0.015013667862277163,-0.00879304072454773,0,0,-0.4538096743196783,-0.019088775710257518,0.015013667862277163,-0.4460996118250555,-0.443975327959222,0,0
71.527220004475,390.5444991736698,27.6035995904869,0.4233958292906247,0.019332241681349123,-0.007506833931138602,-0.00879304072454773,0,0,-0.4321888700151724,-0.019332241681349123,0.007506833931138602,-0.42394636579564793,-0.4228842238627313,0,0
59.067719529011335,152.41788953728954,26.71599641697457,0.40177380653559974,0.019413398529504435,-4.163336342344337e-17,-0.00879304072454773,0,0,-0.41056684726014747,-0.019413398529504435,4.163336342344337e-17,-0.4017931197662404,-0.40179311976624055,0,0
88.18202887947652,159.58252707905322,26.989108340162986,0.3799240798866296,0.019366534952102357,0.0042896193892219756,-0.00879304072454773,0,0,-0.3887171206111773,-0.019366534952102357,-0.0042896193892219756,-0.37963987373683283,-0.38024681198421406,0,0
87.79450977305973,459.67991945810627,28.237612839164704,0.3582264867110551,0.019226921400764554,0.008579238778444041,-0.00879304072454773,0,0,-0.36701952743560284,-0.019226921400764554,-0.008579238778444041,-0.3576383622692706,-0.3588522387640328,0,0
98.08447665807216,196.81893899271049,23.16370274985499,0.3366822727525337,0.01892654838721823,0.01930328725149917,-0.00879304072454773,0,0,-0.34547531347708144,-0.01892654838721823,-0.01930328725149917,-0.3353333816780178,-0.3380646037912326,0,0
91.40254728973653,177.7453057985956,23.526447916444262,0.315293653635928,0.018421835044355163,0.027882526029943278,-0.00879304072454773,0,0,-0.3240866943604757,-0.018421835044355163,-0.027882526029943278,-0.3133318702104555,-0.31727696881843237,0,0
93.09781934285294,187.6483042942066,23.756904125116755,0.2936815767465853,0.017761087753813097,0.03324455026647084,-0.00879304072454773,0,0,-0.302474617471133,-0.017761087753813097,-0.03324455026647084,-0.29133035874289326,-0.2960341301600964,0,0
95.30295822324965,307.4777105974586,27.154814473847836,0.27184164942692474,0.017105095755730663,0.026810121182637755,-0.00879304072454773,0,0,-0.28063469015147247,-0.017105095755730663,-0.026810121182637755,-0.269935785522712,-0.2737291495688436,0,0
134.3591943699604,206.97300472647143,22.546013685281594,0.2503018954580316,0.01657370324791029,0.022520501793415713,-0.00879304072454773,0,0,-0.25909493618257934,-0.01657370324791029,-0.022520501793415713,-0.24869294686437604,-0.2518793726631266,0,0
108.02276929750369,182.55823066529945,20.81355115370998,0.22845618922396627,0.01615195692069146,0.016086072709582625,-0.00879304072454773,0,0,-0.237249229948514,-0.01615195692069146,-0.016086072709582625,-0.2272983736441948,-0.22957439207187383,0,0
119.42733126216413,254.878386734463,19.38510129674627,0.2068359568373213,0.01586211903447304,0.01072404847305506,-0.00879304072454773,0,0,-0.21562899756186904,-0.01586211903447304,-0.01072404847305506,-0.20605553498585882,-0.20757288060431156,0,0
153.56624101955603,390.5444991736698,22.330509274381335,0.18521448114454428,0.01568821296939603,0.005362024236527496,-0.00879304072454773,0,0,-0.194007521869092,-0.01568821296939603,-0.005362024236527496,-0.18481269632752284,-0.1855713691367493,0,0
225.71785045590883,173.18670720903205,26.33993847596105,0.16366818575220546,0.01566510660891797,-0.003217214541916611,-0.00879304072454773,0,0,-0.1724612264767532,-0.01566510660891797,0.003217214541916611,-0.16387332679287736,-0.16341812310734177,0,0
323.12240163650586,293.3703955349555,28.892132026161015,0.14197094192760837,0.015851257011642726,-0.013941263014971738,-0.00879304072454773,0,0,-0.1507639826521561,-0.015851257011642726,0.013941263014971738,-0.14293395725823188,-0.14096140795424372,0,0
353.40072554933454,353.40072554933454,33.01927315595455,0.12080652956923399,0.01618038740666255,-0.01715847755688828,-0.00879304072454773,0,0,-0.12959957029378172,-0.01618038740666255,0.01715847755688828,-0.12199458772358641,-0.11956683473406249,0,0
223.1819809443389,191.20821604693444,27.889309733104497,0.09956764850833712,0.016590418558125306,-0.02144809694611037,-0.00879304072454773,0,0,-0.10836068923288485,-0.016590418558125306,0.02144809694611037,-0.10105521818894095,-0.09802052695203599,0,0
360.20900612823414,390.5444991736698,30.856404298200047,0.07833127135590726,0.017114326664427085,-0.02788252602994346,-0.00879304072454773,0,0,-0.08712431208045499,-0.017114326664427085,0.02788252602994346,-0.08026758321614073,-0.07632248460816424,0,0
268.9169663380496,353.40072554933454,54.842902515546676,0.057249007906256685,0.01772493279650848,-0.030027335724554505,-0.00879304072454773,0,0,-0.06604204863080441,-0.01772493279650848,0.030027335724554505,-0.05932821368149527,-0.055079645949828254,0,0
228.31501027837746,544.8761250677193,53.867377246779164,0.042460419461419124,0.018129447161663665,-0.02466531148802694,-0.00879304072454773,0,0,-0.051253460185966854,-0.018129447161663665,0.02466531148802694,-0.044154757496969566,-0.04066486257452884,0,0
459.67991945810627,168.8620920208621,41.906294265999335,0.030855530421198738,0.018384613625919855,-0.019303287251499365,-0.00879304072454773,0,0,-0.039648571145746464,-0.018384613625919855,0.019303287251499365,-0.03216772711119426,-0.02943650499797982,0,0
245.3252030939217,346.8640580657511,38.91410827618916,0.022511516341188947,0.01853674922061762,-0.017158477556888346,-0.00879304072454773,0,0,-0.03130455706573668,-0.01853674922061762,0.017158477556888346,-0.023670591647859868,-0.02124283865833594,0,0
624.3377665398167,185.91929651913173,35.01040148158687,0.014470366060895745,0.01864886027496942,-0.010724048473055272,-0.00879304072454773,0,0,-0.023263406785443475,-0.01864886027496942,0.010724048473055272,-0.015173456184525475,-0.01365611056607309,0,0
674.6059938250444,471.8179059817352,35.495445821510074,0.009235614734639701,0.018679736382852627,-0.0010724048473056535,-0.00879304072454773,0,0,-0.01802865545918743,-0.018679736382852627,0.0010724048473056535,-0.00925580827256045,-0.00910407371071538,0,0
399.01729906632625,399.01729906632625,34.69257006062114,0.006656140532712313,0.01867143763230768,0.007506833931138452,-0.00879304072454773,0,0,-0.015449181257260042,-0.01867143763230768,-0.007506833931138452,-0.006069382473810054,-0.0071315244067270385,0,0
248.42442609070224,528.3325926770696,37.99065036400073,0.006656140532712313,0.01867143763230768,0.007506833931138452,-0.00879304072454773,0,0,-0.015449181257260042,-0.01867143763230768,-0.007506833931138452,-0.006069382473810054,-0.0071315244067270385,0,0
209.13650375320472,312.50933522689996,35.33264212856703,0.006656140532712313,0.01867143763230768,0.007506833931138452,-0.00879304072454773,0,0,-0.015449181257260042,-0.01867143763230768,-0.007506833931138452,-0.006069382473810054,-0.0071315244067270385,0,0
323.12240163650586,648.3999468665874,36.07430705116846,0.006656140532712313,0.01867143763230768,0.007506833931138452,0.5066561405327124,0,0,0.5,-0.01867143763230768,-0.007506833931138452,-0.006069382473810054,-0.0071315244067270385,0,0
162.1258003695371,1570.544100534677,35.7417900319635,0.011739037175052761,0.018717771761114887,0.01072404847305499,0.5066561405327124,0,0,0.4949171033576596,-0.018717771761114887,-0.01072404847305499,-0.01092488845285828,-0.012442234071311033,0,0
323.12240163650586,1180.1265773010464,61.599435781669065,0.032069176936430105,0.019023024663138755,0.019303287251499074,0.5066561405327124,0,0,0.4745869635962823,-0.019023024663138755,-0.019303287251499074,-0.030650381492741692,-0.0333816036059565,0,0
170.27879631253745,674.6059938250444,46.88585314489331,0.05353442921343905,0.019494999234279282,0.024665311488026614,0.5066561405327124,0,0,0.4531217113192733,-0.019494999234279282,-0.024665311488026614,-0.05174148558923242,-0.05523138051167351,0,0
206.97300472647143,459.67991945810627,31.87626906490098,0.07545369100229532,0.0200239941593117,0.02359290664072109,0.5066561405327124,0,0,0.43120244953041703,-0.0200239941593117,-0.02359290664072109,-0.07374299705679468,-0.07708115741739052,0,0
140.84502956740286,562.6000187683081,30.724001887465562,0.09714569478722171,0.02053586655668346,0.02359290664072109,0.5066561405327124,0,0,0.40951044574549067,-0.02053586655668346,-0.02359290664072109,-0.09544103940066644,-0.09877919976126227,0,0
225.71785045590883,648.3999468665874,31.056556411796677,0.11914051398080978,0.021078485666781725,0.02573771633533211,0.5066561405327124,0,0,0.3875156265519026,-0.021078485666781725,-0.02573771633533211,-0.11729081630638344,-0.12093244579066979,0,0
168.8620920208621,242.3065498311679,30.461639058159932,0.14083012245952967,0.021683403509380608,0.030027335724554176,0.5066561405327124,0,0,0.3658260180731827,-0.021683403509380608,-0.030027335724554176,-0.13868538952656467,-0.14293395725823205,0,0
126.06628950603962,261.6981137825328,28.29625192435787,0.15834669511479124,0.022237741749033545,0.03324455026647072,0.5066561405327124,0,0,0.3483094454179211,-0.022237741749033545,-0.03324455026647072,-0.15598312957692398,-0.1606869009941271,0,0
116.02925942608664,228.31501027837746,22.632955363231254,0.1801097096258738,0.022926465016481136,0.0300273357245542,0.5066561405327124,0,0,0.32654643090683855,-0.022926465016481136,-0.0300273357245542,-0.17798464104448625,-0.18223320877615362,0,0
91.82083615681199,280.5772654118684,21.740789092600608,0.2017979707835923,0.023577901514576883,0.0300273357245542,0.5066561405327124,0,0,0.30485816974912006,-0.023577901514576883,-0.0300273357245542,-0.199682683388358,-0.2039312511200254,0,0
111.57932338755117,242.3065498311679,22.416395940132503,0.2237888432452534,0.02426203251974319,0.03217214541916522,0.5066561405327124,0,0,0.28286729728745896,-0.02426203251974319,-0.03217214541916522,-0.22153246029407503,-0.2260844971494329,0,0
98.56325615049124,198.76603234393832,20.852837358537094,0.24555328487835995,0.024904076714336414,0.026810121182637658,0.5066561405327124,0,0,0.26110285565435243,-0.024904076714336414,-0.026810121182637658,-0.24368570632348255,-0.24747907036961414,0,0
120.13062066766372,167.46934895889862,21.90726008446299,0.2672472848191332,0.025322894247616225,0.011796453320360487,0.5066561405327124,0,0,0.23940885571357917,-0.025322894247616225,-0.011796453320360487,-0.26644589060027113,-0.2681149707805691,0,0
116.69355260679126,209.13650375320472,27.26606267467261,0.28909660941551585,0.02546348411749485,0.0010724048473053829,0.5066561405327124,0,0,0.2175595311171965,-0.02546348411749485,-0.0010724048473053829,-0.28905434031521443,-0.28920607487705985,0,0
120.84213728458607,153.56624101955603,18.993706680961672,0.3107187813701364,0.025475077979612678,-1.1535911115245767e-16,0.5066561405327124,0,0,0.19593735916257593,-0.025475077979612678,1.1535911115245767e-16,-0.31075238265908617,-0.31075238265908633,0,0
95.7560002023429,196.81893899271049,23.16370274985499,0.3324926878647894,0.025486753202166423,0.0010724048473053829,0.5066561405327124,0,0,0.17416345266792294,-0.025486753202166423,-0.0010724048473053829,-0.3324504250029579,-0.3326021595648033,0,0
73.14379906825155,150.1726803268919,20.65731111090045,0.35419053057792416,0.02557982925986605,0.007506833931138445,0.5066561405327124,0,0,0.1524656099547882,-0.02557982925986605,-0.007506833931138445,-0.3536932636612939,-0.35475540559421087,0,0
83.38264517783642,139.88023555455067,27.377939217964773,0.3758875622974855,0.0257892477805402,0.01179645332036051,0.5066561405327124,0,0,0.13076857823522686,-0.0257892477805402,-0.01179645332036051,-0.3750878368814751,-0.37675691706177317,0,0
72.32728403086773,239.3652489782259,27.044189133291546,0.39750861526350373,0.026009527360737972,0.008579238778443967,0.5066561405327124,0,0,0.10914752526920862,-0.026009527360737972,-0.008579238778443967,-0.3969376137871921,-0.3981514902819544,0,0
73.6975442509615,223.1819809443389,26.500217937724948,0.41905413011030646,0.02619437601239472,0.008579238778443967,0.5066561405327124,0,0,0.0876020104224059,-0.02619437601239472,-0.008579238778443967,-0.4184839215692186,-0.4196977980639809,0,0
64.54756552171673,185.91929651913173,27.099424286132248,0.44014425185169825,0.02639793667235071,0.010724048473055012,0.5066561405327124,0,0,0.0665118886810141,-0.02639793667235071,-0.010724048473055012,-0.4394232911038641,-0.44094063672231687,0,0
64.54756552171673,562.6000187683081,703.2691653992177,0.45857923519630617,0.026565984333547,0.007506833931138468,0.5066561405327124,0,0,0.048076905336406184,-0.026565984333547,-0.007506833931138468,-0.4580866422108307,-0.4591487841437477,0,0
57.95982861765,209.13650375320472,149.07502982648927,0.4729179843246806,0.02663518111902529,0.0021448096946109036,0.5066561405327124,0,0,0.03373815620803178,-0.02663518111902529,-0.0021448096946109036,-0.4728048947098206,-0.47310836383351135,0,0
57.59853319318177,61.397967211159504,55.51020841703632,0.48353940365384857,0.02663518111902529,-0.002144809694611138,0.5066561405327124,0,0,0.023116736878863786,-0.02663518111902529,0.002144809694611138,-0.4837297831626791,-0.48342631403898884,0,0
56.71216714571853,75.69750294678715,245.3252030939217,0.4912019714883495,0.026614637632582948,-0.0032172145419166543,0.5066561405327124,0,0,0.015454169044362864,-0.026614637632582948,0.0032172145419166543,-0.4914682458167872,-0.4910130421312517,0,0
57.59853319318177,73.14379906825155,484.6780696502813,0.4956781095323722,0.026597836741210443,-0.004289619389222165,0.5066561405327124,0,0,0.010978031000340172,-0.026597836741210443,0.004289619389222165,-0.49602028267214493,-0.49541334442476415,0,0
60.99849051546361,88.18202887947652,1570.544100534677,0.49704368211132366,0.026587585422075937,-0.01072404847305524,0.5066561405327124,0,0,0.009612458421388692,-0.026587585422075937,0.01072404847305524,-0.497841097414288,-0.4963237517958357,0,0
58.694353098834746,323.12240163650586,808.2350827585409,0.49704368211132366,0.026587585422075937,-0.01072404847305524,0.5066561405327124,0,0,0.009612458421388692,-0.026587585422075937,0.01072404847305524,-0.497841097414288,-0.4963237517958357,0,0
59.635598880684206,174.67928447558052,323.12240163650586,0.49704368211132366,0.026587585422075937,-0.01072404847305524,-0.002956317888676341,0,0,-0.5,-0.026587585422075937,0.01072404847305524,-0.497841097414288,-0.4963237517958357,0,0
64.54756552171673,167.46934895889862,302.6164596847404,0.4924919070074475,0.026636400750281813,-0.01072404847305524,-0.002956317888676341,0,0,-0.49544822489612383,-0.026636400750281813,0.01072404847305524,-0.4932890605589303,-0.491771714940478,0,0
55.34207932623348,544.8761250677193,61.802071720251114,0.4728426230436748,0.02675229802479994,-0.0010724048473056101,-0.002956317888676341,0,0,-0.47579894093235114,-0.02675229802479994,0.0010724048473056101,-0.4729566292716659,-0.4728048947098209,0,0
59.255959637469736,149.07502982648927,544.8761250677193,0.45129636482038477,0.026706085330417337,0.005362024236527452,-0.002956317888676341,0,0,-0.4542526827090611,-0.026706085330417337,-0.005362024236527452,-0.4509551178041036,-0.45171379061333017,0,0
69.97442321249366,261.6981137825328,26.33993847596105,0.42959933310082343,0.026496666809743188,0.013941263014971535,-0.002956317888676341,0,0,-0.4325556509894998,-0.026496666809743188,-0.013941263014971535,-0.4286501372128508,-0.43062268651683944,0,0
68.72637072202204,280.5772654118684,27.6035995904869,0.4079797720895808,0.02616045834171219,0.01715847755688808,-0.002956317888676341,0,0,-0.41093608997825715,-0.02616045834171219,-0.01715847755688808,-0.4068003603071338,-0.4092281132966582,0,0
68.72637072202204,236.49825525583836,25.81506627835381,0.38620781877390675,0.02586858650541505,0.009651643625749494,-0.002956317888676341,0,0,-0.3891641366625831,-0.02586858650541505,-0.009651643625749494,-0.3855575216487978,-0.3869231327054054,0,0
60.40777364647001,174.67928447558052,29.25815894523266,0.3645098887223999,0.025798779368478145,-0.003217214541916655,-0.002956317888676341,0,0,-0.36746620661107626,-0.025798779368478145,0.003217214541916655,-0.3647698866759976,-0.3643146829904621,0,0
93.09781934285294,168.8620920208621,20.464022603165645,0.3430395994603927,0.025879366694892016,-0.004289619389222203,-0.002956317888676341,0,0,-0.34599591734906904,-0.025879366694892016,0.004289619389222203,-0.34337531345581634,-0.3427683752084356,0,0
74.828338960275,346.8640580657511,22.676586373412853,0.32156916204580455,0.0258678541932101,0.0053620242365274035,-0.002956317888676341,0,0,-0.3245254799344809,-0.0258678541932101,-0.0053620242365274035,-0.3212220674264088,-0.3219807402356354,0,0
104.68049512451793,382.4520830402873,18.818881403249385,0.30017519164223166,0.025707250193436174,0.009651643625749445,-0.002956317888676341,0,0,-0.303131509530908,-0.025707250193436174,-0.009651643625749445,-0.29952402508253706,-0.30088963613914466,0,0
105.77203060255431,159.58252707905322,27.660416147404213,0.2784016607634565,0.02557882348383501,0.0021448096946108594,-0.002956317888676341,0,0,-0.28135797865213286,-0.02557882348383501,-0.0021448096946108594,-0.2782811864242011,-0.27858465554789186,0,0
107.45140018288424,158.34116103748556,23.849908233631425,0.25677948880883594,0.025590417345952847,-0.0032172145419167046,-0.002956317888676341,0,0,-0.2597358066975123,-0.025590417345952847,0.0032172145419167046,-0.2570383477658651,-0.25658314408032956,0,0
112.81620876492863,251.60762066022812,21.99109567138421,0.23485455380809012,0.02576676419790814,-0.012868858167666312,-0.002956317888676341,0,0,-0.23781087169676646,-0.02576676419790814,0.012868858167666312,-0.2357955091075291,-0.23397469436538626,0,0
152.41788953728954,284.7075611688845,22.28772229885734,0.21331067435946638,0.026090241153784183,-0.017158477556888353,-0.002956317888676341,0,0,-0.21626699224814272,-0.026090241153784183,0.017158477556888353,-0.21455267044919313,-0.21212491745966924,0,0
146.92774685951784,198.76603234393832,22.37340035638271,0.19169044197282142,0.026380079040002606,-0.009651643625749794,-0.002956317888676341,0,0,-0.19464675986149776,-0.026380079040002606,0.009651643625749794,-0.1923994244197856,-0.1910338133631785,0,0
132.61463364415852,152.41788953728954,25.354659483658537,0.16999301099614822,0.026542961110695318,-0.005362024236527727,-0.002956317888676341,0,0,-0.17294932888482456,-0.026542961110695318,0.005362024236527727,-0.17039791295222334,-0.16963924014299728,0,0
126.06628950603962,245.3252030939217,30.856404298200047,0.148295280575034,0.026659305982115366,-0.005362024236527727,-0.002956317888676341,0,0,-0.15125159846371034,-0.026659305982115366,0.005362024236527727,-0.14869987060835158,-0.1479411977991255,0,0
153.56624101955603,228.31501027837746,30.396551423726756,0.12705245413188304,0.026682086900896556,0.003217214541916356,-0.002956317888676341,0,0,-0.13000877202055938,-0.026682086900896556,-0.003217214541916356,-0.12685009370263456,-0.12730529738817056,0,0
135.24881572421333,206.97300472647143,31.945994776763527,0.10581021401486031,0.02652262193658202,0.011796453320360438,-0.002956317888676341,0,0,-0.10876653190353665,-0.02652262193658202,-0.011796453320360438,-0.10500031679691754,-0.10666939697721561,0,0
108.02276929750369,280.5772654118684,30.331663097801872,0.08464546086561042,0.026216188544873818,0.017158477556888027,-0.002956317888676341,0,0,-0.08760177875428676,-0.026216188544873818,-0.017158477556888027,-0.08345400901489104,-0.0858817620044154,0,0
194.9110753588243,242.3065498311679,27.94694360726399,0.06765310524416071,0.02596105179094342,0.012868858167665986,-0.002956317888676341,0,0,-0.07060942313283705,-0.02596105179094342,-0.012868858167665986,-0.06676320721191277,-0.0685840219540561,0,0
164.75326598182954,648.3999468665874,38.08145749517021,0.049295007434434726,0.025705100138555356,0.015013667862277006,-0.002956317888676341,0,0,-0.05225132532311107,-0.025705100138555356,-0.015013667862277006,-0.04825159066679141,-0.050375874532625264,0,0
112.81620876492863,346.8640580657511,72.86976705815192,0.03465415668961313,0.025493122917767962,0.013941263014971495,-0.002956317888676341,0,0,-0.03761047457828947,-0.025493122917767962,-0.013941263014971495,-0.033685072729646735,-0.03565762203363533,0,0
168.8620920208621,528.3325926770696,69.97442321249366,0.023957683567893844,0.025361200308784974,0.010724048473054951,-0.002956317888676341,0,0,-0.026914001456570184,-0.025361200308784974,-0.010724048473054951,-0.023215387962324002,-0.024732733580776826,0,0
114.0802412881919,194.9110753588243,38.820199780260964,0.016219438953835562,0.025303109500356108,0.00428961938922187,-0.002956317888676341,0,0,-0.019175756842511903,-0.025303109500356108,-0.00428961938922187,-0.015932128993751665,-0.016539067241132945,0,0
166.09994149545804,189.41093412341306,37.18822146772475,0.012122615207153653,0.025294322579593218,-1.8388068845354155e-16,-0.002956317888676341,0,0,-0.015078933095829994,-0.025294322579593218,1.8388068845354155e-16,-0.012138764947620239,-0.01213876494762049,0,0
293.3703955349555,261.6981137825328,40.26705290654683,0.010150067037432493,0.0252964379506229,-0.0021448096946112094,-0.002956317888676341,0,0,-0.013106384926108834,-0.0252964379506229,0.0021448096946112094,-0.010317950205477155,-0.010014481081786892,0,0
137.98997206957193,346.8640580657511,38.72664396960077,0.010150067037432493,0.0252964379506229,-0.0021448096946112094,-0.002956317888676341,0,0,-0.013106384926108834,-0.0252964379506229,0.0021448096946112094,-0.010317950205477155,-0.010014481081786892,0,0
242.3065498311679,302.6164596847404,38.08145749517021,0.010150067037432493,0.0252964379506229,-0.0021448096946112094,-0.002956317888676341,0,0,-0.013106384926108834,-0.0252964379506229,0.0021448096946112094,-0.010317950205477155,-0.010014481081786892,0,0
808.2350827585409,312.50933522689996,41.38282267374021,0.010150067037432493,0.0252964379506229,-0.0021448096946112094,-0.002956317888676341,0,0,-0.013106384926108834,-0.0252964379506229,0.0021448096946112094,-0.010317950205477155,-0.010014481081786892,0,0
189.41093412341306,242.3065498311679,39.67832560006777,0.010150067037432493,0.0252964379506229,-0.0021448096946112094,-0.002956317888676341,0,0,-0.013106384926108834,-0.0252964379506229,0.0021448096946112094,-0.010317950205477155,-0.010014481081786892,0,0
245.3252030939217,808.2350827585409,41.38282267374021,0.010150067037432493,0.0252964379506229,-0.0021448096946112094,-0.002956317888676341,0,0,-0.013106384926108834,-0.0252964379506229,0.0021448096946112094,-0.010317950205477155,-0.010014481081786892,0,0
211.34777997197892,734.7683303247097,41.176340005486864,0.010150067037432493,0.0252964379506229,-0.0021448096946112094,-0.002956317888676341,0,0,-0.013106384926108834,-0.0252964379506229,0.0021448096946112094,-0.010317950205477155,-0.010014481081786892,0,0
360.20900612823414,198.76603234393832,40.76824443801301,0.010150067037432493,0.0252964379506229,-0.0021448096946112094,-0.002956317888676341,0,0,-0.013106384926108834,-0.0252964379506229,0.0021448096946112094,-0.010317950205477155,-0.010014481081786892,0,0
209.13650375320472,1570.544100534677,41.38282267374021,0.010150067037432493,0.0252964379506229,-0.0021448096946112094,-0.002956317888676341,0,0,-0.013106384926108834,-0.0252964379506229,0.0021448096946112094,-0.010317950205477155,-0.010014481081786892,0,0
242.3065498311679,459.67991945810627,41.69564725646781,0.010150067037432493,0.0252964379506229,-0.0021448096946112094,-0.002956317888676341,0,0,-0.013106384926108834,-0.0252964379506229,0.0021448096946112094,-0.010317950205477155,-0.010014481081786892,0,0
265.2554052777127,288.9697116820819,40.26705290654683,0.010150067037432493,0.0252964379506229,-0.0021448096946112094,-0.002956317888676341,0,0,-0.013106384926108834,-0.0252964379506229,0.0021448096946112094,-0.010317950205477155,-0.010014481081786892,0,0
427.0195773074906,265.2554052777127,39.00837153363536,0.010150067037432493,0.0252964379506229,-0.0021448096946112094,-0.002956317888676341,0,0,-0.013106384926108834,-0.0252964379506229,0.0021448096946112094,-0.010317950205477155,-0.010014481081786892,0,0
209.13650375320472,293.3703955349555,42.012254864281495,0.010150067037432493,0.0252964379506229,-0.0021448096946112094,-0.002956317888676341,0,0,-0.013106384926108834,-0.0252964379506229,0.0021448096946112094,-0.010317950205477155,-0.010014481081786892,0,0
562.6000187683081,360.20900612823414,42.012254864281495,0.010150067037432493,0.0252964379506229,-0.0021448096946112094,-0.002956317888676341,0,0,-0.013106384926108834,-0.0252964379506229,0.0021448096946112094,-0.010317950205477155,-0.010014481081786892,0,0
191.20821604693444,399.01729906632625,40.76824443801301,0.010150067037432493,0.0252964379506229,-0.0021448096946112094,-0.002956317888676341,0,0,-0.013106384926108834,-0.0252964379506229,0.0021448096946112094,-0.010317950205477155,-0.010014481081786892,0,0
