FDist,LDist,RDist,XEst,YEst,ThetaEst,XDes,YDes,ThetaDes,XError,YError,ThetaError,SL,SR,RW,LW
1093.1463157010076,93.96808322544976,96.67455639633857,0.0,0.0,0.0,0,0,0,0.0,0.0,0.0,0.0,0.0,0,0
233.7026839645806,88.18202887947652,90.16911060094986,0.0,0.0,0.0,0,0,0,0.0,0.0,0.0,0.0,0.0,0,0
1284.2268420173286,92.2427776670329,97.14019014961423,0.0,0.0,0.0,0,0,0,0.0,0.0,0.0,0.0,0.0,0,0
233.7026839645806,87.02903054016306,90.98786202822609,0.0,0.0,0.0,0,0,0,0.0,0.0,0.0,0.0,0.0,0,0
1093.1463157010076,91.82083615681199,97.6101426547749,0.0,0.0,0.0,0,0,0,0.0,0.0,0.0,0.0,0.0,0,0
1284.2268420173286,92.2427776670329,97.14019014961423,0.0,0.0,0.0,0,0,0,0.0,0.0,0.0,0.0,0.0,0,0
1411.3480414449798,92.2427776670329,96.67455639633857,0.0,0.0,0.0,0,0,0,0.0,0.0,0.0,0.0,0.0,0,0
1284.2268420173286,96.21317986298715,96.67455639633857,0.0,0.0,0.0,0,0,0,0.0,0.0,0.0,0.0,0.0,0,0
1284.2268420173286,94.40905615911757,96.67455639633857,0.0,0.0,0.0,0,0,0,0.0,0.0,0.0,0.0,0.0,0,0
1093.1463157010076,92.66842176880655,97.14019014961423,0.0,0.0,0.0,0,0,0,0.0,0.0,0.0,0.0,0.0,0,0
512.8513118946122,86.65098914560704,91.40254728973653,0.0,0.0,0.0,0,0,0,0.0,0.0,0.0,0.0,0.0,0,0
1284.2268420173286,91.40254728973653,100.52415418066585,0.0,0.0,0.0,0,0,0,0.0,0.0,0.0,0.0,0.0,0,0
1411.3480414449798,91.40254728973653,96.67455639633857,0.0,0.0,0.0,0,0,0,0.0,0.0,0.0,0.0,0.0,0,0
1411.3480414449798,97.14019014961423,99.04654639912101,0.0,0.0,0.0,0,0,0,0.0,0.0,0.0,0.0,0.0,0,0
1284.2268420173286,92.2427776670329,97.14019014961423,0.0,0.0,0.0,0,0,0,0.0,0.0,0.0,0.0,0.0,0,0
602.1580731583105,86.65098914560704,85.16922919230018,0.0,0.0,0.0,0,0,0,0.0,0.0,0.0,0.0,0.0,0,0
602.1580731583105,86.2760268879407,93.09781934285294,0.0,0.0,0.0,0,0,0,0.0,0.0,0.0,0.0,0.0,0,0
1093.1463157010076,91.82083615681199,96.67455639633857,0.0,0.0,0.0,0,0,0,0.0,0.0,0.0,0.0,0.0,0,0
900.238757316699,94.8539958627646,96.67455639633857,0.0,0.0,0.0,0,0,0,0.0,0.0,0.0,0.0,0.0,0,0
1284.2268420173286,92.66842176880655,96.67455639633857,0.0,0.0,0.0,0,0,0,0.0,0.0,0.0,0.0,0.0,0,0
213.60849807698625,89.36420701132127,90.98786202822609,0.0,0.0,0.0,0,0,0,0.0,0.0,0.0,0.0,0.0,0,0
1284.2268420173286,93.53102222430564,97.6101426547749,0.0,0.0,0.0,0,0,0,0.0,0.0,0.0,0.0,0.0,0,0
1284.2268420173286,92.2427776670329,97.14019014961423,0.0,0.0,0.0,0,0,0,0.0,0.0,0.0,0.0,0.0,0,0
1284.2268420173286,91.82083615681199,97.14019014961423,0.0,0.0,0.0,0,0,0,0.0,0.0,0.0,0.0,0.0,0,0
1284.2268420173286,93.53102222430564,98.08447665807216,0.0,0.0,0.0,0.5,0,0,0.5,0.0,0.0,0.0,0.0,0,0
602.1580731583105,87.02903054016306,85.16922919230018,0.00227601319260106,4.881622646049845e-06,0.004289619389222054,0.5,0,0,0.49772398680739893,-4.881622646049845e-06,-0.004289619389222054,-0.001972549303988341,-0.0025794875513693695,0,0
1284.2268420173286,90.16911060094986,113.44477390085575,0.028904322468145793,0.0002476171332629169,0.013941263014971636,0.5,0,0,0.4710956775318542,-0.0002476171332629169,-0.013941263014971636,-0.027919159379527294,-0.02989170868351563,0,0
648.3999468665874,93.53102222430564,125.29273453547381,0.052116293054219984,0.000645938300739195,0.020375692098804722,0.5,0,0,0.44788370694578,-0.000645938300739195,-0.020375692098804722,-0.05067934365631585,-0.053562300331375726,0,0
233.7026839645806,75.11601708077,168.8620920208621,0.08071262920346808,0.0012133494638295126,0.019303287251499247,0.5,0,0,0.4192873707965319,-0.0012133494638295126,-0.019303287251499247,-0.07935717584506943,-0.08208839795828404,0,0
624.3377665398167,76.88563626605912,223.1819809443389,0.1096885312222631,0.0017727491061822723,0.019303287251499247,0.5,0,0,0.3903114687777369,-0.0017727491061822723,-0.019303287251499247,-0.10833847715751352,-0.11106969927072813,0,0
233.7026839645806,73.6975442509615,209.13650375320472,0.13911892587200186,0.0023724967670535743,0.021448096946110266,0.5,0,0,0.36088107412799814,-0.0023724967670535743,-0.021448096946110266,-0.13762324759364813,-0.14065793883055325,0,0
1284.2268420173286,72.32728403086773,230.97580043058096,0.16885272665215031,0.002978427393500869,0.019303287251499247,0.5,0,0,0.33114727334784966,-0.002978427393500869,-0.019303287251499247,-0.16751495627716376,-0.17024617839037837,0,0
202.78305134967044,69.47032576649053,184.22292190812155,0.19919265918237772,0.0036292610098222723,0.02359290664072129,0.5,0,0,0.3008073408176223,-0.0036292610098222723,-0.02359290664072129,-0.19755839952252466,-0.20089655988312027,0,0
1284.2268420173286,107.45140018288424,200.75362703878065,0.22308260446130398,0.004257087964804545,0.028954930877248854,0.5,0,0,0.276917395538696,-0.004257087964804545,-0.028954930877248854,-0.2210772566085395,-0.2251740897783614,0,0
1284.2268420173286,245.3252030939217,177.7453057985956,0.25288249825522147,0.005232140997115481,0.03646176480838744,0.5,0,0,0.24711750174477853,-0.005232140997115481,-0.03646176480838744,-0.2503620270446741,-0.2555210021474128,0,0
624.3377665398167,233.7026839645806,168.8620920208621,0.27638284347424075,0.00616510038492782,0.042896193892220526,0.5,0,0,0.22361715652575925,-0.00616510038492782,-0.042896193892220526,-0.27342568044515314,-0.2794950629189634,0,0
1284.2268420173286,268.9169663380496,189.41093412341306,0.3060216702269566,0.007389511827945448,0.03967897935030398,0.5,0,0,0.1939783297730434,-0.007389511827945448,-0.03967897935030398,-0.3033173891286688,-0.30893156791694326,0,0
1284.2268420173286,196.81893899271049,180.92431015592842,0.335893511191839,0.008479174798288568,0.0332445502664709,0.5,0,0,0.16410648880816098,-0.008479174798288568,-0.0332445502664709,-0.3336643014977202,-0.3383680729149231,0,0
602.1580731583105,113.44477390085575,170.27879631253745,0.3660750774183144,0.0093857192956386,0.02681012118263781,0.5,0,0,0.1339249225816856,-0.0093857192956386,-0.02681012118263781,-0.3643146829904621,-0.3681080470365935,0,0
1284.2268420173286,72.59760196071355,459.67991945810627,0.39603541186855656,0.010044482389633333,0.017158477556888204,0.5,0,0,0.10396458813144344,-0.010044482389633333,-0.017158477556888204,-0.394965064483204,-0.3973928174727281,0,0
1284.2268420173286,64.767717284378,367.3069052663625,0.42425485959703557,0.010468191641696318,0.012868858167666114,0.5,0,0,0.07574514040296443,-0.010468191641696318,-0.012868858167666114,-0.42349116211011234,-0.42531197685225536,0,0
374.71408913910363,60.40777364647001,142.81538054950164,0.44746916626202077,0.010692254814165863,0.006434429083833027,0.5,0,0,0.05253083373797923,-0.010692254814165863,-0.006434429083833027,-0.44716175375797246,-0.4480721611290439,0,0
1284.2268420173286,61.599435781669065,125.29273453547381,0.46560131867763815,0.010760312662268035,0.0010724048473054627,0.5,0,0,0.034398681322361846,-0.010760312662268035,-0.0010724048473054627,-0.4656733703030938,-0.465825104864939,0,0
1284.2268420173286,63.680115630491734,170.27879631253745,0.47865046098188424,0.010788300632105386,0.003217214541916496,0.5,0,0,0.02134953901811576,-0.010788300632105386,-0.003217214541916496,-0.4785708080599407,-0.4790260117454764,0,0
1284.2268420173286,60.603559569501805,133.48121220361529,0.48737516693205857,0.010811691730529833,0.002144809694610973,0.5,0,0,0.012624833067941432,-0.010811691730529833,-0.002144809694610973,-0.4873714126469656,-0.48767488177065604,0,0
1180.1265773010464,61.599435781669065,99.53441397948464,0.49238240459365845,0.01080632194253141,-0.004289619389222101,0.5,0,0,0.0076175954063415485,-0.01080632194253141,0.004289619389222101,-0.49283385687339487,-0.49222691862601375,0,0
1284.2268420173286,58.880520330140875,76.58539900875073,0.4936721170353361,0.010797331686738095,-0.009651643625749665,0.5,0,0,0.006327882964663911,-0.010797331686738095,0.009651643625749665,-0.4945029370536927,-0.4931373259970853,0,0
1180.1265773010464,60.213094273732246,75.99135610686974,0.4936721170353361,0.010797331686738095,-0.009651643625749665,0.5,0,0,0.006327882964663911,-0.010797331686738095,0.009651643625749665,-0.4945029370536927,-0.4931373259970853,0,0
1284.2268420173286,60.01951173605402,75.99135610686974,0.4936721170353361,0.010797331686738095,-0.009651643625749665,0.5,0,0,0.006327882964663911,-0.010797331686738095,0.009651643625749665,-0.4945029370536927,-0.4931373259970853,0,0
602.1580731583105,59.635598880684206,73.6975442509615,0.4936721170353361,0.010797331686738095,-0.009651643625749665,0.5,0,0,0.006327882964663911,-0.010797331686738095,0.009651643625749665,-0.4945029370536927,-0.4931373259970853,0,0
236.49825525583836,57.59853319318177,72.05879380612686,0.4936721170353361,0.010797331686738095,-0.009651643625749665,0.5,0,0,0.006327882964663911,-0.010797331686738095,0.009651643625749665,-0.4945029370536927,-0.4931373259970853,0,0
900.238757316699,60.01951173605402,75.99135610686974,0.4936721170353361,0.010797331686738095,-0.009651643625749665,0.5,0,0,0.006327882964663911,-0.010797331686738095,0.009651643625749665,-0.4945029370536927,-0.4931373259970853,0,0
202.78305134967044,54.842902515546676,68.97275209823704,0.4936721170353361,0.010797331686738095,-0.009651643625749665,0.5,0,0,0.006327882964663911,-0.010797331686738095,0.009651643625749665,-0.4945029370536927,-0.4931373259970853,0,0
1284.2268420173286,60.01951173605402,75.40573089722304,0.4936721170353361,0.010797331686738095,-0.009651643625749665,0.5,0,0,0.006327882964663911,-0.010797331686738095,0.009651643625749665,-0.4945029370536927,-0.4931373259970853,0,0
1284.2268420173286,60.40777364647001,76.28731360165042,0.4936721170353361,0.010797331686738095,-0.009651643625749665,0.5,0,0,0.006327882964663911,-0.010797331686738095,0.009651643625749665,-0.4945029370536927,-0.4931373259970853,0,0
427.0195773074906,57.2411266723497,72.59760196071355,0.4936721170353361,0.010797331686738095,-0.009651643625749665,0.5,0,0,0.006327882964663911,-0.010797331686738095,0.009651643625749665,-0.4945029370536927,-0.4931373259970853,0,0
233.7026839645806,57.95982861765,72.05879380612686,0.4936721170353361,0.010797331686738095,-0.009651643625749665,0.5,0,0,0.006327882964663911,-0.010797331686738095,0.009651643625749665,-0.4945029370536927,-0.4931373259970853,0,0
1284.2268420173286,60.213094273732246,75.99135610686974,0.4936721170353361,0.010797331686738095,-0.009651643625749665,0.5,0,0,0.006327882964663911,-0.010797331686738095,0.009651643625749665,-0.4945029370536927,-0.4931373259970853,0,0
196.81893899271049,55.51020841703632,71.79211210149265,0.4936721170353361,0.010797331686738095,-0.009651643625749665,0.5,0,0,0.006327882964663911,-0.010797331686738095,0.009651643625749665,-0.4945029370536927,-0.4931373259970853,0,0
1284.2268420173286,60.40777364647001,75.69750294678715,0.4936721170353361,0.010797331686738095,-0.009651643625749665,0.5,0,0,0.006327882964663911,-0.010797331686738095,0.009651643625749665,-0.4945029370536927,-0.4931373259970853,0,0
233.7026839645806,57.41934790708907,72.05879380612686,0.4936721170353361,0.010797331686738095,-0.009651643625749665,0.5,0,0,0.006327882964663911,-0.010797331686738095,0.009651643625749665,-0.4945029370536927,-0.4931373259970853,0,0
602.1580731583105,57.59853319318177,68.23833891011859,0.4936721170353361,0.010797331686738095,-0.009651643625749665,0.5,0,0,0.006327882964663911,-0.010797331686738095,0.009651643625749665,-0.4945029370536927,-0.4931373259970853,0,0
1284.2268420173286,60.213094273732246,75.99135610686974,0.4936721170353361,0.010797331686738095,-0.009651643625749665,0.5,0,0,0.006327882964663911,-0.010797331686738095,0.009651643625749665,-0.4945029370536927,-0.4931373259970853,0,0
1284.2268420173286,60.01951173605402,75.99135610686974,0.4936721170353361,0.010797331686738095,-0.009651643625749665,0.5,0,0,0.006327882964663911,-0.010797331686738095,0.009651643625749665,-0.4945029370536927,-0.4931373259970853,0,0
1284.2268420173286,60.40777364647001,76.88563626605912,0.4936721170353361,0.010797331686738095,-0.009651643625749665,0.5,0,0,0.006327882964663911,-0.010797331686738095,0.009651643625749665,-0.4945029370536927,-0.4931373259970853,0,0
648.3999468665874,60.40777364647001,75.69750294678715,0.4936721170353361,0.010797331686738095,-0.009651643625749665,0.5,0,0,0.006327882964663911,-0.010797331686738095,0.009651643625749665,-0.4945029370536927,-0.4931373259970853,0,0
471.8179059817352,57.41934790708907,72.32728403086773,0.4936721170353361,0.010797331686738095,-0.009651643625749665,0.5,0,0,0.006327882964663911,-0.010797331686738095,0.009651643625749665,-0.4945029370536927,-0.4931373259970853,0,0
1284.2268420173286,58.880520330140875,75.99135610686974,0.4936721170353361,0.010797331686738095,-0.009651643625749665,0.5,0,0,0.006327882964663911,-0.010797331686738095,0.009651643625749665,-0.4945029370536927,-0.4931373259970853,0,0
602.1580731583105,57.95982861765,68.23833891011859,0.4936721170353361,0.010797331686738095,-0.009651643625749665,0.5,0,0,0.006327882964663911,-0.010797331686738095,0.009651643625749665,-0.4945029370536927,-0.4931373259970853,0,0
1284.2268420173286,60.213094273732246,75.99135610686974,0.4936721170353361,0.010797331686738095,-0.009651643625749665,-0.006327882964663911,0,0,-0.5,-0.010797331686738095,0.009651643625749665,-0.4945029370536927,-0.4931373259970853,0,0
1180.1265773010464,60.01951173605402,82.68751571021457,0.4874513577267053,0.010864045968619462,-0.011796453320360691,-0.006327882964663911,0,0,-0.4937792406913692,-0.010864045968619462,0.011796453320360691,-0.4884335545798824,-0.48676447439958453,0,0
1180.1265773010464,62.833136667956715,198.76603234393832,0.45968433208290177,0.011012934860017145,0.0010724048473054332,-0.006327882964663911,0,0,-0.4660122150475657,-0.011012934860017145,-0.0010724048473054332,-0.45975572239112883,-0.459907456952974,0,0
1284.2268420173286,70.74309622023037,317.7208243859324,0.4292622915468581,0.010800870591010137,0.012868858167666085,-0.006327882964663911,0,0,-0.435590174511522,-0.010800870591010137,-0.012868858167666085,-0.42849840265100586,-0.43031921739314893,0,0
1284.2268420173286,123.77355272308415,189.41093412341306,0.3984652941242765,0.010239351941489307,0.023592906640721188,-0.006327882964663911,0,0,-0.4047931770889404,-0.010239351941489307,-0.023592906640721188,-0.3969376137871924,-0.40027577414778803,0,0
1284.2268420173286,200.75362703878065,187.6483042942066,0.36737001101433053,0.009438853599582063,0.027882526029943205,-0.006327882964663911,0,0,-0.37369789397899444,-0.009438853599582063,-0.027882526029943205,-0.36552855948522417,-0.3694736580932009,0,0
1284.2268420173286,185.91929651913173,177.7453057985956,0.3362756042431191,0.0086050089920385,0.025737716335332186,-0.006327882964663911,0,0,-0.342603487207783,-0.0086050089920385,-0.025737716335332186,-0.33457470886879176,-0.3382163383530779,0,0
624.3377665398167,159.58252707905322,171.72011046907937,0.3050277921474009,0.007834115635623033,0.023592906640721188,-0.006327882964663911,0,0,-0.3113556751120648,-0.007834115635623033,-0.023592906640721188,-0.30346912369051404,-0.3068072840511097,0,0
1284.2268420173286,105.77203060255431,213.60849807698625,0.27347288314263984,0.007224926496306941,0.01501366786227713,-0.006327882964663911,0,0,-0.27980076610730376,-0.007224926496306941,-0.01501366786227713,-0.27251527307408163,-0.2746395569399152,0,0
1284.2268420173286,75.99135610686974,353.40072554933454,0.24176256619027914,0.006850839870271982,0.008579238778444092,-0.006327882964663911,0,0,-0.24809044915494305,-0.006850839870271982,-0.008579238778444092,-0.2412579533339587,-0.24247182982872073,0,0
1284.2268420173286,69.47032576649053,317.7208243859324,0.2166513084558609,0.00664886475609482,0.007506833931138569,-0.006327882964663911,0,0,-0.2229791914205248,-0.00664886475609482,-0.007506833931138569,-0.21622175062949128,-0.21728389256240807,0,0
1284.2268420173286,74.54267433246892,242.3065498311679,0.18509140885342712,0.006411945380541791,0.007506833931138569,-0.006327882964663911,0,0,-0.19141929181809103,-0.006411945380541791,-0.007506833931138569,-0.1846609617656778,-0.18572310369859463,0,0
1019.267059271828,71.26409887021845,225.71785045590883,0.153910713939926,0.006194592725774009,0.006434429083833047,-0.006327882964663911,0,0,-0.16023859690458991,-0.006194592725774009,-0.006434429083833047,-0.15355537658740012,-0.1544657839584717,0,0
1284.2268420173286,66.11723490259166,163.42873978461637,0.12895055433851124,0.006100906399307002,0.0010724048473054826,-0.006327882964663911,0,0,-0.13527843730317515,-0.006100906399307002,-0.0010724048473054826,-0.1289743775684685,-0.12912611213031377,0,0
1284.2268420173286,71.527220004475,111.57932338755117,0.09723804914837875,0.0061349150566303474,-0.0032172145419166083,-0.006327882964663911,0,0,-0.10356593211304266,-0.0061349150566303474,0.0032172145419166083,-0.0975653232665003,-0.09711011958096455,0,0
602.1580731583105,68.23833891011859,70.48517871055273,0.07235409613583184,0.00629503129732545,-0.00965164362574967,-0.006327882964663911,0,0,-0.07868197910049575,-0.00629503129732545,0.00965164362574967,-0.07313605880941393,-0.07177044775280662,0,0
1284.2268420173286,89.76495072901147,86.65098914560704,0.04618304859590652,0.006702020495468242,-0.021448096946110298,-0.006327882964663911,0,0,-0.052510931560570434,-0.006702020495468242,0.021448096946110298,-0.047796386981256,-0.04476169574435088,0,0
1093.1463157010076,92.66842176880655,110.36868736531008,0.0267646430545151,0.007076906119662762,-0.017158477556888256,-0.006327882964663911,0,0,-0.03309252601917901,-0.007076906119662762,0.017158477556888256,-0.02807089394137259,-0.02564314095184849,0,0
1284.2268420173286,89.76495072901147,99.04654639912101,0.014399984638552113,0.007282453805074016,-0.016086072709582747,-0.006327882964663911,0,0,-0.020727867603216023,-0.007282453805074016,0.016086072709582747,-0.015628659870061515,-0.013352641442382672,0,0
955.6520228707801,90.16911060094986,96.67455639633857,0.004083197296957641,0.007437358262817473,-0.013941263014971738,-0.006327882964663911,0,0,-0.010411080261621552,-0.007437358262817473,0.013941263014971738,-0.005158975102738782,-0.003186425798750451,0,0
1284.2268420173286,92.66842176880655,93.96808322544976,-0.00228921089442585,0.007512533565657035,-0.009651643625749684,-0.006327882964663911,0,0,-0.004038672070238061,-0.007512533565657035,0.009651643625749684,0.0015173456184525268,0.00288295667505983,0,0
808.2350827585409,95.7560002023429,96.67455639633857,-0.00547560737677431,0.007526202077626911,0.0010724048473054418,-0.006327882964663911,0,0,-0.0008522755878896011,-0.007526202077626911,-0.0010724048473054418,0.005462444226429209,0.005310709664583942,0,0
1284.2268420173286,91.40254728973653,95.30295822324965,-0.00547560737677431,0.007526202077626911,0.0010724048473054418,-0.006327882964663911,0,0,-0.0008522755878896011,-0.007526202077626911,-0.0010724048473054418,0.005462444226429209,0.005310709664583942,0,0
1284.2268420173286,94.40905615911757,97.14019014961423,-0.00547560737677431,0.007526202077626911,0.0010724048473054418,-0.006327882964663911,0,0,-0.0008522755878896011,-0.007526202077626911,-0.0010724048473054418,0.005462444226429209,0.005310709664583942,0,0
1284.2268420173286,93.96808322544976,100.02692680886574,-0.00547560737677431,0.007526202077626911,0.0010724048473054418,-0.006327882964663911,0,0,-0.0008522755878896011,-0.007526202077626911,-0.0010724048473054418,0.005462444226429209,0.005310709664583942,0,0
367.3069052663625,94.40905615911757,97.14019014961423,-0.00547560737677431,0.007526202077626911,0.0010724048473054418,-0.006327882964663911,0,0,-0.0008522755878896011,-0.007526202077626911,-0.0010724048473054418,0.005462444226429209,0.005310709664583942,0,0
1284.2268420173286,94.40905615911757,96.67455639633857,-0.00547560737677431,0.007526202077626911,0.0010724048473054418,-0.006327882964663911,0,0,-0.0008522755878896011,-0.007526202077626911,-0.0010724048473054418,0.005462444226429209,0.005310709664583942,0,0
1284.2268420173286,93.96808322544976,97.14019014961423,-0.00547560737677431,0.007526202077626911,0.0010724048473054418,-0.006327882964663911,0,0,-0.0008522755878896011,-0.007526202077626911,-0.0010724048473054418,0.005462444226429209,0.005310709664583942,0,0
1284.2268420173286,94.8539958627646,97.6101426547749,-0.00547560737677431,0.007526202077626911,0.0010724048473054418,-0.006327882964663911,0,0,-0.0008522755878896011,-0.007526202077626911,-0.0010724048473054418,0.005462444226429209,0.005310709664583942,0,0
1284.2268420173286,96.21317986298715,100.02692680886574,-0.00547560737677431,0.007526202077626911,0.0010724048473054418,-0.006327882964663911,0,0,-0.0008522755878896011,-0.007526202077626911,-0.0010724048473054418,0.005462444226429209,0.005310709664583942,0,0
236.49825525583836,88.5727896902875,92.66842176880655,-0.00547560737677431,0.007526202077626911,0.0010724048473054418,-0.006327882964663911,0,0,-0.0008522755878896011,-0.007526202077626911,-0.0010724048473054418,0.005462444226429209,0.005310709664583942,0,0
1284.2268420173286,95.30295822324965,96.67455639633857,-0.00547560737677431,0.007526202077626911,0.0010724048473054418,-0.006327882964663911,0,0,-0.0008522755878896011,-0.007526202077626911,-0.0010724048473054418,0.005462444226429209,0.005310709664583942,0,0
1284.2268420173286,95.30295822324965,100.52415418066585,-0.00547560737677431,0.007526202077626911,0.0010724048473054418,-0.006327882964663911,0,0,-0.0008522755878896011,-0.007526202077626911,-0.0010724048473054418,0.005462444226429209,0.005310709664583942,0,0
1284.2268420173286,94.40905615911757,99.04654639912101,-0.00547560737677431,0.007526202077626911,0.0010724048473054418,-0.006327882964663911,0,0,-0.0008522755878896011,-0.007526202077626911,-0.0010724048473054418,0.005462444226429209,0.005310709664583942,0,0
236.49825525583836,89.76495072901147,93.09781934285294,-0.00547560737677431,0.007526202077626911,0.0010724048473054418,-0.006327882964663911,0,0,-0.0008522755878896011,-0.007526202077626911,-0.0010724048473054418,0.005462444226429209,0.005310709664583942,0,0
1411.3480414449798,96.21317986298715,100.52415418066585,-0.00547560737677431,0.007526202077626911,0.0010724048473054418,-0.006327882964663911,0,0,-0.0008522755878896011,-0.007526202077626911,-0.0010724048473054418,0.005462444226429209,0.005310709664583942,0,0
581.6409617069837,87.79450977305973,94.8539958627646,-0.00547560737677431,0.007526202077626911,0.0010724048473054418,-0.006327882964663911,0,0,-0.0008522755878896011,-0.007526202077626911,-0.0010724048473054418,0.005462444226429209,0.005310709664583942,0,0
900.238757316699,95.7560002023429,96.21317986298715,-0.00547560737677431,0.007526202077626911,0.0010724048473054418,-0.006327882964663911,0,0,-0.0008522755878896011,-0.007526202077626911,-0.0010724048473054418,0.005462444226429209,0.005310709664583942,0,0
1284.2268420173286,94.8539958627646,97.14019014961423,-0.00547560737677431,0.007526202077626911,0.0010724048473054418,-0.006327882964663911,0,0,-0.0008522755878896011,-0.007526202077626911,-0.0010724048473054418,0.005462444226429209,0.005310709664583942,0,0
353.40072554933454,83.38264517783642,82.68751571021457,-0.00547560737677431,0.007526202077626911,0.0010724048473054418,-0.006327882964663911,0,0,-0.0008522755878896011,-0.007526202077626911,-0.0010724048473054418,0.005462444226429209,0.005310709664583942,0,0
602.1580731583105,88.5727896902875,87.02903054016306,-0.00547560737677431,0.007526202077626911,0.0010724048473054418,-0.006327882964663911,0,0,-0.0008522755878896011,-0.007526202077626911,-0.0010724048473054418,0.005462444226429209,0.005310709664583942,0,0
1284.2268420173286,95.30295822324965,96.67455639633857,-0.00547560737677431,0.007526202077626911,0.0010724048473054418,-0.006327882964663911,0,0,-0.0008522755878896011,-0.007526202077626911,-0.0010724048473054418,0.005462444226429209,0.005310709664583942,0,0
1180.1265773010464,94.8539958627646,96.21317986298715,-0.00547560737677431,0.007526202077626911,0.0010724048473054418,-0.006327882964663911,0,0,-0.0008522755878896011,-0.007526202077626911,-0.0010724048473054418,0.005462444226429209,0.005310709664583942,0,0
1284.2268420173286,92.2427776670329,96.21317986298715,-0.00547560737677431,0.007526202077626911,0.0010724048473054418,-0.006327882964663911,0,0,-0.0008522755878896011,-0.007526202077626911,-0.0010724048473054418,0.005462444226429209,0.005310709664583942,0,0
233.7026839645806,88.5727896902875,93.09781934285294,-0.00547560737677431,0.007526202077626911,0.0010724048473054418,-0.006327882964663911,0,0,-0.0008522755878896011,-0.007526202077626911,-0.0010724048473054418,0.005462444226429209,0.005310709664583942,0,0
1284.2268420173286,96.21317986298715,99.53441397948464,-0.00547560737677431,0.007526202077626911,0.0010724048473054418,-0.006327882964663911,0,0,-0.0008522755878896011,-0.007526202077626911,-0.0010724048473054418,0.005462444226429209,0.005310709664583942,0,0
1180.1265773010464,96.67455639633857,99.53441397948464,-0.00547560737677431,0.007526202077626911,0.0010724048473054418,-0.006327882964663911,0,0,-0.0008522755878896011,-0.007526202077626911,-0.0010724048473054418,0.005462444226429209,0.005310709664583942,0,0
602.1580731583105,87.41019065628254,93.09781934285294,-0.00547560737677431,0.007526202077626911,0.0010724048473054418,-0.006327882964663911,0,0,-0.0008522755878896011,-0.007526202077626911,-0.0010724048473054418,0.005462444226429209,0.005310709664583942,0,0
1284.2268420173286,93.96808322544976,99.53441397948464,-0.00547560737677431,0.007526202077626911,0.0010724048473054418,-0.006327882964663911,0,0,-0.0008522755878896011,-0.007526202077626911,-0.0010724048473054418,0.005462444226429209,0.005310709664583942,0,0
562.6000187683081,89.36420701132127,85.16922919230018,-0.00547560737677431,0.007526202077626911,0.0010724048473054418,-0.006327882964663911,0,0,-0.0008522755878896011,-0.007526202077626911,-0.0010724048473054418,0.005462444226429209,0.005310709664583942,0,0
624.3377665398167,82.68751571021457,93.09781934285294,-0.00547560737677431,0.007526202077626911,0.0010724048473054418,-0.006327882964663911,0,0,-0.0008522755878896011,-0.007526202077626911,-0.0010724048473054418,0.005462444226429209,0.005310709664583942,0,0
1411.3480414449798,95.30295822324965,96.21317986298715,-0.00547560737677431,0.007526202077626911,0.0010724048473054418,-0.006327882964663911,0,0,-0.0008522755878896011,-0.007526202077626911,-0.0010724048473054418,0.005462444226429209,0.005310709664583942,0,0
