FDist,LDist,RDist,XEst,YEst,ThetaEst,XDes,YDes,ThetaDes,XError,YError,ThetaError,SL,SR,RW,LW
101.5330368193872,144.84210166738234,114.0802412881919,0.0,0.0,0.0,0,0,0,0.0,0.0,0.0,0.0,0.0,0,0
96.21317986298715,170.27879631253745,131.75922954059277,0.0,0.0,0.0,0,0,0,0.0,0.0,0.0,0.0,0.0,0,0
95.7560002023429,218.28532251964043,130.91477695173097,0.0,0.0,0.0,0,0,0,0.0,0.0,0.0,0.0,0.0,0,0
104.68049512451793,261.6981137825328,117.36537105675751,0.0,0.0,0.0,0,0,0,0.0,0.0,0.0,0.0,0.0,0,0
102.56164513946942,185.91929651913173,131.75922954059277,0.0,0.0,0.0,0,0,0,0.0,0.0,0.0,0.0,0.0,0,0
91.40254728973653,124.52854747504531,92.66842176880655,0.0,0.0,0.0,0,0,0,0.0,0.0,0.0,0.0,0.0,0,0
94.8539958627646,134.3591943699604,154.7323071690459,0.0,0.0,0.0,0,0,0,0.0,0.0,0.0,0.0,0.0,0,0
95.30295822324965,209.13650375320472,145.87739303694283,0.0,0.0,0.0,0,0,0,0.0,0.0,0.0,0.0,0.0,0,0
93.09781934285294,145.87739303694283,126.06628950603962,0.0,0.0,0.0,0,0,0,0.0,0.0,0.0,0.0,0.0,0,0
90.16911060094986,228.31501027837746,157.11931592309642,0.0,0.0,0.0,0,0,0,0.0,0.0,0.0,0.0,0.0,0,0
99.04654639912101,223.1819809443389,113.44477390085575,0.0,0.0,0.0,0,0,0,0.0,0.0,0.0,0.0,0.0,0,0
97.6101426547749,268.9169663380496,116.02925942608664,0.0,0.0,0.0,0,0,0,0.0,0.0,0.0,0.0,0.0,0,0
108.02276929750369,26.661827824936275,179.3202830877122,0.0,0.0,0.0,0,0,0,0.0,0.0,0.0,0.0,0.0,0,0
81.32922784467303,35.65938806674725,117.36537105675751,0.0,0.0,0.0,0,0,0,0.0,0.0,0.0,0.0,0.0,0,0
111.57932338755117,39.77550372711136,96.21317986298715,0.0,0.0,0.0,0,0,0,0.0,0.0,0.0,0.0,0.0,0,0
104.1428794944386,18.543059645113814,88.96683466233691,0.0,0.0,0.0,0,0,0,0.0,0.0,0.0,0.0,0.0,0,0
95.30295822324965,19.529790810708228,245.3252030939217,0.0,0.0,0.0,0,0,0,0.0,0.0,0.0,0.0,0.0,0,0
98.56325615049124,26.989108340162986,407.8990969411948,0.0,0.0,0.0,0,0,0,0.0,0.0,0.0,0.0,0.0,0,0
100.52415418066585,26.446644470518727,239.3652489782259,0.0,0.0,0.0,0,0,0,0.0,0.0,0.0,0.0,0.0,0,0
105.22351709380416,27.546944329386996,163.42873978461637,0.0,0.0,0.0,0,0,0,0.0,0.0,0.0,0.0,0.0,0,0
98.56325615049124,28.120842178481034,104.68049512451793,0.0,0.0,0.0,0,0,0,0.0,0.0,0.0,0.0,0.0,0,0
98.08447665807216,27.6035995904869,154.7323071690459,0.0,0.0,0.0,0,0,0,0.0,0.0,0.0,0.0,0.0,0,0
95.7560002023429,27.210360375618606,95.7560002023429,0.0,0.0,0.0,0,0,0,0.0,0.0,0.0,0.0,0.0,0,0
101.02616679983112,26.87940715229901,164.75326598182954,0.0,0.0,0.0,0,0,0,0.0,0.0,0.0,0.0,0.0,0,0
93.09781934285294,26.60780897647566,90.16911060094986,0.0,0.0,0.0,0,0,0,0.0,0.0,0.0,0.0,0.0,0,0
90.16911060094986,27.490449651671298,78.10859556029456,0.0,0.0,0.0,0,0,0,0.0,0.0,0.0,0.0,0.0,0,0
87.02903054016306,26.18097245007521,171.72011046907937,0.0,0.0,0.0,0,0,0,0.0,0.0,0.0,0.0,0.0,0,0
101.02616679983112,26.934181235571288,122.29045980286173,0.0,0.0,0.0,0,0,0,0.0,0.0,0.0,0.0,0.0,0,0
97.6101426547749,26.023303163846677,118.73212177360972,0.0,0.0,0.0,0,0,0,0.0,0.0,0.0,0.0,0.0,0,0
100.52415418066585,26.28680469382479,106.88588226030939,0.0,0.0,0.0,0,0,0,0.0,0.0,0.0,0.0,0.0,0,0
110.97077873540402,18.853694991318818,131.75922954059277,0.0,0.0,0.0,0,0,0,0.0,0.0,0.0,0.0,0.0,0,0
90.16911060094986,27.154814473847836,173.18670720903205,0.0,0.0,0.0,0,0,0,0.0,0.0,0.0,0.0,0.0,0,0
87.41019065628254,37.99065036400073,116.02925942608664,0.0,0.0,0.0,0,0,0,0.0,0.0,0.0,0.0,0.0,0,0
71.26409887021845,44.69032492014681,159.58252707905322,0.0,0.0,0.0,0,0,0,0.0,0.0,0.0,0.0,0.0,0,0
87.41019065628254,51.405375698086,89.36420701132127,0.0,0.0,0.0,0,0,0,0.0,0.0,0.0,0.0,0.0,0,0
92.66842176880655,63.89502910136053,146.92774685951784,0.0,0.0,0.0,0,0,0,0.0,0.0,0.0,0.0,0.0,0,0
94.8539958627646,59.067719529011335,86.65098914560704,0.0,0.0,0.0,0,0,0,0.0,0.0,0.0,0.0,0.0,0,0
97.14019014961423,56.71216714571853,96.21317986298715,0.0,0.0,0.0,0,0,0,0.0,0.0,0.0,0.0,0.0,0,0
99.04654639912101,60.603559569501805,209.13650375320472,0.0,0.0,0.0,0,0,0,0.0,0.0,0.0,0.0,0.0,0,0
95.7560002023429,63.680115630491734,116.69355260679126,0.0,0.0,0.0,0.5,0,0,0.5,0.0,0.0,0.0,0.0,0,0
80.01189902085736,40.167981003823776,104.1428794944386,0.005158972136193802,5.532508846859719e-06,0.002144809694611027,0.5,0,0,0.4948410278638062,-5.532508846859719e-06,-0.002144809694611027,-0.0050072405408934815,-0.005310709664583996,0,0
89.76495072901147,32.873131352234964,62.833136667956715,0.026629039169968588,0.00013216929915044892,0.009651643625749638,0.5,0,0,0.4733709608300314,-0.00013216929915044892,-0.009651643625749638,-0.02594661007553895,-0.027312221132146264,0,0
85.53518482670935,32.583694610362,32.94608262610615,0.049539890845869,0.00035330354126091664,0.009651643625749638,0.5,0,0,0.450460109154131,-0.00035330354126091664,-0.009651643625749638,-0.04885852891417276,-0.05022413997078007,0,0
95.30295822324965,34.30133937049984,38.26408367033017,0.07207192585635522,0.0005103685983558841,0.0042896193892220736,0.5,0,0,0.42792807414364475,-0.0005103685983558841,-0.0042896193892220736,-0.07177044775280657,-0.07237738600018759,0,0
88.96683466233691,35.82448132093792,43.654616942576325,0.09483205778236582,0.0005591848248163828,6.938893903907228e-18,0.5,0,0,0.4051679422176342,-0.0005591848248163828,-6.938893903907228e-18,-0.09483410115328564,-0.09483410115328562,0,0
88.18202887947652,43.88139400932728,31.737482110528177,0.11781981416013154,0.0005222065208688525,-0.0032172145419165367,0.5,0,0,0.38218018583986846,-0.0005222065208688525,0.0032172145419165367,-0.11804948911560996,-0.11759428543007418,0,0
69.22073170815571,84.8062010048873,25.203635736394993,0.1405796712452164,0.00040016644595272075,-0.007506833931138603,0.5,0,0,0.3594203287547836,-0.00040016644595272075,0.007506833931138603,-0.14111314251608903,-0.1400510005831722,0,0
80.66556470717478,166.09994149545804,25.15356131134849,0.163263045813273,0.000193391751723537,-0.010724048473055147,0.5,0,0,0.336736954186727,-0.000193391751723537,0.010724048473055147,-0.16402506135472283,-0.16250771573627026,0,0
84.8062010048873,193.04122344313365,29.505828159201656,0.18602290289835785,7.135167680740495e-05,-1.9081958235744878e-17,0.5,0,0,0.3139770971016421,-7.135167680740495e-05,1.9081958235744878e-17,-0.1860265728222851,-0.1860265728222851,0,0
83.03372126641216,242.3065498311679,28.6516875778294,0.20863130061152838,0.00011984246175816618,0.004289619389222022,0.5,0,0,0.29136869938847165,-0.00011984246175816618,-0.004289619389222022,-0.20833155341353787,-0.2089384916609189,0,0
76.88563626605912,204.85569342211394,21.130411066922797,0.23101188787539315,0.00022784802639359342,0.005362024236527521,0.5,0,0,0.2689881121246068,-0.00022784802639359342,-0.005362024236527521,-0.23063653400479064,-0.23139520681401693,0,0
79.6887422048836,297.9167592848756,22.033164800444176,0.2536959407292764,0.00033731807326136515,0.004289619389221998,0.5,0,0,0.24630405927072357,-0.00033731807326136515,-0.004289619389221998,-0.25339671828157917,-0.25400365652896023,0,0
72.05879380612686,184.22292190812155,19.529790810708228,0.27622851992409153,0.0003494000979946848,-0.0032172145419165875,0.5,0,0,0.22377148007590847,-0.0003494000979946848,0.0032172145419165875,-0.2764603716820582,-0.2760051679965225,0,0
77.49266392626436,209.13650375320472,22.546013685281594,0.29868491224804194,0.00022898722407743369,-0.007506833931138654,0.5,0,0,0.20131508775195806,-0.00022898722407743369,0.007506833931138654,-0.2992205559588468,-0.2981584140259301,0,0
72.05879380612686,302.6164596847404,18.993706680961672,0.3213690694541909,0.0001438437237320361,-4.423544863740858e-17,0.5,0,0,0.17863093054580909,-0.0001438437237320361,4.423544863740858e-17,-0.3213738019882543,-0.3213738019882544,0,0
72.59760196071355,258.2405371440609,25.25384320516452,0.34390149316732216,0.00022841770233599065,0.007506833931138541,0.5,0,0,0.15609850683267784,-0.00022841770233599065,-0.007506833931138541,-0.3433753134558166,-0.34443745538873344,0,0
66.34704544306035,54.514390532308475,28.004743143301148,0.3664333467840056,0.00040964612804782424,0.008579238778444064,0.5,0,0,0.13356665321599442,-0.00040964612804782424,-0.008579238778444064,-0.36583202860891467,-0.36704590510367674,0,0
69.97442321249366,54.67822383804812,25.918902602329858,0.3889655372752816,0.0005425476358929326,0.0032172145419165,0.5,0,0,0.1110344627247184,-0.0005425476358929326,-0.0032172145419165,-0.3887439474475485,-0.3891991511330843,0,0
66.5782896093539,49.820833293006025,26.770315400455452,0.4115739869902249,0.0005425476358929316,-0.0032172145419165875,0.5,0,0,0.0884260130097751,-0.0005425476358929316,0.0032172145419165875,-0.41180760084802753,-0.41135239716249183,0,0
64.3287418393918,55.84911445261101,1411.3480414449798,0.43349937586906195,0.0004367387946060199,-0.0064344290838331064,0.5,0,0,0.06650062413093805,-0.0004367387946060199,0.0064344290838331064,-0.4339608468774351,-0.43305043950636357,0,0
58.14195534124432,55.84911445261101,30.01017807866701,0.4527695654952254,0.0003747422464172978,-1.9081958235744878e-17,0.5,0,0,0.0472304345047746,-0.0003747422464172978,1.9081958235744878e-17,-0.45277593254624693,-0.452775932546247,0,0
61.599435781669065,49.40285364503735,245.3252030939217,0.4684740723275604,0.0004000046520844222,0.003217214541916512,0.5,0,0,0.03152592767243961,-0.0004000046520844222,-0.003217214541916512,-0.46825285785446313,-0.468708061539999,0,0
60.603559569501805,49.820833293006025,427.0195773074906,0.4803091980118045,0.0004634654910408103,0.007506833931138566,0.5,0,0,0.019690801988195505,-0.0004634654910408103,-0.007506833931138566,-0.4797846845547027,-0.48084682648761956,0,0
64.1112337943502,53.70767109186179,176.198566643824,0.48789564690152376,0.0005285530444410743,0.0096516436257496,0.5,0,0,0.01210435309847624,-0.0005285530444410743,-0.0096516436257496,-0.4872196780851203,-0.48858528914172766,0,0
59.827016433695995,49.12744338052328,62.005885601807684,0.4924475162353553,0.0005676055764812326,0.007506833931138579,0.5,0,0,0.00755248376464468,-0.0005676055764812326,-0.007506833931138579,-0.49192344950232325,-0.4929855914352401,0,0
56.53772243679344,57.06386143042885,162.1258003695371,0.49381312650670073,0.0005690700641171661,-0.005362024236527575,0.5,0,0,0.006186873493299272,-0.0005690700641171661,0.005362024236527575,-0.49419946793000213,-0.4934407951207759,0,0
56.53772243679344,57.06386143042885,118.0448484665879,0.49381312650670073,0.0005690700641171661,-0.005362024236527575,0.5,0,0,0.006186873493299272,-0.0005690700641171661,0.005362024236527575,-0.49419946793000213,-0.4934407951207759,0,0
54.18923313555184,41.07371114311431,95.7560002023429,0.49381312650670073,0.0005690700641171661,-0.005362024236527575,0.5,0,0,0.006186873493299272,-0.0005690700641171661,0.005362024236527575,-0.49419946793000213,-0.4934407951207759,0,0
56.36420238587991,27.546944329386996,123.02757911911826,0.49381312650670073,0.0005690700641171661,-0.005362024236527575,0.5,0,0,0.006186873493299272,-0.0005690700641171661,0.005362024236527575,-0.49419946793000213,-0.4934407951207759,0,0
56.887544214014945,21.90726008446299,93.09781934285294,0.49381312650670073,0.0005690700641171661,-0.005362024236527575,0.5,0,0,0.006186873493299272,-0.0005690700641171661,0.005362024236527575,-0.49419946793000213,-0.4934407951207759,0,0
56.19159937776923,19.313234243315314,116.69355260679126,0.49381312650670073,0.0005690700641171661,-0.005362024236527575,0.5,0,0,0.006186873493299272,-0.0005690700641171661,0.005362024236527575,-0.49419946793000213,-0.4934407951207759,0,0
56.19159937776923,18.474841460347584,86.65098914560704,0.49381312650670073,0.0005690700641171661,-0.005362024236527575,0.5,0,0,0.006186873493299272,-0.0005690700641171661,0.005362024236527575,-0.49419946793000213,-0.4934407951207759,0,0
56.0199058821893,19.206024670629454,87.02903054016306,0.49381312650670073,0.0005690700641171661,-0.005362024236527575,0.5,0,0,0.006186873493299272,-0.0005690700641171661,0.005362024236527575,-0.49419946793000213,-0.4934407951207759,0,0
57.41934790708907,20.009024843758404,155.91651753124995,0.49381312650670073,0.0005690700641171661,-0.005362024236527575,0.5,0,0,0.006186873493299272,-0.0005690700641171661,0.005362024236527575,-0.49419946793000213,-0.4934407951207759,0,0
47.919138344411984,21.09047995583375,80.01189902085736,0.49381312650670073,0.0005690700641171661,-0.005362024236527575,0.5,0,0,0.006186873493299272,-0.0005690700641171661,0.005362024236527575,-0.49419946793000213,-0.4934407951207759,0,0
54.027895775402335,20.89221469509625,101.5330368193872,0.49381312650670073,0.0005690700641171661,-0.005362024236527575,0.5,0,0,0.006186873493299272,-0.0005690700641171661,0.005362024236527575,-0.49419946793000213,-0.4934407951207759,0,0
56.36420238587991,21.494038780723614,78.419964244608,0.49381312650670073,0.0005690700641171661,-0.005362024236527575,0.5,0,0,0.006186873493299272,-0.0005690700641171661,0.005362024236527575,-0.49419946793000213,-0.4934407951207759,0,0
56.71216714571853,21.17043565318336,126.06628950603962,0.49381312650670073,0.0005690700641171661,-0.005362024236527575,0.5,0,0,0.006186873493299272,-0.0005690700641171661,0.005362024236527575,-0.49419946793000213,-0.4934407951207759,0,0
56.36420238587991,21.29107368585003,126.06628950603962,0.49381312650670073,0.0005690700641171661,-0.005362024236527575,0.5,0,0,0.006186873493299272,-0.0005690700641171661,0.005362024236527575,-0.49419946793000213,-0.4934407951207759,0,0
50.24476518910293,20.15931686442059,74.25900132173959,0.49381312650670073,0.0005690700641171661,-0.005362024236527575,0.5,0,0,0.006186873493299272,-0.0005690700641171661,0.005362024236527575,-0.49419946793000213,-0.4934407951207759,0,0
56.53772243679344,20.502503202851024,142.81538054950164,0.49381312650670073,0.0005690700641171661,-0.005362024236527575,0.5,0,0,0.006186873493299272,-0.0005690700641171661,0.005362024236527575,-0.49419946793000213,-0.4934407951207759,0,0
56.36420238587991,19.493498319736666,147.99350743133397,0.49381312650670073,0.0005690700641171661,-0.005362024236527575,0.5,0,0,0.006186873493299272,-0.0005690700641171661,0.005362024236527575,-0.49419946793000213,-0.4934407951207759,0,0
56.36420238587991,19.823053641380127,109.77294326259755,0.49381312650670073,0.0005690700641171661,-0.005362024236527575,0.5,0,0,0.006186873493299272,-0.0005690700641171661,0.005362024236527575,-0.49419946793000213,-0.4934407951207759,0,0
51.702600387636146,20.310976288776942,95.7560002023429,0.49381312650670073,0.0005690700641171661,-0.005362024236527575,0.5,0,0,0.006186873493299272,-0.0005690700641171661,0.005362024236527575,-0.49419946793000213,-0.4934407951207759,0,0
47.787928988589464,22.28772229885734,112.81620876492863,0.49381312650670073,0.0005690700641171661,-0.005362024236527575,0.5,0,0,0.006186873493299272,-0.0005690700641171661,0.005362024236527575,-0.49419946793000213,-0.4934407951207759,0,0
54.18923313555184,21.90726008446299,113.44477390085575,0.49381312650670073,0.0005690700641171661,-0.005362024236527575,0.5,0,0,0.006186873493299272,-0.0005690700641171661,0.005362024236527575,-0.49419946793000213,-0.4934407951207759,0,0
56.36420238587991,21.17043565318336,109.77294326259755,0.49381312650670073,0.0005690700641171661,-0.005362024236527575,0.5,0,0,0.006186873493299272,-0.0005690700641171661,0.005362024236527575,-0.49419946793000213,-0.4934407951207759,0,0
56.71216714571853,20.15931686442059,97.6101426547749,0.49381312650670073,0.0005690700641171661,-0.005362024236527575,0.5,0,0,0.006186873493299272,-0.0005690700641171661,0.005362024236527575,-0.49419946793000213,-0.4934407951207759,0,0
56.36420238587991,19.206024670629454,200.75362703878065,0.49381312650670073,0.0005690700641171661,-0.005362024236527575,0.5,0,0,0.006186873493299272,-0.0005690700641171661,0.005362024236527575,-0.49419946793000213,-0.4934407951207759,0,0
47.919138344411984,18.88858405722158,78.419964244608,0.49381312650670073,0.0005690700641171661,-0.005362024236527575,0.5,0,0,0.006186873493299272,-0.0005690700641171661,0.005362024236527575,-0.49419946793000213,-0.4934407951207759,0,0
56.53772243679344,19.170444672652238,86.65098914560704,0.49381312650670073,0.0005690700641171661,-0.005362024236527575,0.5,0,0,0.006186873493299272,-0.0005690700641171661,0.005362024236527575,-0.49419946793000213,-0.4934407951207759,0,0
54.18923313555184,17.775756517532926,130.08105893503551,0.49381312650670073,0.0005690700641171661,-0.005362024236527575,0.5,0,0,0.006186873493299272,-0.0005690700641171661,0.005362024236527575,-0.49419946793000213,-0.4934407951207759,0,0
56.53772243679344,21.130411066922797,96.67455639633857,0.49381312650670073,0.0005690700641171661,-0.005362024236527575,0.5,0,0,0.006186873493299272,-0.0005690700641171661,0.005362024236527575,-0.49419946793000213,-0.4934407951207759,0,0
56.53772243679344,37.18822146772475,112.81620876492863,0.49381312650670073,0.0005690700641171661,-0.005362024236527575,0.5,0,0,0.006186873493299272,-0.0005690700641171661,0.005362024236527575,-0.49419946793000213,-0.4934407951207759,0,0
56.36420238587991,40.76824443801301,109.18344276436585,0.49381312650670073,0.0005690700641171661,-0.005362024236527575,0.5,0,0,0.006186873493299272,-0.0005690700641171661,0.005362024236527575,-0.49419946793000213,-0.4934407951207759,0,0
56.19159937776923,43.9954973922686,88.5727896902875,0.49381312650670073,0.0005690700641171661,-0.005362024236527575,0.5,0,0,0.006186873493299272,-0.0005690700641171661,0.005362024236527575,-0.49419946793000213,-0.4934407951207759,0,0
56.19159937776923,40.56659194626288,145.87739303694283,0.49381312650670073,0.0005690700641171661,-0.005362024236527575,0.5,0,0,0.006186873493299272,-0.0005690700641171661,0.005362024236527575,-0.49419946793000213,-0.4934407951207759,0,0
56.71216714571853,22.720324710149534,106.32612268515561,0.49381312650670073,0.0005690700641171661,-0.005362024236527575,0.5,0,0,0.006186873493299272,-0.0005690700641171661,0.005362024236527575,-0.49419946793000213,-0.4934407951207759,0,0
56.36420238587991,20.618475673047115,108.6000844939372,0.49381312650670073,0.0005690700641171661,-0.005362024236527575,0.5,0,0,0.006186873493299272,-0.0005690700641171661,0.005362024236527575,-0.49419946793000213,-0.4934407951207759,0,0
57.06386143042885,18.238356668915443,102.56164513946942,0.49381312650670073,0.0005690700641171661,-0.005362024236527575,0.5,0,0,0.006186873493299272,-0.0005690700641171661,0.005362024236527575,-0.49419946793000213,-0.4934407951207759,0,0
56.36420238587991,19.277419187964682,87.41019065628254,0.49381312650670073,0.0005690700641171661,-0.005362024236527575,0.5,0,0,0.006186873493299272,-0.0005690700641171661,0.005362024236527575,-0.49419946793000213,-0.4934407951207759,0,0
56.53772243679344,23.849908233631425,116.02925942608664,0.49381312650670073,0.0005690700641171661,-0.005362024236527575,0.5,0,0,0.006186873493299272,-0.0005690700641171661,0.005362024236527575,-0.49419946793000213,-0.4934407951207759,0,0
54.18923313555184,24.22671386331148,85.53518482670935,0.49381312650670073,0.0005690700641171661,-0.005362024236527575,0.5,0,0,0.006186873493299272,-0.0005690700641171661,0.005362024236527575,-0.49419946793000213,-0.4934407951207759,0,0
56.53772243679344,24.75769029437472,112.81620876492863,0.49381312650670073,0.0005690700641171661,-0.005362024236527575,0.5,0,0,0.006186873493299272,-0.0005690700641171661,0.005362024236527575,-0.49419946793000213,-0.4934407951207759,0,0
56.887544214014945,21.09047995583375,130.91477695173097,0.49381312650670073,0.0005690700641171661,-0.005362024236527575,0.5,0,0,0.006186873493299272,-0.0005690700641171661,0.005362024236527575,-0.49419946793000213,-0.4934407951207759,0,0
56.36420238587991,26.60780897647566,91.40254728973653,0.49381312650670073,0.0005690700641171661,-0.005362024236527575,0.5,0,0,0.006186873493299272,-0.0005690700641171661,0.005362024236527575,-0.49419946793000213,-0.4934407951207759,0,0
56.36420238587991,42.118643758499466,171.72011046907937,0.49381312650670073,0.0005690700641171661,-0.005362024236527575,0.5,0,0,0.006186873493299272,-0.0005690700641171661,0.005362024236527575,-0.49419946793000213,-0.4934407951207759,0,0
56.19159937776923,59.445249703111536,102.04483787812359,0.49381312650670073,0.0005690700641171661,-0.005362024236527575,0.5,0,0,0.006186873493299272,-0.0005690700641171661,0.005362024236527575,-0.49419946793000213,-0.4934407951207759,0,0
56.36420238587991,239.3652489782259,107.45140018288424,0.49381312650670073,0.0005690700641171661,-0.005362024236527575,0.5,0,0,0.006186873493299272,-0.0005690700641171661,0.005362024236527575,-0.49419946793000213,-0.4934407951207759,0,0
56.887544214014945,187.6483042942066,105.77203060255431,0.49381312650670073,0.0005690700641171661,-0.005362024236527575,0.5,0,0,0.006186873493299272,-0.0005690700641171661,0.005362024236527575,-0.49419946793000213,-0.4934407951207759,0,0
54.18923313555184,230.97580043058096,81.32922784467303,0.49381312650670073,0.0005690700641171661,-0.005362024236527575,0.5,0,0,0.006186873493299272,-0.0005690700641171661,0.005362024236527575,-0.49419946793000213,-0.4934407951207759,0,0
56.36420238587991,191.20821604693444,149.07502982648927,0.49381312650670073,0.0005690700641171661,-0.005362024236527575,0.5,0,0,0.006186873493299272,-0.0005690700641171661,0.005362024236527575,-0.49419946793000213,-0.4934407951207759,0,0
56.53772243679344,218.28532251964043,82.34399565000513,0.49381312650670073,0.0005690700641171661,-0.005362024236527575,0.5,0,0,0.006186873493299272,-0.0005690700641171661,0.005362024236527575,-0.49419946793000213,-0.4934407951207759,0,0
56.36420238587991,194.9110753588243,93.53102222430564,0.49381312650670073,0.0005690700641171661,-0.005362024236527575,0.5,0,0,0.006186873493299272,-0.0005690700641171661,0.005362024236527575,-0.49419946793000213,-0.4934407951207759,0,0
56.53772243679344,187.6483042942066,126.06628950603962,0.49381312650670073,0.0005690700641171661,-0.005362024236527575,0.5,0,0,0.006186873493299272,-0.0005690700641171661,0.005362024236527575,-0.49419946793000213,-0.4934407951207759,0,0
56.36420238587991,174.67928447558052,120.84213728458607,0.49381312650670073,0.0005690700641171661,-0.005362024236527575,0.5,0,0,0.006186873493299272,-0.0005690700641171661,0.005362024236527575,-0.49419946793000213,-0.4934407951207759,0,0
47.65731322735808,211.34777997197892,128.44498763419128,0.49381312650670073,0.0005690700641171661,-0.005362024236527575,0.5,0,0,0.006186873493299272,-0.0005690700641171661,0.005362024236527575,-0.49419946793000213,-0.4934407951207759,0,0
53.867377246779164,168.8620920208621,75.99135610686974,0.49381312650670073,0.0005690700641171661,-0.005362024236527575,0.5,0,0,0.006186873493299272,-0.0005690700641171661,0.005362024236527575,-0.49419946793000213,-0.4934407951207759,0,0
56.19159937776923,144.84210166738234,141.82331249922515,0.49381312650670073,0.0005690700641171661,-0.005362024236527575,0.5,0,0,0.006186873493299272,-0.0005690700641171661,0.005362024236527575,-0.49419946793000213,-0.4934407951207759,0,0
56.36420238587991,211.34777997197892,102.04483787812359,0.49381312650670073,0.0005690700641171661,-0.005362024236527575,0.5,0,0,0.006186873493299272,-0.0005690700641171661,0.005362024236527575,-0.49419946793000213,-0.4934407951207759,0,0
56.36420238587991,390.5444991736698,99.53441397948464,0.49381312650670073,0.0005690700641171661,-0.005362024236527575,0.5,0,0,0.006186873493299272,-0.0005690700641171661,0.005362024236527575,-0.49419946793000213,-0.4934407951207759,0,0
46.3829042936969,153.56624101955603,74.828338960275,0.49381312650670073,0.0005690700641171661,-0.005362024236527575,0.5,0,0,0.006186873493299272,-0.0005690700641171661,0.005362024236527575,-0.49419946793000213,-0.4934407951207759,0,0
56.53772243679344,132.61463364415852,93.53102222430564,0.49381312650670073,0.0005690700641171661,-0.005362024236527575,0.5,0,0,0.006186873493299272,-0.0005690700641171661,0.005362024236527575,-0.49419946793000213,-0.4934407951207759,0,0
56.53772243679344,284.7075611688845,134.3591943699604,0.49381312650670073,0.0005690700641171661,-0.005362024236527575,0.5,0,0,0.006186873493299272,-0.0005690700641171661,0.005362024236527575,-0.49419946793000213,-0.4934407951207759,0,0
54.18923313555184,126.06628950603962,75.99135610686974,0.49381312650670073,0.0005690700641171661,-0.005362024236527575,0.5,0,0,0.006186873493299272,-0.0005690700641171661,0.005362024236527575,-0.49419946793000213,-0.4934407951207759,0,0
56.36420238587991,198.76603234393832,108.6000844939372,0.49381312650670073,0.0005690700641171661,-0.005362024236527575,0.5,0,0,0.006186873493299272,-0.0005690700641171661,0.005362024236527575,-0.49419946793000213,-0.4934407951207759,0,0
47.787928988589464,158.34116103748556,124.52854747504531,0.49381312650670073,0.0005690700641171661,-0.005362024236527575,0.5,0,0,0.006186873493299272,-0.0005690700641171661,0.005362024236527575,-0.49419946793000213,-0.4934407951207759,0,0
56.53772243679344,173.18670720903205,118.73212177360972,0.49381312650670073,0.0005690700641171661,-0.005362024236527575,0.5,0,0,0.006186873493299272,-0.0005690700641171661,0.005362024236527575,-0.49419946793000213,-0.4934407951207759,0,0
56.53772243679344,211.34777997197892,152.41788953728954,0.49381312650670073,0.0005690700641171661,-0.005362024236527575,0.5,0,0,0.006186873493299272,-0.0005690700641171661,0.005362024236527575,-0.49419946793000213,-0.4934407951207759,0,0
56.36420238587991,150.1726803268919,91.82083615681199,0.49381312650670073,0.0005690700641171661,-0.005362024236527575,0.5,0,0,0.006186873493299272,-0.0005690700641171661,0.005362024236527575,-0.49419946793000213,-0.4934407951207759,0,0
56.19159937776923,159.58252707905322,153.56624101955603,0.49381312650670073,0.0005690700641171661,-0.005362024236527575,0.5,0,0,0.006186873493299272,-0.0005690700641171661,0.005362024236527575,-0.49419946793000213,-0.4934407951207759,0,0
56.53772243679344,170.27879631253745,170.27879631253745,0.49381312650670073,0.0005690700641171661,-0.005362024236527575,0.5,0,0,0.006186873493299272,-0.0005690700641171661,0.005362024236527575,-0.49419946793000213,-0.4934407951207759,0,0
56.36420238587991,189.41093412341306,105.77203060255431,0.49381312650670073,0.0005690700641171661,-0.005362024236527575,0.5,0,0,0.006186873493299272,-0.0005690700641171661,0.005362024236527575,-0.49419946793000213,-0.4934407951207759,0,0
56.53772243679344,157.11931592309642,163.42873978461637,0.49381312650670073,0.0005690700641171661,-0.005362024236527575,0.5,0,0,0.006186873493299272,-0.0005690700641171661,0.005362024236527575,-0.49419946793000213,-0.4934407951207759,0,0
54.18923313555184,133.48121220361529,80.99613175561399,0.49381312650670073,0.0005690700641171661,-0.005362024236527575,0.5,0,0,0.006186873493299272,-0.0005690700641171661,0.005362024236527575,-0.49419946793000213,-0.4934407951207759,0,0
54.027895775402335,323.12240163650586,114.72272976706012,0.49381312650670073,0.0005690700641171661,-0.005362024236527575,0.5,0,0,0.006186873493299272,-0.0005690700641171661,0.005362024236527575,-0.49419946793000213,-0.4934407951207759,0,0
56.71216714571853,166.09994149545804,100.52415418066585,0.49381312650670073,0.0005690700641171661,-0.005362024236527575,0.5,0,0,0.006186873493299272,-0.0005690700641171661,0.005362024236527575,-0.49419946793000213,-0.4934407951207759,0,0
56.53772243679344,218.28532251964043,168.8620920208621,0.49381312650670073,0.0005690700641171661,-0.005362024236527575,-0.006186873493299272,0,0,-0.5,-0.0005690700641171661,0.005362024236527575,-0.49419946793000213,-0.4934407951207759,0,0
48.31637032889038,158.34116103748556,82.00312876373096,0.4888818106689,0.000592867900392769,-0.004289619389222065,-0.006186873493299272,0,0,-0.4950686841621993,-0.000592867900392769,0.004289619389222065,-0.48919222738910867,-0.48858528914172766,0,0
62.005885601807684,242.3065498311679,1411.3480414449798,0.46801831141444156,0.0006040549603310296,0.0032172145419164955,-0.006186873493299272,0,0,-0.47420518490774083,-0.0006040549603310296,-0.0032172145419164955,-0.46779765416892743,-0.46825285785446324,0,0
70.2289601667081,1019.267059271828,53.867377246779164,0.4460935781362865,0.00040419580771486335,0.015013667862277123,-0.006186873493299272,0,0,-0.45228045162958574,-0.00040419580771486335,-0.015013667862277123,-0.4450374698921389,-0.4471617537579725,0,0
80.01189902085736,851.4899528953961,147.99350743133397,0.42394493061637994,-4.716067933260989e-05,0.02573771633533225,-0.006186873493299272,0,0,-0.4301318041096792,4.716067933260989e-05,-0.02573771633533225,-0.4221255510535051,-0.4257671805377913,0,0
77.79950406996568,268.9169663380496,99.53441397948464,0.40195070597763766,-0.0006133668236084665,0.02573771633533225,-0.006186873493299272,0,0,-0.40813757947093693,0.0006133668236084665,-0.02573771633533225,-0.4001240395859428,-0.40376566907022904,0,0
79.6887422048836,239.3652489782259,25.71178945415557,0.37972865132984357,-0.001173514834360321,0.024665311488026725,-0.006186873493299272,0,0,-0.38591552482314284,0.001173514834360321,-0.024665311488026725,-0.37797079355653523,-0.38146068847897624,0,0
79.6887422048836,312.50933522689996,31.123690737050055,0.3575065966820495,-0.0017336628451121755,0.02573771633533225,-0.006186873493299272,0,0,-0.36369347017534875,0.0017336628451121755,-0.02573771633533225,-0.35566581296528244,-0.3593074424495687,0,0
77.18804967871625,317.7208243859324,27.099424286132248,0.33528395410718825,-0.0022699794992107874,0.02252050179341573,-0.006186873493299272,0,0,-0.3414708276004875,0.0022699794992107874,-0.02252050179341573,-0.3336643014977202,-0.33685072729647064,0,0
75.69750294678715,284.7075611688845,19.349128189198815,0.31305791167849406,-0.0026394609214530993,0.01072404847305508,-0.006186873493299272,0,0,-0.31924478517179333,0.0026394609214530993,-0.01072404847305508,-0.31226972827753896,-0.3137870738959916,0,0
75.69750294678715,284.7075611688845,22.330509274381335,0.29538114270722365,-0.002743723720536972,0.001072404847305473,-0.006186873493299272,0,0,-0.3015680162005229,0.002743723720536972,-0.001072404847305473,-0.2952754573508702,-0.2954271919127155,0,0
75.40573089722304,202.78305134967044,19.38510129674627,0.273152416060948,-0.002612612131989439,-0.012868858167666199,-0.006186873493299272,0,0,-0.27933928955424725,0.002612612131989439,0.012868858167666199,-0.2740326186925342,-0.2722118039503912,0,0
75.40573089722304,220.70517709223105,20.774355752373964,0.2506238015373597,-0.0021897660683883706,-0.024665311488026826,-0.006186873493299272,0,0,-0.25681067503065896,0.0021897660683883706,0.024665311488026826,-0.25233457634866246,-0.2488446814262216,0,0
80.66556470717478,209.13650375320472,22.37340035638271,0.22878067075200326,-0.0016508891590494,-0.024665311488026826,-0.006186873493299272,0,0,-0.23496754424530253,0.0016508891590494,0.024665311488026826,-0.23048479944294545,-0.22699490452050458,0,0
80.99613175561399,307.4777105974586,27.660416147404213,0.20678528229875623,-0.0011318577071689384,-0.022520501793415804,-0.006186873493299272,0,0,-0.2129721557920555,0.0011318577071689384,0.022520501793415804,-0.20833155341353793,-0.20514512761478756,0,0
82.68751571021457,239.3652489782259,28.06270908445,0.18478883121434136,-0.0006600033353359206,-0.020375692098804785,-0.006186873493299272,0,0,-0.19097570470764064,0.0006600033353359206,0.020375692098804785,-0.1861783073841304,-0.18329535070907055,0,0
85.53518482670935,202.78305134967044,28.831755768193197,0.16240999418255098,-0.00035999569872387113,-0.0064344290838331125,-0.006186873493299272,0,0,-0.16859686767585025,0.00035999569872387113,0.0064344290838331125,-0.16281118485996082,-0.1619007774888893,0,0
85.53518482670935,399.01729906632625,25.405269406077494,0.14025676089183642,-0.00038375294259567963,0.008579238778444059,-0.006186873493299272,0,0,-0.1464436343851357,0.00038375294259567963,-0.008579238778444059,-0.1395957968976365,-0.14080967339239858,0,0
90.16911060094986,346.8640580657511,26.824785427057037,0.11810601159958946,-0.0007163419253978067,0.021448096946110207,-0.006186873493299272,0,0,-0.12429288509288873,0.0007163419253978067,-0.021448096946110207,-0.11653214349715742,-0.1195668347340626,0,0
76.88563626605912,193.04122344313365,30.856404298200047,0.09603823280086468,-0.0013673344711351914,0.03753416965569292,-0.006186873493299272,0,0,-0.10222510629416395,0.0013673344711351914,-0.03753416965569292,-0.0933167555348331,-0.09862746519941713,0,0
131.75922954059277,52.766140948375714,37.452770077611675,0.07845321499065247,-0.0021221278224406864,0.048258218128748025,-0.006186873493299272,0,0,-0.08464008848395174,0.0021221278224406864,-0.048258218128748025,-0.074956873551557,-0.0817849288345936,0,0
129.25786434407527,37.0134486413167,50.38742144020711,0.05715877995687993,-0.0031391133272640624,0.04718581328144253,-0.006186873493299272,0,0,-0.0633456534501792,0.0031391133272640624,-0.04718581328144253,-0.05371403489322102,-0.06039035561441236,0,0
111.57932338755117,39.87305607130267,35.09054457381912,0.03904116015376472,-0.0038681097357849683,0.03324455026647086,-0.006186873493299272,0,0,-0.045228033647063993,0.0038681097357849683,-0.03324455026647086,-0.03656802940470698,-0.041271800821909975,0,0
78.419964244608,23.526447916444262,49.40285364503735,0.0256169155371792,-0.004206492663781823,0.017158477556888162,-0.006186873493299272,0,0,-0.03180378903047847,0.004206492663781823,-0.017158477556888162,-0.024277529895241158,-0.0267052828847653,0,0
92.66842176880655,25.203635736394993,51.25784283159802,0.016057989936132923,-0.004288502981066155,-5.204170427930421e-17,-0.006186873493299272,0,0,-0.022244863429432195,0.004288502981066155,5.204170427930421e-17,-0.015932128993752022,-0.01593212899375205,0,0
94.8539958627646,24.855878172379555,73.14379906825155,0.00930602033382711,-0.004234195473024561,-0.016086072709582747,-0.006186873493299272,0,0,-0.015492893827126382,0.004234195473024561,0.016086072709582747,-0.010317950205477513,-0.008041931777798685,0,0
95.30295822324965,23.99030640367822,131.75922954059277,0.005210327311498352,-0.004137548237157165,-0.031099740571859928,-0.006186873493299272,0,0,-0.011397200804797624,0.004137548237157165,0.031099740571859928,-0.007283258968572372,-0.002882956675059946,0,0
115.37236097408694,24.08450540165466,48.18335473866846,0.004452158759090169,-0.00410989181659008,-0.04182378904491506,-0.006186873493299272,0,0,-0.01063903225238944,0.00410989181659008,0.04182378904491506,-0.007283258968572372,-0.001365611056607376,0,0
101.5330368193872,24.17918906549187,65.21205562750623,0.004452158759090169,-0.00410989181659008,-0.04182378904491506,-0.006186873493299272,0,0,-0.01063903225238944,0.00410989181659008,0.04182378904491506,-0.007283258968572372,-0.001365611056607376,0,0
107.45140018288424,23.896588216502984,63.254114597104426,0.004452158759090169,-0.00410989181659008,-0.04182378904491506,-0.006186873493299272,0,0,-0.01063903225238944,0.00410989181659008,0.04182378904491506,-0.007283258968572372,-0.001365611056607376,0,0
107.45140018288424,22.89635959460729,60.40777364647001,0.004527961385056194,-0.004113023303656622,-0.04075138419760954,-0.006186873493299272,0,0,-0.010714834878355466,0.004113023303656622,0.04075138419760954,-0.007283258968572372,-0.001517345618452633,0,0
110.97077873540402,40.46635602354186,47.397845831374006,0.004527961385056194,-0.004113023303656622,-0.04075138419760954,-0.006186873493299272,0,0,-0.010714834878355466,0.004113023303656622,0.04075138419760954,-0.007283258968572372,-0.001517345618452633,0,0
130.08105893503551,38.172601280949785,58.14195534124432,0.004527961385056194,-0.004113023303656622,-0.04075138419760954,-0.006186873493299272,0,0,-0.010714834878355466,0.004113023303656622,0.04075138419760954,-0.007283258968572372,-0.001517345618452633,0,0
110.97077873540402,77.79950406996568,50.53075884371071,0.004527961385056194,-0.004113023303656622,-0.04075138419760954,-0.006186873493299272,0,0,-0.010714834878355466,0.004113023303656622,0.04075138419760954,-0.007283258968572372,-0.001517345618452633,0,0
116.69355260679126,187.6483042942066,60.603559569501805,0.004527961385056194,-0.004113023303656622,-0.04075138419760954,-0.006186873493299272,0,0,-0.010714834878355466,0.004113023303656622,0.04075138419760954,-0.007283258968572372,-0.001517345618452633,0,0
116.02925942608664,648.3999468665874,53.70767109186179,0.004527961385056194,-0.004113023303656622,-0.04075138419760954,-0.006186873493299272,0,0,-0.010714834878355466,0.004113023303656622,0.04075138419760954,-0.007283258968572372,-0.001517345618452633,0,0
86.65098914560704,459.67991945810627,50.24476518910293,0.004527961385056194,-0.004113023303656622,-0.04075138419760954,-0.006186873493299272,0,0,-0.010714834878355466,0.004113023303656622,0.04075138419760954,-0.007283258968572372,-0.001517345618452633,0,0
102.04483787812359,170.27879631253745,51.11102239631034,0.004527961385056194,-0.004113023303656622,-0.04075138419760954,-0.006186873493299272,0,0,-0.010714834878355466,0.004113023303656622,0.04075138419760954,-0.007283258968572372,-0.001517345618452633,0,0
110.97077873540402,390.5444991736698,52.153917529280825,0.004527961385056194,-0.004113023303656622,-0.04075138419760954,-0.006186873493299272,0,0,-0.010714834878355466,0.004113023303656622,0.04075138419760954,-0.007283258968572372,-0.001517345618452633,0,0
88.96683466233691,280.5772654118684,60.800461875318895,0.004527961385056194,-0.004113023303656622,-0.04075138419760954,-0.006186873493299272,0,0,-0.010714834878355466,0.004113023303656622,0.04075138419760954,-0.007283258968572372,-0.001517345618452633,0,0
111.57932338755117,223.1819809443389,51.405375698086,0.004527961385056194,-0.004113023303656622,-0.04075138419760954,-0.006186873493299272,0,0,-0.010714834878355466,0.004113023303656622,0.04075138419760954,-0.007283258968572372,-0.001517345618452633,0,0
98.08447665807216,284.7075611688845,53.23336332033228,0.004527961385056194,-0.004113023303656622,-0.04075138419760954,-0.006186873493299272,0,0,-0.010714834878355466,0.004113023303656622,0.04075138419760954,-0.007283258968572372,-0.001517345618452633,0,0
97.6101426547749,176.198566643824,49.40285364503735,0.004527961385056194,-0.004113023303656622,-0.04075138419760954,-0.006186873493299272,0,0,-0.010714834878355466,0.004113023303656622,0.04075138419760954,-0.007283258968572372,-0.001517345618452633,0,0
110.36868736531008,317.7208243859324,63.043003529206196,0.004527961385056194,-0.004113023303656622,-0.04075138419760954,-0.006186873493299272,0,0,-0.010714834878355466,0.004113023303656622,0.04075138419760954,-0.007283258968572372,-0.001517345618452633,0,0
104.68049512451793,236.49825525583836,52.92110467639207,0.004527961385056194,-0.004113023303656622,-0.04075138419760954,-0.006186873493299272,0,0,-0.010714834878355466,0.004113023303656622,0.04075138419760954,-0.007283258968572372,-0.001517345618452633,0,0
108.02276929750369,242.3065498311679,61.397967211159504,0.004527961385056194,-0.004113023303656622,-0.04075138419760954,-0.006186873493299272,0,0,-0.010714834878355466,0.004113023303656622,0.04075138419760954,-0.007283258968572372,-0.001517345618452633,0,0
115.37236097408694,209.13650375320472,61.397967211159504,0.004527961385056194,-0.004113023303656622,-0.04075138419760954,0.5045279613850562,0,0,0.5,0.004113023303656622,0.04075138419760954,-0.007283258968572372,-0.001517345618452633,0,0
111.57932338755117,528.3325926770696,64.98920973082122,0.009835544268845153,-0.004295234920235614,-0.027882526029943393,0.5045279613850562,0,0,0.49469241711621104,0.004295234920235614,0.027882526029943393,-0.011683561262084826,-0.00773846265410817,0,0
99.53441397948464,1284.2268420173286,53.07684344785989,0.03123010518659004,-0.004318178559865239,0.02573771633533225,0.5045279613850562,0,0,0.47329785619846615,0.004318178559865239,-0.02573771633533225,-0.029284770436134644,-0.03292639992042084,0,0
198.76603234393832,153.56624101955603,46.75927786047718,0.053887423046069555,-0.003211749627017621,0.07185112476946931,0.5045279613850562,0,0,0.45064053833898665,0.003211749627017621,-0.07185112476946931,-0.04870679435232754,-0.05887300999595979,0,0
1019.267059271828,218.28532251964043,32.227138405664235,0.07633609416374483,-0.001268958800297236,0.10080605564671816,0.5045279613850562,0,0,0.42819186722131136,0.001268958800297236,-0.10080605564671816,-0.06919096020143724,-0.08345400901489143,0,0
261.6981137825328,184.22292190812155,26.989108340162986,0.09429288132092326,0.0006252007356446639,0.10938529442516226,0.5045279613850562,0,0,0.4102350800641329,-0.0006252007356446639,-0.10938529442516226,-0.0866404348136418,-0.10211736012185804,0,0
648.3999468665874,242.3065498311679,26.500217937724948,0.1170117671903219,0.002935498465306739,0.09329922171557957,0.5045279613850562,0,0,0.38751619419473426,-0.002935498465306739,-0.09329922171557957,-0.1106144955851924,-0.12381540246572979,0,0
176.198566643824,1019.267059271828,28.355061199586004,0.1395547133011429,0.004655259831816501,0.05898226660180316,0.5045279613850562,0,0,0.3649732480839133,-0.004655259831816501,-0.05898226660180316,-0.1356506982896598,-0.14399609919114897,0,0
104.1428794944386,407.8990969411948,31.668418679204336,0.15767233310425813,0.005384256240337407,0.021448096946110225,0.5045279613850562,0,0,0.3468556282807981,-0.005384256240337407,-0.021448096946110225,-0.15643833326246,-0.15947302449936518,0,0
79.6887422048836,147.99350743133397,26.770315400455452,0.18043251738104668,0.005384256240337406,-0.021448096946110287,0.5045279613850562,0,0,0.32409544400400947,-0.005384256240337406,0.021448096946110287,-0.1822332087761537,-0.1791985175392486,0,0
87.02903054016306,280.5772654118684,28.711534351575374,0.20302016956830202,0.004414737194263966,-0.06434429083833082,0.5045279613850562,0,0,0.30150779181675413,-0.004414737194263966,0.06434429083833082,-0.20787634972800215,-0.19877227601728675,0,0
87.02903054016306,734.7683303247097,28.532517899129083,0.22533340582639322,0.002676393393957716,-0.09115441202096863,0.5045279613850562,0,0,0.27919455555866296,-0.002676393393957716,0.09115441202096863,-0.23215387962324327,-0.21925644186639645,0,0
85.16922919230018,206.97300472647143,30.790100524402142,0.24783190897677343,0.0004494325713450963,-0.10616807988324581,0.5045279613850562,0,0,0.25669605240828275,-0.0004494325713450963,0.10616807988324581,-0.25582447127110336,-0.24080274964842296,0,0
79.36799805452281,139.88023555455067,23.572306256804332,0.27046134163991165,-0.0019867048750782496,-0.10831288957785683,0.5045279613850562,0,0,0.23406661974514453,0.0019867048750782496,0.10831288957785683,-0.27873639010973716,-0.26341119936336627,0,0
76.58539900875073,437.33222201576723,19.97166324722388,0.29271995957039176,-0.0043225728727114025,-0.10080605564671824,0.5045279613850562,0,0,0.21180800181466442,0.0043225728727114025,0.10080605564671824,-0.30058616701545415,-0.28632311820200007,0,0
72.05879380612686,147.99350743133397,21.865492873548824,0.31509613165393197,-0.006222830317159399,-0.06863391022755286,0.5045279613850562,0,0,0.1894318297311242,0.006222830317159399,0.06863391022755286,-0.3207668637408733,-0.31105585178277695,0,0
56.71216714571853,220.70517709223105,20.579729421340247,0.3377579872014006,-0.0072320580984834675,-0.020375692098804757,0.5045279613850562,0,0,0.16676997418365558,0.0072320580984834675,0.020375692098804757,-0.340037153095221,-0.33715419642016115,0,0
83.73432085224402,284.7075611688845,30.461639058159932,0.36036560489276404,-0.00703809718935068,0.03753416965569295,0.5045279613850562,0,0,0.14416235649229214,0.00703809718935068,-0.03753416965569295,-0.3585487696403423,-0.3638594793049264,0,0
108.02276929750369,346.8640580657511,23.344165399617317,0.3829256971885742,-0.005560181725717768,0.09329922171557958,0.5045279613850562,0,0,0.12160226419648196,0.005560181725717768,-0.09329922171557958,-0.3772121207473089,-0.39041302762784635,0,0
769.566351540633,602.1580731583105,41.80075928277381,0.4053882310962282,-0.0029956995244508075,0.13405060591318907,0.5045279613850562,0,0,0.099139730288828,0.0029956995244508075,-0.13405060591318907,-0.39693761378719233,-0.41590443401784954,0,0
225.71785045590883,1411.3480414449798,245.3252030939217,0.42769372279267776,0.00019527388903232273,0.1501366786227718,0.5045279613850562,0,0,0.07683423859237842,-0.00019527388903232273,-0.1501366786227718,-0.41833218700737357,-0.43957502566570966,0,0
346.8640580657511,1019.267059271828,72.86976705815192,0.449084650605418,0.0033491067576151014,0.14262984469163323,0.5045279613850562,0,0,0.055443310779638155,-0.0033491067576151014,-0.14262984469163323,-0.4404854330367811,-0.4606661297622004,0,0
1284.2268420173286,399.01729906632625,44.45675008456414,0.4667623325694378,0.005665583101627811,0.11796453320360642,0.5045279613850562,0,0,0.0377656288156184,-0.005665583101627811,-0.11796453320360642,-0.4600591915148193,-0.47674999331779766,0,0
113.44477390085575,734.7683303247097,51.25784283159802,0.4802855301388069,0.006909019945091558,0.0654166956856363,0.5045279613850562,0,0,0.024242431246249252,-0.006909019945091558,-0.0654166956856363,-0.47735693156517855,-0.48661273983773934,0,0
73.6975442509615,258.2405371440609,92.66842176880655,0.490067512270966,0.007218585455547096,-0.002144809694611019,0.5045279613850562,0,0,0.014460449114090168,-0.007218585455547096,0.002144809694611019,-0.49192344950232325,-0.4916199803786328,0,0
54.027895775402335,154.7323071690459,624.3377665398167,0.49552542145191003,0.0069960448987551336,-0.07935795870060794,0.5045279613850562,0,0,0.009002539933146148,-0.0069960448987551336,0.07935795870060794,-0.5028483379551818,-0.4916199803786328,0,0
53.548770921812995,1411.3480414449798,145.87739303694283,0.4989964515960432,0.006633668977649176,-0.12868858167666153,0.5045279613850562,0,0,0.005531509789012956,-0.006633668977649176,0.12868858167666153,-0.5098281278000636,-0.4916199803786328,0,0
52.30584039894111,1411.3480414449798,69.7215507122142,0.500799053575638,0.006376779062770418,-0.15442629801199384,0.5045279613850562,0,0,0.003728907809418147,-0.006376779062770418,0.15442629801199384,-0.5134697572843497,-0.4916199803786328,0,0
53.548770921812995,1411.3480414449798,65.43626790658098,0.500799053575638,0.006376779062770418,-0.15442629801199384,0.5045279613850562,0,0,0.003728907809418147,-0.006376779062770418,0.15442629801199384,-0.5134697572843497,-0.4916199803786328,0,0
52.30584039894111,1411.3480414449798,80.01189902085736,0.500799053575638,0.006376779062770418,-0.15442629801199384,0.5045279613850562,0,0,0.003728907809418147,-0.006376779062770418,0.15442629801199384,-0.5134697572843497,-0.4916199803786328,0,0
51.852303182374264,1411.3480414449798,63.254114597104426,0.500799053575638,0.006376779062770418,-0.15442629801199384,0.5045279613850562,0,0,0.003728907809418147,-0.006376779062770418,0.15442629801199384,-0.5134697572843497,-0.4916199803786328,0,0
53.548770921812995,1776.501489545449,69.22073170815571,0.5007240828738078,0.0063884082579995114,-0.15335389316468834,0.5045279613850562,0,0,0.0038038785112484153,-0.0063884082579995114,0.15335389316468834,-0.5133180227225045,-0.4916199803786328,0,0
50.38742144020711,648.3999468665874,64.54756552171673,0.5006490997438847,0.006399957047612877,-0.15228148831738283,0.5045279613850562,0,0,0.0038788616411714605,-0.006399957047612877,0.15228148831738283,-0.5131662881606592,-0.4916199803786328,0,0
52.153917529280825,1411.3480414449798,64.767717284378,0.5006490997438847,0.006399957047612877,-0.15228148831738283,0.5045279613850562,0,0,0.0038788616411714605,-0.006399957047612877,0.15228148831738283,-0.5131662881606592,-0.4916199803786328,0,0
53.07684344785989,1411.3480414449798,57.2411266723497,0.5006490997438847,0.006399957047612877,-0.15228148831738283,0.5045279613850562,0,0,0.0038788616411714605,-0.006399957047612877,0.15228148831738283,-0.5131662881606592,-0.4916199803786328,0,0
53.548770921812995,1180.1265773010464,62.624502623767405,0.500123875885229,0.0064785462944209555,-0.14477465438624423,0.5045279613850562,0,0,0.004404085499827182,-0.0064785462944209555,0.14477465438624423,-0.5121041462277425,-0.4916199803786328,0,0
52.45851470980181,1411.3480414449798,131.75922954059277,0.49899648795411666,0.006633663745295032,-0.12868858167666153,0.5045279613850562,0,0,0.005531473430939515,-0.006633663745295032,0.12868858167666153,-0.5098281278000636,-0.4916199803786328,0,0
45.64490144276858,512.8513118946122,76.88563626605912,0.49899648795411666,0.006633663745295032,-0.12868858167666153,0.5045279613850562,0,0,0.005531473430939515,-0.006633663745295032,0.12868858167666153,-0.5098281278000636,-0.4916199803786328,0,0
53.39067041585029,1411.3480414449798,111.57932338755117,0.49899648795411666,0.006633663745295032,-0.12868858167666153,0.5045279613850562,0,0,0.005531473430939515,-0.006633663745295032,0.12868858167666153,-0.5098281278000636,-0.4916199803786328,0,0
52.30584039894111,1411.3480414449798,100.52415418066585,0.49899648795411666,0.006633663745295032,-0.12868858167666153,0.5045279613850562,0,0,0.005531473430939515,-0.006633663745295032,0.12868858167666153,-0.5098281278000636,-0.4916199803786328,0,0
53.548770921812995,1411.3480414449798,110.36868736531008,0.49899648795411666,0.006633663745295032,-0.12868858167666153,0.5045279613850562,0,0,0.005531473430939515,-0.006633663745295032,0.12868858167666153,-0.5098281278000636,-0.4916199803786328,0,0
53.39067041585029,1411.3480414449798,112.19442975602797,0.49899648795411666,0.006633663745295032,-0.12868858167666153,-0.0010035120458833369,0,0,-0.5,-0.006633663745295032,0.12868858167666153,-0.5098281278000636,-0.4916199803786328,0,0
52.611946269889565,1411.3480414449798,211.34777997197892,0.4941741164784288,0.007199942530916791,-0.10509567503594024,-0.0010035120458833369,0,0,-0.49517762852431213,-0.007199942530916791,0.10509567503594024,-0.5033035416407176,-0.4884335545798824,0,0
75.99135610686974,265.2554052777127,245.3252030939217,0.4722661996453732,0.008081448648333284,0.024665311488026823,-0.0010035120458833369,0,0,-0.47326971169125653,-0.008081448648333284,-0.024665311488026823,-0.4721979564624399,-0.47568785138488084,0,0
544.8761250677193,1411.3480414449798,46.50780728590231,0.4493795440142387,0.005927544123910148,0.163005536790438,-0.0010035120458833369,0,0,-0.450383056060122,-0.005927544123910148,-0.163005536790438,-0.43942329110386436,-0.46248694450434347,0,0
1284.2268420173286,1411.3480414449798,43.76776822876407,0.4276776777700303,0.001114802692876793,0.27346323606290585,-0.0010035120458833369,0,0,-0.42868118981591363,-0.001114802692876793,-0.27346323606290585,-0.40937984785850345,-0.448072161129044,0,0
624.3377665398167,209.13650375320472,42.118643758499466,0.4066951952072679,-0.005246745743038502,0.31528702510782086,-0.0010035120458833369,0,0,-0.4076987072531512,0.005246745743038502,-0.31528702510782086,-0.3844953797158813,-0.4291053408983869,0,0
399.01729906632625,448.2028325964311,133.48121220361529,0.3859338925857724,-0.011809630307572448,0.2970561427036271,-0.0010035120458833369,0,0,-0.3869374046316557,0.011809630307572448,-0.2970561427036271,-0.3640112138667716,-0.40604168749790787,0,0
624.3377665398167,1180.1265773010464,45.52376917564831,0.3645286065036822,-0.01751752285941119,0.22413261308685228,-0.0010035120458833369,0,0,-0.3655321185495655,0.01751752285941119,-0.22413261308685228,-0.3470169429401028,-0.3787294663657616,0,0
317.7208243859324,437.33222201576723,24.954583122703667,0.34269662787917465,-0.02127664762170707,0.11689212835630101,-0.0010035120458833369,0,0,-0.343700139925058,0.02127664762170707,-0.11689212835630101,-0.3324504250029581,-0.3489894922440912,0,0
74.25900132173959,437.33222201576723,19.313234243315314,0.3199691550125582,-0.02249646949828765,-0.009651643625749481,-0.0010035120458833369,0,0,-0.3209726670584415,0.02249646949828765,0.009651643625749481,-0.31864257987503974,-0.3172769688184325,0,0
76.28731360165042,302.6164596847404,20.121616418144527,0.2974938466069348,-0.02089092186023686,-0.13297820106588346,-0.0010035120458833369,0,0,-0.2984973586528181,0.02089092186023686,0.13297820106588346,-0.30483473474712136,-0.2860196490783095,0,0
104.68049512451793,581.6409617069837,27.6035995904869,0.2753682539326923,-0.016627657857216968,-0.24772551972757334,-0.0010035120458833369,0,0,-0.27637176597857566,0.016627657857216968,0.24772551972757334,-0.29041995137182197,-0.2553692675855676,0,0
113.44477390085575,1284.2268420173286,29.443633183885872,0.25416647259650577,-0.010471756576609485,-0.31743183480243164,-0.0010035120458833369,0,0,-0.2551699846423891,0.010471756576609485,0.31743183480243164,-0.27327394588330794,-0.22836051557711184,0,0
83.03372126641216,851.4899528953961,32.583694610362,0.23343748788226026,-0.0033273135811268317,-0.34638676567968046,-0.0010035120458833369,0,0,-0.2344409999281436,0.0033273135811268317,0.34638676567968046,-0.2533967182815793,-0.20438645480556122,0,0
72.05879380612686,213.60849807698625,35.25166339646849,0.21267161576104388,0.003942147327534997,-0.32708347842818125,-0.0010035120458833369,0,0,-0.2136751278069272,-0.003942147327534997,0.32708347842818125,-0.2300295957574097,-0.18375055439460627,0,0
116.02925942608664,1411.3480414449798,31.945994776763527,0.19085192106875457,0.010417246697324942,-0.24987032942218435,-0.0010035120458833369,0,0,-0.1918554331146379,-0.010417246697324942,0.24987032942218435,-0.2018069672541919,-0.16645281434424697,0,0
92.2427776670329,390.5444991736698,26.71599641697457,0.16817048491873288,0.014598701270786078,-0.11474731866168972,-0.0010035120458833369,0,0,-0.1691739969646162,-0.014598701270786078,0.11474731866168972,-0.16918403645746163,-0.1529484383400191,0,0
104.68049512451793,390.5444991736698,30.13818450719404,0.14474852465444332,0.015591449164109546,0.030027335724554516,-0.0010035120458833369,0,0,-0.14575203670032666,-0.015591449164109546,-0.030027335724554516,-0.13549896372781456,-0.13974753145948174,0,0
648.3999468665874,1284.2268420173286,28.120842178481034,0.12142078137715734,0.013269776364015683,0.16836756102696568,-0.0010035120458833369,0,0,-0.12242429342304068,-0.013269776364015683,-0.16836756102696568,-0.10226909468370327,-0.1260914208934086,0,0
512.8513118946122,437.33222201576723,24.466187237839733,0.10337219108578063,0.009155370500755065,0.279897665146739,-0.0010035120458833369,0,0,-0.10437570313166397,-0.009155370500755065,-0.279897665146739,-0.07586728092262854,-0.11547000156424062,0,0
254.878386734463,25.609067445845334,26.934181235571288,0.08221677022710865,0.0016219633194161148,0.40429662743417855,-0.0010035120458833369,0,0,-0.08322028227299198,-0.0016219633194161148,-0.40429662743417855,-0.04460996118250559,-0.10181389099816748,0,0
1284.2268420173286,30.658107400064964,23.849908233631425,0.06293665372056934,-0.0072962933352425955,0.46220648918867624,-0.0010035120458833369,0,0,-0.06394016576645267,0.0072962933352425955,-0.46220648918867624,-0.01927028935434767,-0.08466788550965344,0,0
1284.2268420173286,39.77550372711136,26.934181235571288,0.050395465353445745,-0.013427236122056523,0.44719282132639904,-0.0010035120458833369,0,0,-0.05139897739932908,0.013427236122056523,-0.44719282132639904,-0.006372851597500822,-0.06964616388697299,0,0
1284.2268420173286,28.892132026161015,30.26697313093551,0.03702165511825816,-0.01900578039756965,0.3431695511377643,-0.0010035120458833369,0,0,-0.0380251671641415,0.01900578039756965,-0.3431695511377643,0.0007586728092262591,-0.04779638698125598,0,0
602.1580731583105,25.81506627835381,28.004743143301148,0.02880683740191938,-0.0214579520759733,0.23700147125451854,-0.0010035120458833369,0,0,-0.02981034944780272,0.0214579520759733,-0.23700147125451854,0.0018208147421430582,-0.03171252342565874,0,0
236.49825525583836,26.500217937724948,30.331663097801872,0.021045869108611656,-0.022880127612575716,0.12547136713474522,-0.0010035120458833369,0,0,-0.022049381154494993,0.022880127612575716,-0.12547136713474522,0.0018208147421430582,-0.015932128993752008,0,0
106.32612268515561,220.70517709223105,51.25784283159802,0.01431407918667906,-0.02340457709809184,0.030027335724554585,-0.0010035120458833369,0,0,-0.015317591232562397,0.02340457709809184,-0.030027335724554585,0.0018208147421430582,-0.0024277529895241345,0,0
101.02616679983112,334.5408252723781,48.719098859537986,0.009458617880243311,-0.02338374888937584,-0.038606574502998245,-0.0010035120458833369,0,0,-0.010462129926126648,0.02338374888937584,0.038606574502998245,0.0018208147421430582,0.007283258968572315,0,0
145.87739303694283,1411.3480414449798,39.67832560006777,0.0046160165857215465,-0.023029981995971182,-0.10724048473055107,-0.0010035120458833369,0,0,-0.005619528631604883,0.023029981995971182,0.10724048473055107,0.0018208147421430582,0.016994270926668765,0,0
121.56203207857888,1411.3480414449798,30.01017807866701,0.0008566840835616055,-0.022523000808266493,-0.16086072709582672,-0.0010035120458833369,0,0,-0.0018601961294449423,0.022523000808266493,0.16086072709582672,0.0018208147421430582,0.024580999018931616,0,0
68.72637072202204,703.2691653992177,24.32213184643946,-0.0022014142718977947,-0.021954134619108272,-0.20697413552996377,-0.0010035120458833369,0,0,0.0011979022260144578,0.021954134619108272,0.20697413552996377,0.001669080180297801,0.03095385061643241,0,0
43.20669553443567,1019.267059271828,26.500217937724948,-0.0041998077841853085,-0.02150420809690104,-0.23592906640721262,-0.0010035120458833369,0,0,0.0031962957383019717,0.02150420809690104,0.23592906640721262,0.001669080180297801,0.03505068378625435,0,0
41.80075928277381,648.3999468665874,25.15356131134849,-0.004126032711150572,-0.021521902246027583,-0.23485666155990712,-0.0010035120458833369,0,0,0.0031225206652672356,0.021521902246027583,0.23485666155990712,0.001669080180297801,0.034898949224409094,0,0
42.76612439598537,1411.3480414449798,26.824785427057037,-0.004126032711150572,-0.021521902246027583,-0.23271185186529608,-0.0010035120458833369,0,0,0.0031225206652672356,0.021521902246027583,0.23271185186529608,0.0018208147421430582,0.034747214662563836,0,0
41.176340005486864,280.5772654118684,24.70878894042906,-0.00405220109414315,-0.02153935895375448,-0.23163944701799058,-0.0010035120458833369,0,0,0.003048689048259813,0.02153935895375448,0.23163944701799058,0.0018208147421430582,0.03459548010071858,0,0
37.0134486413167,648.3999468665874,25.86691420803121,-0.003978350798936433,-0.02155673647407453,-0.23056704217068508,-0.0010035120458833369,0,0,0.002974838753053096,0.02155673647407453,0.23056704217068508,0.0018208147421430582,0.03444374553887332,0,0
42.65710812266905,1411.3480414449798,27.154814473847836,-0.003978350798936433,-0.02155673647407453,-0.23056704217068508,-0.0010035120458833369,0,0,0.002974838753053096,0.02155673647407453,0.23056704217068508,0.0018208147421430582,0.03444374553887332,0,0
41.279376340133794,1570.544100534677,25.30418426932561,-0.003978350798936433,-0.02155673647407453,-0.23056704217068508,-0.0010035120458833369,0,0,0.002974838753053096,0.02155673647407453,0.23056704217068508,0.0018208147421430582,0.03444374553887332,0,0
43.20669553443567,851.4899528953961,26.989108340162986,-0.003978350798936433,-0.02155673647407453,-0.23056704217068508,-0.0010035120458833369,0,0,0.002974838753053096,0.02155673647407453,0.23056704217068508,0.0018208147421430582,0.03444374553887332,0,0
35.82448132093792,206.97300472647143,24.32213184643946,-0.003978350798936433,-0.02155673647407453,-0.23056704217068508,-0.0010035120458833369,0,0,0.002974838753053096,0.02155673647407453,0.23056704217068508,0.0018208147421430582,0.03444374553887332,0,0
42.65710812266905,581.6409617069837,25.354659483658537,-0.003978350798936433,-0.02155673647407453,-0.23056704217068508,-0.0010035120458833369,0,0,0.002974838753053096,0.02155673647407453,0.23056704217068508,0.0018208147421430582,0.03444374553887332,0,0
41.176340005486864,173.18670720903205,25.30418426932561,-0.003978350798936433,-0.02155673647407453,-0.23056704217068508,-0.0010035120458833369,0,0,0.002974838753053096,0.02155673647407453,0.23056704217068508,0.0018208147421430582,0.03444374553887332,0,0
43.09587104878454,703.2691653992177,26.446644470518727,-0.003978350798936433,-0.02155673647407453,-0.23056704217068508,-0.0010035120458833369,0,0,0.002974838753053096,0.02155673647407453,0.23056704217068508,0.0018208147421430582,0.03444374553887332,0,0
43.09587104878454,1411.3480414449798,26.989108340162986,-0.003978350798936433,-0.02155673647407453,-0.23056704217068508,0.49602164920106356,0,0,0.5,0.02155673647407453,0.23056704217068508,0.0018208147421430582,0.03444374553887332,0,0
49.96147607113843,1284.2268420173286,25.763358222779125,0.0009118617548599956,-0.02263297019081967,-0.20268451614074173,0.49602164920106356,0,0,0.49510978744620354,0.02263297019081967,0.20268451614074173,-0.0012138764947620822,0.027463955693991494,0,0
158.34116103748556,1180.1265773010464,38.35590662765991,0.017723048900331648,-0.025120786721223094,-0.0911544120209684,0.49602164920106356,0,0,0.4782986003007319,0.025120786721223094,0.0911544120209684,-0.010317950205477504,0.0025794875513693444,0,0
100.02692680886574,288.9697116820819,25.86691420803121,0.04093411177402609,-0.025568892193893102,0.052547837517970306,0.49602164920106356,0,0,0.45508753742703745,0.025568892193893102,-0.052547837517970306,-0.023367122524169608,-0.0308021160545872,0,0
1093.1463157010076,158.34116103748556,26.661827824936275,0.06427743032371434,-0.02270077125499068,0.19196046766768698,0.49602164920106356,0,0,0.4317442188773492,0.02270077125499068,-0.19196046766768698,-0.03702323309024274,-0.06418371966054374,0,0
1180.1265773010464,27.831840782090417,27.717394716872157,0.08701516507131718,-0.016689776563590157,0.3249386687335706,0.49602164920106356,0,0,0.4090064841297464,0.016689776563590157,-0.3249386687335706,-0.05113454734185164,-0.09711011958096452,0,0
1180.1265773010464,28.6516875778294,26.446644470518727,0.10849126740161026,-0.008280904054376474,0.42145510499106675,0.49602164920106356,0,0,0.3875303817994533,0.008280904054376474,-0.42145510499106675,-0.06737014545929414,-0.12700182826448014,0,0
624.3377665398167,41.38282267374021,29.6935359242365,0.12478172286312954,-0.0008513303248930638,0.4343239631587329,0.49602164920106356,0,0,0.371239926337934,0.0008513303248930638,-0.4343239631587329,-0.08436441638596293,-0.14581691393329202,0,0
218.28532251964043,43.31797937953491,29.6935359242365,0.14612824185201767,0.008079713534704484,0.35818321900004146,0.49602164920106356,0,0,0.3498934073490459,-0.008079713534704484,-0.35818321900004146,-0.11289051401287126,-0.16356985766918708,0,0
769.566351540633,47.919138344411984,28.120842178481034,0.16894426687549347,0.014930423583286383,0.22520501793415787,0.49602164920106356,0,0,0.3270773823255701,-0.014930423583286383,-0.22520501793415787,-0.14612038305698255,-0.1779846410444865,0,0
544.8761250677193,149.07502982648927,28.711534351575374,0.19217148950640248,0.01862268135957702,0.09008200717366327,0.49602164920106356,0,0,0.3038501596946611,-0.01862268135957702,-0.09008200717366327,-0.1791985175392486,-0.19194422073425013,0,0
87.79450977305973,242.3065498311679,28.952686402369643,0.21553268669418132,0.01914887620302129,-0.04504100358683136,0.49602164920106356,0,0,0.28048896250688227,-0.01914887620302129,0.04504100358683136,-0.21212491745966938,-0.20575206586216852,0,0
84.8062010048873,209.13650375320472,28.237612839164704,0.2340326994614173,0.01734774250572039,-0.1490642737754661,0.49602164920106356,0,0,0.26198894973964626,-0.01734774250572039,0.1490642737754661,-0.23807152753520833,-0.21698042343871754,0,0
115.37236097408694,1411.3480414449798,27.546944329386996,0.2569304839968404,0.012321289047167616,-0.28311487968865523,0.49602164920106356,0,0,0.2390911652042232,-0.012321289047167616,0.28311487968865523,-0.2709979274556291,-0.23094000312848117,0,0
79.36799805452281,360.20900612823414,31.056556411796677,0.2746205959226143,0.006139198313233193,-0.389282959571901,0.49602164920106356,0,0,0.22140105327844928,-0.006139198313233193,0.389282959571901,-0.29724800665485857,-0.2421683607050302,0,0
62.005885601807684,220.70517709223105,30.01017807866701,0.29551023525738385,-0.003455658597722816,-0.4718581328144255,0.49602164920106356,0,0,0.20051141394367972,0.003455658597722816,0.4718581328144255,-0.3260775734054574,-0.25931436619354425,0,0
56.36420238587991,512.8513118946122,25.71178945415557,0.31534805247201037,-0.013485338887869949,-0.4643512988832869,0.49602164920106356,0,0,0.1806735967290532,0.013485338887869949,0.4643512988832869,-0.34777561574932914,-0.2820745504703328,0,0
58.50920899708927,1284.2268420173286,23.943387448052704,0.33600779039793416,-0.022667780139806436,-0.3721244820150128,0.49602164920106356,0,0,0.1600138588031294,0.022667780139806436,0.3721244820150128,-0.3638594793049264,-0.31120758634462214,0,0
102.04483787812359,851.4899528953961,27.717394716872157,0.35815476201829965,-0.029629524625778246,-0.23700147125451818,0.49602164920106356,0,0,0.1378668871827639,0.029629524625778246,0.23700147125451818,-0.37751558987099954,-0.3439822517031977,0,0
66.81098138696464,173.18670720903205,20.696236055220425,0.38066171863630227,-0.033492445093739116,-0.10295086534132908,0.49602164920106356,0,0,0.11535993056476129,0.033492445093739116,0.10295086534132908,-0.39086823131338216,-0.3763017133762374,0,0
67.04513494735056,258.2405371440609,27.099424286132248,0.40386257056095126,-0.03431385133412526,0.03217214541916555,0.49602164920106356,0,0,0.0921590786401123,0.03431385133412526,-0.03217214541916555,-0.4045243418794553,-0.40907637873481295,0,0
312.50933522689996,1411.3480414449798,648.3999468665874,0.4266581740824104,-0.03200810092252791,0.16943996587427118,0.49602164920106356,0,0,0.06936347511865315,0.03200810092252791,-0.16943996587427118,-0.4177252487599927,-0.44169930953154324,0,0
648.3999468665874,1411.3480414449798,37.276083951504475,0.4431473319141998,-0.028221274293444454,0.28204247484135003,0.49602164920106356,0,0,0.05287431728686376,0.028221274293444454,-0.28204247484135003,-0.42667758790886284,-0.46658377767416537,0,0
1284.2268420173286,1411.3480414449798,46.3829042936969,0.45874802817387134,-0.02250512826787212,0.4203827001437612,0.49602164920106356,0,0,0.03727362102719223,0.02250512826787212,-0.4203827001437612,-0.4335056431918994,-0.49298559143524007,0,0
1284.2268420173286,851.4899528953961,63.89502910136053,0.469483921387259,-0.017004755823394977,0.526550780027007,0.49602164920106356,0,0,0.02653772781380459,0.017004755823394977,-0.526550780027007,-0.4380576800472571,-0.5125593499132782,0,0
1019.267059271828,562.6000187683081,63.043003529206196,0.476445190631283,-0.012978169523441522,0.5222611606377849,0.49602164920106356,0,0,0.019576458569780575,0.012978169523441522,-0.5222611606377849,-0.44640308094874626,-0.5202978125673864,0,0
1411.3480414449798,1411.3480414449798,59.445249703111536,0.48252044102211616,-0.00986149314677284,0.42574472438028876,0.49602164920106356,0,0,0.0135012081789474,0.00986149314677284,-0.42574472438028876,-0.4600591915148194,-0.5202978125673864,0,0
1284.2268420173286,284.7075611688845,48.854583701372256,0.48829366481607867,-0.007543695874328788,0.3378075269012367,0.49602164920106356,0,0,0.007727984384984898,0.007543695874328788,-0.3378075269012367,-0.47250142558613045,-0.5202978125673864,0,0
484.6780696502813,851.4899528953961,42.44040737188923,0.4932218050387105,-0.006017767285974712,0.2627391875898508,0.49602164920106356,0,0,0.002799844162353071,0.006017767285974712,-0.2627391875898508,-0.4829711103534532,-0.5201460780055411,0,0
1284.2268420173286,1411.3480414449798,42.5485367221777,0.4971328873514001,-0.005084171108252159,0.20590173068265866,0.49602164920106356,0,0,-0.0011112381503365354,0.005084171108252159,-0.20590173068265866,-0.4910130421312518,-0.5201460780055411,0,0
218.28532251964043,374.71408913910363,31.87626906490098,0.5002658854883906,-0.004503109971575044,0.1608607270958271,0.49602164920106356,0,0,-0.004244236287327008,0.004503109971575044,-0.1608607270958271,-0.4973858937287526,-0.5201460780055411,0,0
223.1819809443389,602.1580731583105,33.01927315595455,0.5027438918056696,-0.004145899739194798,0.1254713671347452,0.49602164920106356,0,0,-0.006722242604606021,0.004145899739194798,-0.1254713671347452,-0.502393134269646,-0.5201460780055411,0,0
407.8990969411948,900.238757316699,37.900177953656964,0.5040250745346714,-0.003997542663782875,0.10509567503594044,0.49602164920106356,0,0,-0.008003425333607816,0.003997542663782875,-0.10509567503594044,-0.5051243563828607,-0.5199943434436959,0,0
648.3999468665874,56.53772243679344,37.81003834541127,0.5051580772886879,-0.003890913726930244,0.08257517324252467,0.49602164920106356,0,0,-0.009136428087624326,0.003890913726930244,-0.08257517324252467,-0.5078555784960753,-0.5195391397581601,0,0
198.76603234393832,34.85094051287913,38.35590662765991,0.5052337153776983,-0.0038850210360817485,0.07292352961677505,0.49602164920106356,0,0,-0.009212066176634781,0.0038850210360817485,-0.07292352961677505,-0.5086142513053016,-0.5189322015107791,0,0
184.22292190812155,37.99065036400073,37.0134486413167,0.5052337153776983,-0.0038850210360817485,0.07292352961677505,0.49602164920106356,0,0,-0.009212066176634781,0.0038850210360817485,-0.07292352961677505,-0.5086142513053016,-0.5189322015107791,0,0
176.198566643824,41.80075928277381,32.51192153438282,0.5051580467794323,-0.003890508070896153,0.07185112476946953,0.49602164920106356,0,0,-0.00913639757836876,0.003890508070896153,-0.07185112476946953,-0.5086142513053016,-0.5187804669489339,0,0
194.9110753588243,43.76776822876407,37.36426621567546,0.5050823723403561,-0.0038959139551993545,0.07077871992216402,0.49602164920106356,0,0,-0.00906072313929257,0.0038959139551993545,-0.07077871992216402,-0.5086142513053016,-0.5186287323870886,0,0
194.9110753588243,47.787928988589464,34.93053395250103,0.5050823723403561,-0.0038959139551993545,0.07077871992216402,0.49602164920106356,0,0,-0.00906072313929257,0.0038959139551993545,-0.07077871992216402,-0.5086142513053016,-0.5186287323870886,0,0
223.1819809443389,43.654616942576325,36.411556150709906,0.5050823723403561,-0.0038959139551993545,0.07077871992216402,0.49602164920106356,0,0,-0.00906072313929257,0.0038959139551993545,-0.07077871992216402,-0.5086142513053016,-0.5186287323870886,0,0
137.0639518589543,648.3999468665874,32.51192153438282,0.5050823723403561,-0.0038959139551993545,0.07077871992216402,0.49602164920106356,0,0,-0.00906072313929257,0.0038959139551993545,-0.07077871992216402,-0.5086142513053016,-0.5186287323870886,0,0
211.34777997197892,353.40072554933454,33.613559426012365,0.5050823723403561,-0.0038959139551993545,0.07077871992216402,0.49602164920106356,0,0,-0.00906072313929257,0.0038959139551993545,-0.07077871992216402,-0.5086142513053016,-0.5186287323870886,0,0
177.7453057985956,808.2350827585409,37.72022963544492,0.5050823723403561,-0.0038959139551993545,0.07077871992216402,0.49602164920106356,0,0,-0.00906072313929257,0.0038959139551993545,-0.07077871992216402,-0.5086142513053016,-0.5186287323870886,0,0
242.3065498311679,581.6409617069837,31.806765208853015,0.5050823723403561,-0.0038959139551993545,0.07077871992216402,0.49602164920106356,0,0,-0.00906072313929257,0.0038959139551993545,-0.07077871992216402,-0.5086142513053016,-0.5186287323870886,0,0
157.11931592309642,562.6000187683081,33.092704166817725,0.5050823723403561,-0.0038959139551993545,0.07077871992216402,0.49602164920106356,0,0,-0.00906072313929257,0.0038959139551993545,-0.07077871992216402,-0.5086142513053016,-0.5186287323870886,0,0
223.1819809443389,312.50933522689996,36.8399334734816,0.5050823723403561,-0.0038959139551993545,0.07077871992216402,0.49602164920106356,0,0,-0.00906072313929257,0.0038959139551993545,-0.07077871992216402,-0.5086142513053016,-0.5186287323870886,0,0
239.3652489782259,512.8513118946122,32.583694610362,0.5050823723403561,-0.0038959139551993545,0.07077871992216402,0.49602164920106356,0,0,-0.00906072313929257,0.0038959139551993545,-0.07077871992216402,-0.5086142513053016,-0.5186287323870886,0,0
