FDist,LDist,RDist,XEst,YEst,ThetaEst,XDes,YDes,ThetaDes,XError,YError,ThetaError,SL,SR,RW,LW
128.44498763419128,602.1580731583105,85.90410486184942,0.0,0.0,0.0,0,0,0,0.0,0.0,0.0,0.0,0.0,0,0
119.42733126216413,1411.3480414449798,131.75922954059277,0.0,0.0,0.0,0,0,0,0.0,0.0,0.0,0.0,0.0,0,0
125.29273453547381,1411.3480414449798,108.02276929750369,0.0,0.0,0.0,0,0,0,0.0,0.0,0.0,0.0,0.0,0,0
124.52854747504531,1411.3480414449798,86.65098914560704,0.0,0.0,0.0,0,0,0,0.0,0.0,0.0,0.0,0.0,0,0
129.25786434407527,1284.2268420173286,91.40254728973653,0.0,0.0,0.0,0,0,0,0.0,0.0,0.0,0.0,0.0,0,0
143.82153882231913,1570.544100534677,147.99350743133397,0.0,0.0,0.0,0,0,0,0.0,0.0,0.0,0.0,0.0,0,0
162.1258003695371,602.1580731583105,98.56325615049124,0.0,0.0,0.0,0,0,0,0.0,0.0,0.0,0.0,0.0,0,0
139.88023555455067,1284.2268420173286,87.02903054016306,0.0,0.0,0.0,0,0,0,0.0,0.0,0.0,0.0,0.0,0,0
92.2427776670329,1093.1463157010076,66.81098138696464,0.0,0.0,0.0,0,0,0,0.0,0.0,0.0,0.0,0.0,0,0
101.02616679983112,648.3999468665874,98.56325615049124,0.0,0.0,0.0,0,0,0,0.0,0.0,0.0,0.0,0.0,0,0
101.02616679983112,512.8513118946122,72.32728403086773,0.0,0.0,0.0,0,0,0,0.0,0.0,0.0,0.0,0.0,0,0
103.08353533160607,624.3377665398167,98.08447665807216,0.0,0.0,0.0,0,0,0,0.0,0.0,0.0,0.0,0.0,0,0
138.92864283985838,1411.3480414449798,82.00312876373096,0.0,0.0,0.0,0,0,0,0.0,0.0,0.0,0.0,0.0,0,0
124.52854747504531,1411.3480414449798,100.02692680886574,0.0,0.0,0.0,0,0,0,0.0,0.0,0.0,0.0,0.0,0,0
133.48121220361529,1411.3480414449798,103.08353533160607,0.0,0.0,0.0,0,0,0,0.0,0.0,0.0,0.0,0.0,0,0
129.25786434407527,1093.1463157010076,86.65098914560704,0.0,0.0,0.0,0,0,0,0.0,0.0,0.0,0.0,0.0,0,0
128.44498763419128,1411.3480414449798,105.77203060255431,0.0,0.0,0.0,0,0,0,0.0,0.0,0.0,0.0,0.0,0,0
134.3591943699604,1411.3480414449798,72.32728403086773,0.0,0.0,0.0,0,0,0,0.0,0.0,0.0,0.0,0.0,0,0
168.8620920208621,1411.3480414449798,112.19442975602797,0.0,0.0,0.0,0.3,0,0,0.3,0.0,0.0,0.0,0.0,0,0
158.34116103748556,648.3999468665874,74.25900132173959,0.005896376711706342,0.0,0.0,0.3,0,0,0.29410362328829365,0.0,0.0,-0.005896376711706342,-0.005896376711706342,0,0
133.48121220361529,581.6409617069837,44.573289080576004,0.03190077420543117,8.400846876787058e-05,0.006461074634786697,0.3,0,0,0.2680992257945688,-8.400846876787058e-05,-0.006461074634786697,-0.031447342462433824,-0.03235447734115788,0,0
151.28683687310368,648.3999468665874,31.258590930792266,0.06085198076113134,0.0003801906526973716,0.013998995042037839,0.3,0,0,0.23914801923886864,-0.0003801906526973716,-0.013998995042037839,-0.05987090199578748,-0.061836360899689594,0,0
317.7208243859324,900.238757316699,31.326358860372608,0.08995072382112096,0.0009286155971592053,0.02369060699421787,0.3,0,0,0.21004927617887903,-0.0009286155971592053,-0.02369060699421787,-0.08829446152914114,-0.09162062275112932,0,0
317.7208243859324,265.2554052777127,40.36651046494504,0.11821586552264454,0.0015679057400776672,0.021536915449288957,0.3,0,0,0.18178413447735545,-0.0015679057400776672,-0.021536915449288957,-0.11671802106249479,-0.11974180399157495,0,0
544.8761250677193,166.09994149545804,27.43411484917406,0.14572653099168226,0.0021308544274409,0.019383223904360068,0.3,0,0,0.15427346900831773,-0.0021308544274409,-0.019383223904360068,-0.14438563486357842,-0.14710703949975054,0,0
1411.3480414449798,851.4899528953961,25.918902602329858,0.1722555149242962,0.0026308470391450643,0.018306378131895572,0.3,0,0,0.1277444850757038,-0.0026308470391450643,-0.018306378131895572,-0.17099492463948396,-0.17356514012920207,0,0
346.8640580657511,703.2691653992177,25.25384320516452,0.19735045408388086,0.002982173918381093,0.009691611952179935,0.3,0,0,0.10264954591611913,-0.002982173918381093,-0.009691611952179935,-0.19669707953666546,-0.19805778185475148,0,0
176.198566643824,317.7208243859324,26.661827824936275,0.22108665462893537,0.003135537415732773,0.003230537317393238,0.3,0,0,0.07891334537106462,-0.003135537415732773,-0.003230537317393238,-0.22088734296930687,-0.22134091040866882,0,0
144.84210166738234,360.20900612823414,24.75769029437472,0.24316027001122065,0.0031355374157327706,-0.003230537317393459,0.3,0,0,0.05683972998877934,-0.0031355374157327706,0.003230537317393459,-0.24341452579095418,-0.2429609583515921,0,0
138.92864283985838,218.28532251964043,22.632955363231254,0.2631923411910727,0.0029953206932833557,-0.010768457724644628,0.3,0,0,0.03680765880892728,-0.0029953206932833557,0.010768457724644628,-0.2639762497086994,-0.2624643582441592,0,0
104.1428794944386,248.42442609070224,18.373059168895537,0.2788394175912425,0.0028183935286695983,-0.01184530349710906,0.3,0,0,0.02116058240875751,-0.0028183935286695983,0.01184530349710906,-0.2796999209399163,-0.2780368403289221,0,0
130.08105893503551,236.49825525583836,21.534920213973493,0.2894974351249388,0.0026864008083527123,-0.012922149269573517,0.3,0,0,0.010502564875061182,-0.0026864008083527123,0.012922149269573517,-0.2904343503381509,-0.2886200805807027,0,0
118.73212177360972,293.3703955349555,21.99109567138421,0.29614920216778434,0.0026004408970810703,-0.012922149269573517,0.3,0,0,0.0038507978322156466,-0.0026004408970810703,0.012922149269573517,-0.2970866727821273,-0.2952724030246791,0,0
124.52854747504531,254.878386734463,21.05064198016546,0.29977743873660917,0.0025535536727510836,-0.012922149269573517,0.3,0,0,0.00022256126339081916,-0.0025535536727510836,0.012922149269573517,-0.3007152122970235,-0.29890094253957533,0,0
160.8439044330725,382.4520830402873,21.210554056051848,0.3000797958162324,0.0025499719938603077,-0.010768457724644617,0.3,0,0,-7.979581623240861e-05,-0.0025499719938603077,0.010768457724644617,-0.30086640144347754,-0.29935450997893737,0,0
146.92774685951784,242.3065498311679,21.29107368585003,0.3000797958162324,0.0025499719938603077,-0.010768457724644617,0.3,0,0,-7.979581623240861e-05,-0.0025499719938603077,0.010768457724644617,-0.30086640144347754,-0.29935450997893737,0,0
133.48121220361529,340.5824855543227,21.250766618660897,0.3000797958162324,0.0025499719938603077,-0.010768457724644617,0.3,0,0,-7.979581623240861e-05,-0.0025499719938603077,0.010768457724644617,-0.30086640144347754,-0.29935450997893737,0,0
129.25786434407527,204.85569342211394,21.250766618660897,0.3000797958162324,0.0025499719938603077,-0.010768457724644617,0.3,0,0,-7.979581623240861e-05,-0.0025499719938603077,0.010768457724644617,-0.30086640144347754,-0.29935450997893737,0,0
140.84502956740286,427.0195773074906,21.33147560417641,0.3000797958162324,0.0025499719938603077,-0.010768457724644617,0.3,0,0,-7.979581623240861e-05,-0.0025499719938603077,0.010768457724644617,-0.30086640144347754,-0.29935450997893737,0,0
151.28683687310368,236.49825525583836,21.17043565318336,0.3000797958162324,0.0025499719938603077,-0.010768457724644617,0.3,0,0,-7.979581623240861e-05,-0.0025499719938603077,0.010768457724644617,-0.30086640144347754,-0.29935450997893737,0,0
167.46934895889862,374.71408913910363,21.45325395754319,0.3000797958162324,0.0025499719938603077,-0.010768457724644617,0.3,0,0,-7.979581623240861e-05,-0.0025499719938603077,0.010768457724644617,-0.30086640144347754,-0.29935450997893737,0,0
166.09994149545804,218.28532251964043,20.23497444201862,0.3000797958162324,0.0025499719938603077,-0.010768457724644617,0.3,0,0,-7.979581623240861e-05,-0.0025499719938603077,0.010768457724644617,-0.30086640144347754,-0.29935450997893737,0,0
176.198566643824,512.8513118946122,21.250766618660897,0.3000797958162324,0.0025499719938603077,-0.010768457724644617,0.3,0,0,-7.979581623240861e-05,-0.0025499719938603077,0.010768457724644617,-0.30086640144347754,-0.29935450997893737,0,0
153.56624101955603,302.6164596847404,21.371972721925673,0.3000797958162324,0.0025499719938603077,-0.010768457724644617,0.3,0,0,-7.979581623240861e-05,-0.0025499719938603077,0.010768457724644617,-0.30086640144347754,-0.29935450997893737,0,0
147.99350743133397,382.4520830402873,21.412565389122804,0.3000797958162324,0.0025499719938603077,-0.010768457724644617,0.3,0,0,-7.979581623240861e-05,-0.0025499719938603077,0.010768457724644617,-0.30086640144347754,-0.29935450997893737,0,0
133.48121220361529,254.878386734463,21.250766618660897,0.3000797958162324,0.0025499719938603077,-0.010768457724644617,0.3,0,0,-7.979581623240861e-05,-0.0025499719938603077,0.010768457724644617,-0.30086640144347754,-0.29935450997893737,0,0
152.41788953728954,340.5824855543227,21.33147560417641,0.3000797958162324,0.0025499719938603077,-0.010768457724644617,0.3,0,0,-7.979581623240861e-05,-0.0025499719938603077,0.010768457724644617,-0.30086640144347754,-0.29935450997893737,0,0
152.41788953728954,261.6981137825328,21.29107368585003,0.3000797958162324,0.0025499719938603077,-0.010768457724644617,0.3,0,0,-7.979581623240861e-05,-0.0025499719938603077,0.010768457724644617,-0.30086640144347754,-0.29935450997893737,0,0
139.88023555455067,624.3377665398167,21.29107368585003,0.3000797958162324,0.0025499719938603077,-0.010768457724644617,0.3,0,0,-7.979581623240861e-05,-0.0025499719938603077,0.010768457724644617,-0.30086640144347754,-0.29935450997893737,0,0
133.48121220361529,239.3652489782259,21.29107368585003,0.3000797958162324,0.0025499719938603077,-0.010768457724644617,0.3,0,0,-7.979581623240861e-05,-0.0025499719938603077,0.010768457724644617,-0.30086640144347754,-0.29935450997893737,0,0
185.91929651913173,602.1580731583105,21.130411066922797,0.3000797958162324,0.0025499719938603077,-0.010768457724644617,0.3,0,0,-7.979581623240861e-05,-0.0025499719938603077,0.010768457724644617,-0.30086640144347754,-0.29935450997893737,0,0
160.8439044330725,239.3652489782259,21.29107368585003,0.3000797958162324,0.0025499719938603077,-0.010768457724644617,0.3,0,0,-7.979581623240861e-05,-0.0025499719938603077,0.010768457724644617,-0.30086640144347754,-0.29935450997893737,0,0
164.75326598182954,236.49825525583836,21.210554056051848,0.3000797958162324,0.0025499719938603077,-0.010768457724644617,0.3,0,0,-7.979581623240861e-05,-0.0025499719938603077,0.010768457724644617,-0.30086640144347754,-0.29935450997893737,0,0
128.44498763419128,239.3652489782259,21.250766618660897,0.3000797958162324,0.0025499719938603077,-0.010768457724644617,0.3,0,0,-7.979581623240861e-05,-0.0025499719938603077,0.010768457724644617,-0.30086640144347754,-0.29935450997893737,0,0
128.44498763419128,254.878386734463,20.121616418144527,0.3000797958162324,0.0025499719938603077,-0.010768457724644617,0.3,0,0,-7.979581623240861e-05,-0.0025499719938603077,0.010768457724644617,-0.30086640144347754,-0.29935450997893737,0,0
133.48121220361529,236.49825525583836,20.046470706490737,0.3000797958162324,0.0025499719938603077,-0.010768457724644617,0.3,0,0,-7.979581623240861e-05,-0.0025499719938603077,0.010768457724644617,-0.30086640144347754,-0.29935450997893737,0,0
187.6483042942066,448.2028325964311,21.17043565318336,0.3000797958162324,0.0025499719938603077,-0.010768457724644617,0.3,0,0,-7.979581623240861e-05,-0.0025499719938603077,0.010768457724644617,-0.30086640144347754,-0.29935450997893737,0,0
125.29273453547381,284.7075611688845,21.412565389122804,0.3000797958162324,0.0025499719938603077,-0.010768457724644617,0.3,0,0,-7.979581623240861e-05,-0.0025499719938603077,0.010768457724644617,-0.30086640144347754,-0.29935450997893737,0,0
167.46934895889862,346.8640580657511,21.371972721925673,0.3000797958162324,0.0025499719938603077,-0.010768457724644617,0.3,0,0,-7.979581623240861e-05,-0.0025499719938603077,0.010768457724644617,-0.30086640144347754,-0.29935450997893737,0,0
139.88023555455067,334.5408252723781,21.33147560417641,0.3000797958162324,0.0025499719938603077,-0.010768457724644617,0.3,0,0,-7.979581623240861e-05,-0.0025499719938603077,0.010768457724644617,-0.30086640144347754,-0.29935450997893737,0,0
139.88023555455067,512.8513118946122,21.33147560417641,0.3000797958162324,0.0025499719938603077,-0.010768457724644617,0.3,0,0,-7.979581623240861e-05,-0.0025499719938603077,0.010768457724644617,-0.30086640144347754,-0.29935450997893737,0,0
152.41788953728954,193.04122344313365,20.774355752373964,0.3000797958162324,0.0025499719938603077,-0.010768457724644617,0.3,0,0,-7.979581623240861e-05,-0.0025499719938603077,0.010768457724644617,-0.30086640144347754,-0.29935450997893737,0,0
103.61058678886198,193.04122344313365,20.81355115370998,0.3000797958162324,0.0025499719938603077,-0.010768457724644617,0.3,0,0,-7.979581623240861e-05,-0.0025499719938603077,0.010768457724644617,-0.30086640144347754,-0.29935450997893737,0,0
118.73212177360972,206.97300472647143,20.774355752373964,0.3000797958162324,0.0025499719938603077,-0.010768457724644617,0.3,0,0,-7.979581623240861e-05,-0.0025499719938603077,0.010768457724644617,-0.30086640144347754,-0.29935450997893737,0,0
110.36868736531008,193.04122344313365,20.81355115370998,0.3000797958162324,0.0025499719938603077,-0.010768457724644617,0.3,0,0,-7.979581623240861e-05,-0.0025499719938603077,0.010768457724644617,-0.30086640144347754,-0.29935450997893737,0,0
173.18670720903205,261.6981137825328,21.010896801842307,0.3000797958162324,0.0025499719938603077,-0.010768457724644617,0.3,0,0,-7.979581623240861e-05,-0.0025499719938603077,0.010768457724644617,-0.30086640144347754,-0.29935450997893737,0,0
142.81538054950164,233.7026839645806,20.197102771620948,0.3000797958162324,0.0025499719938603077,-0.010768457724644617,0.3,0,0,-7.979581623240861e-05,-0.0025499719938603077,0.010768457724644617,-0.30086640144347754,-0.29935450997893737,0,0
123.02757911911826,261.6981137825328,21.412565389122804,0.3000797958162324,0.0025499719938603077,-0.010768457724644617,0.3,0,0,-7.979581623240861e-05,-0.0025499719938603077,0.010768457724644617,-0.30086640144347754,-0.29935450997893737,0,0
140.84502956740286,437.33222201576723,21.371972721925673,0.3000797958162324,0.0025499719938603077,-0.010768457724644617,0.3,0,0,-7.979581623240861e-05,-0.0025499719938603077,0.010768457724644617,-0.30086640144347754,-0.29935450997893737,0,0
146.92774685951784,48.44999661828506,21.33147560417641,0.3000797958162324,0.0025499719938603077,-0.010768457724644617,0.3,0,0,-7.979581623240861e-05,-0.0025499719938603077,0.010768457724644617,-0.30086640144347754,-0.29935450997893737,0,0
153.56624101955603,45.04444673804966,21.29107368585003,0.3000797958162324,0.0025499719938603077,-0.010768457724644617,0.3,0,0,-7.979581623240861e-05,-0.0025499719938603077,0.010768457724644617,-0.30086640144347754,-0.29935450997893737,0,0
140.84502956740286,20.579729421340247,21.250766618660897,0.3000797958162324,0.0025499719938603077,-0.010768457724644617,0.3,0,0,-7.979581623240861e-05,-0.0025499719938603077,0.010768457724644617,-0.30086640144347754,-0.29935450997893737,0,0
123.77355272308415,18.071576020988715,21.250766618660897,0.3000797958162324,0.0025499719938603077,-0.010768457724644617,0.3,0,0,-7.979581623240861e-05,-0.0025499719938603077,0.010768457724644617,-0.30086640144347754,-0.29935450997893737,0,0
167.46934895889862,18.818881403249385,21.17043565318336,0.3000797958162324,0.0025499719938603077,-0.010768457724644617,0.3,0,0,-7.979581623240861e-05,-0.0025499719938603077,0.010768457724644617,-0.30086640144347754,-0.29935450997893737,0,0
137.98997206957193,18.853694991318818,21.210554056051848,0.3000797958162324,0.0025499719938603077,-0.010768457724644617,0.3,0,0,-7.979581623240861e-05,-0.0025499719938603077,0.010768457724644617,-0.30086640144347754,-0.29935450997893737,0,0
136.15031850713706,18.406914256574545,20.121616418144527,0.3000797958162324,0.0025499719938603077,-0.010768457724644617,0.3,0,0,-7.979581623240861e-05,-0.0025499719938603077,0.010768457724644617,-0.30086640144347754,-0.29935450997893737,0,0
184.22292190812155,18.508914058826775,21.17043565318336,0.3000797958162324,0.0025499719938603077,-0.010768457724644617,0.3,0,0,-7.979581623240861e-05,-0.0025499719938603077,0.010768457724644617,-0.30086640144347754,-0.29935450997893737,0,0
177.7453057985956,18.508914058826775,21.412565389122804,0.3000797958162324,0.0025499719938603077,-0.010768457724644617,0.3,0,0,-7.979581623240861e-05,-0.0025499719938603077,0.010768457724644617,-0.30086640144347754,-0.29935450997893737,0,0
150.1726803268919,18.474841460347584,21.412565389122804,0.3000797958162324,0.0025499719938603077,-0.010768457724644617,0.3,0,0,-7.979581623240861e-05,-0.0025499719938603077,0.010768457724644617,-0.30086640144347754,-0.29935450997893737,0,0
122.29045980286173,18.508914058826775,21.210554056051848,0.3000797958162324,0.0025499719938603077,-0.010768457724644617,0.3,0,0,-7.979581623240861e-05,-0.0025499719938603077,0.010768457724644617,-0.30086640144347754,-0.29935450997893737,0,0
133.48121220361529,18.57727846314466,21.29107368585003,0.3000797958162324,0.0025499719938603077,-0.010768457724644617,0.3,0,0,-7.979581623240861e-05,-0.0025499719938603077,0.010768457724644617,-0.30086640144347754,-0.29935450997893737,0,0
144.84210166738234,20.197102771620948,21.29107368585003,0.3000797958162324,0.0025499719938603077,-0.010768457724644617,0.3,0,0,-7.979581623240861e-05,-0.0025499719938603077,0.010768457724644617,-0.30086640144347754,-0.29935450997893737,0,0
127.64222867598318,18.57727846314466,21.250766618660897,0.3000797958162324,0.0025499719938603077,-0.010768457724644617,0.3,0,0,-7.979581623240861e-05,-0.0025499719938603077,0.010768457724644617,-0.30086640144347754,-0.29935450997893737,0,0
166.09994149545804,18.339276104241605,21.250766618660897,0.3000797958162324,0.0025499719938603077,-0.010768457724644617,0.3,0,0,-7.979581623240861e-05,-0.0025499719938603077,0.010768457724644617,-0.30086640144347754,-0.29935450997893737,0,0
130.91477695173097,17.485436577305137,19.749246828391648,0.3000797958162324,0.0025499719938603077,-0.010768457724644617,0.3,0,0,-7.979581623240861e-05,-0.0025499719938603077,0.010768457724644617,-0.30086640144347754,-0.29935450997893737,0,0
117.36537105675751,17.678380057162876,20.696236055220425,0.3000797958162324,0.0025499719938603077,-0.010768457724644617,0.3,0,0,-7.979581623240861e-05,-0.0025499719938603077,0.010768457724644617,-0.30086640144347754,-0.29935450997893737,0,0
160.8439044330725,18.104791397724426,21.412565389122804,0.3000797958162324,0.0025499719938603077,-0.010768457724644617,0.3,0,0,-7.979581623240861e-05,-0.0025499719938603077,0.010768457724644617,-0.30086640144347754,-0.29935450997893737,0,0
160.8439044330725,17.841013239325363,21.412565389122804,0.3000797958162324,0.0025499719938603077,-0.010768457724644617,0.3,0,0,-7.979581623240861e-05,-0.0025499719938603077,0.010768457724644617,-0.30086640144347754,-0.29935450997893737,0,0
146.92774685951784,17.939411375632368,21.210554056051848,0.3000797958162324,0.0025499719938603077,-0.010768457724644617,0.3,0,0,-7.979581623240861e-05,-0.0025499719938603077,0.010768457724644617,-0.30086640144347754,-0.29935450997893737,0,0
151.28683687310368,17.939411375632368,21.09047995583375,0.3000797958162324,0.0025499719938603077,-0.010768457724644617,0.3,0,0,-7.979581623240861e-05,-0.0025499719938603077,0.010768457724644617,-0.30086640144347754,-0.29935450997893737,0,0
123.77355272308415,17.646055992159724,21.250766618660897,0.3000797958162324,0.0025499719938603077,-0.010768457724644617,0.3,0,0,-7.979581623240861e-05,-0.0025499719938603077,0.010768457724644617,-0.30086640144347754,-0.29935450997893737,0,0
151.28683687310368,17.873743987908504,21.250766618660897,0.3000797958162324,0.0025499719938603077,-0.010768457724644617,0.3,0,0,-7.979581623240861e-05,-0.0025499719938603077,0.010768457724644617,-0.30086640144347754,-0.29935450997893737,0,0
122.29045980286173,36.411556150709906,20.23497444201862,0.3000797958162324,0.0025499719938603077,-0.010768457724644617,0.3,0,0,-7.979581623240861e-05,-0.0025499719938603077,0.010768457724644617,-0.30086640144347754,-0.29935450997893737,0,0
151.28683687310368,38.172601280949785,21.17043565318336,0.3000797958162324,0.0025499719938603077,-0.010768457724644617,0.3,0,0,-7.979581623240861e-05,-0.0025499719938603077,0.010768457724644617,-0.30086640144347754,-0.29935450997893737,0,0
138.92864283985838,42.118643758499466,21.210554056051848,0.3000797958162324,0.0025499719938603077,-0.010768457724644617,0.3,0,0,-7.979581623240861e-05,-0.0025499719938603077,0.010768457724644617,-0.30086640144347754,-0.29935450997893737,0,0
177.7453057985956,206.97300472647143,21.371972721925673,0.3000797958162324,0.0025499719938603077,-0.010768457724644617,0.3,0,0,-7.979581623240861e-05,-0.0025499719938603077,0.010768457724644617,-0.30086640144347754,-0.29935450997893737,0,0
177.7453057985956,206.97300472647143,21.250766618660897,0.3000797958162324,0.0025499719938603077,-0.010768457724644617,0.3,0,0,-7.979581623240861e-05,-0.0025499719938603077,0.010768457724644617,-0.30086640144347754,-0.29935450997893737,0,0
198.76603234393832,437.33222201576723,21.210554056051848,0.3000797958162324,0.0025499719938603077,-0.010768457724644617,0.3,0,0,-7.979581623240861e-05,-0.0025499719938603077,0.010768457724644617,-0.30086640144347754,-0.29935450997893737,0,0
145.87739303694283,280.5772654118684,21.29107368585003,0.3000797958162324,0.0025499719938603077,-0.010768457724644617,0.3,0,0,-7.979581623240861e-05,-0.0025499719938603077,0.010768457724644617,-0.30086640144347754,-0.29935450997893737,0,0
137.98997206957193,155.91651753124995,19.749246828391648,0.3000797958162324,0.0025499719938603077,-0.010768457724644617,0.3,0,0,-7.979581623240861e-05,-0.0025499719938603077,0.010768457724644617,-0.30086640144347754,-0.29935450997893737,0,0
129.25786434407527,346.8640580657511,21.250766618660897,0.3000797958162324,0.0025499719938603077,-0.010768457724644617,0.3,0,0,-7.979581623240861e-05,-0.0025499719938603077,0.010768457724644617,-0.30086640144347754,-0.29935450997893737,0,0
145.87739303694283,703.2691653992177,21.33147560417641,0.3000797958162324,0.0025499719938603077,-0.010768457724644617,0.3,0,0,-7.979581623240861e-05,-0.0025499719938603077,0.010768457724644617,-0.30086640144347754,-0.29935450997893737,0,0
