FDist,LDist,RDist,XEst,YEst,ThetaEst,XDes,YDes,ThetaDes,XError,YError,ThetaError,SL,SR,RW,LW
390.5444991736698,180.92431015592842,17.906543292002304,0.0,0.0,0.0,0,0,0,0,0,0,0.0,0.0,0,0
317.7208243859324,176.198566643824,18.271925091134115,0.0,0.0,0.0,0,0,0,0,0,0,0.0,0.0,0,0
399.01729906632625,170.27879631253745,17.743230101200233,0.0,0.0,0.0,0,0,0,0,0,0,0.0,0.0,0,0
648.3999468665874,204.85569342211394,17.581608690126714,0.0,0.0,0.0,0,0,0,0,0,0,0.0,0.0,0,0
261.6981137825328,157.11931592309642,17.326465780453077,0.0,0.0,0.0,0,0,0,0,0,0,0.0,0.0,0,0
225.71785045590883,174.67928447558052,17.939411375632368,0.0,0.0,0.0,0,0,0,0,0,0,0.0,0.0,0,0
213.60849807698625,312.50933522689996,17.972348463819834,0.0,0.0,0.0,0,0,0,0,0,0,0.0,0.0,0,0
293.3703955349555,164.75326598182954,17.841013239325363,0.0,0.0,0.0,0,0,0,0,0,0,0.0,0.0,0,0
353.40072554933454,254.878386734463,18.03843055896276,0.0,0.0,0.0,0,0,0,0,0,0,0.0,0.0,0,0
191.20821604693444,230.97580043058096,17.939411375632368,0.0,0.0,0.0,0,0,0,0,0,0,0.0,0.0,0,0
268.9169663380496,151.28683687310368,17.613798941900477,0.0,0.0,0.0,0,0,0,0,0,0,0.0,0.0,0,0
233.7026839645806,191.20821604693444,17.51742772173086,0.0,0.0,0.0,0,0,0,0,0,0,0.0,0.0,0,0
265.2554052777127,177.7453057985956,17.23186370814404,0.0,0.0,0.0,0,0,0,0,0,0,0.0,0.0,0,0
317.7208243859324,218.28532251964043,17.972348463819834,0.0,0.0,0.0,0,0,0,0,0,0,0.0,0.0,0,0
265.2554052777127,164.75326598182954,18.238356668915443,0.0,0.0,0.0,0,0,0,0,0,0,0.0,0.0,0,0
317.7208243859324,150.1726803268919,18.03843055896276,0.0,0.0,0.0,0,0,0,0,0,0,0.0,0.0,0,0
367.3069052663625,157.11931592309642,18.271925091134115,0.0,0.0,0.0,0,0,0,0,0,0,0.0,0.0,0,0
248.42442609070224,218.28532251964043,17.841013239325363,0.0,0.0,0.0,0,0,0,0,0,0,0.0,0.0,0,0
328.72509627198025,143.82153882231913,17.169117382297486,0.0,0.0,0.0,0,0,0,0,0,0,0.0,0.0,0,0
265.2554052777127,162.1258003695371,17.613798941900477,0.0,0.0,0.0,0,0,0,0,0,0,0.0,0.0,0,0
261.6981137825328,193.04122344313365,18.03843055896276,0.0,0.0,0.0,0,0,0,0,0,0,0.0,0.0,0,0
769.566351540633,167.46934895889862,17.841013239325363,0.0,0.0,0.0,0,0,0,0,0,0,0.0,0.0,0,0
245.3252030939217,180.92431015592842,17.906543292002304,0.0,0.0,0.0,0.3,0,0,0,0,0,0.0,0.0,0,0
317.7208243859324,236.49825525583836,17.906543292002304,0.010205230404431727,2.7473714416859885e-05,0.005384228862322239,0.3,0,0,0,0,0,-0.009827294519510572,-0.010583240251780614,0,0
448.2028325964311,218.28532251964043,17.613798941900477,0.03076619134098774,0.00020460596724649878,0.011845303497108935,0.3,0,0,0,0,0,-0.029935450997893742,-0.031598531608887835,0,0
245.3252030939217,168.8620920208621,17.453511375747283,0.052459868402594256,0.0004966329100342067,0.015075840814502271,0.3,0,0,0,0,0,-0.05140430979436299,-0.05352095784471911,0,0
268.9169663380496,193.04122344313365,18.071576020988715,0.08019869762343254,0.0009895470583261628,0.020460069676824497,0.3,0,0,0,0,0,-0.07876954530253857,-0.08164213908516474,0,0
196.81893899271049,182.55823066529945,17.200458509512664,0.1024931202219412,0.0015058038801562023,0.02584429853914675,0.3,0,0,0,0,0,-0.10069197153836984,-0.10432051105326606,0,0
196.81893899271049,209.13650375320472,17.29486713793426,0.12999876069110344,0.0022761078169832535,0.030151681629004556,0.3,0,0,0,0,0,-0.12790601790009143,-0.13213931400080367,0,0
268.9169663380496,191.20821604693444,17.581608690126714,0.15130603646711027,0.0029417190491405317,0.03230537317393347,0.3,0,0,0,0,0,-0.14907249840365266,-0.15360817279727293,0,0
288.9697116820819,145.87739303694283,18.138076919253407,0.17676580781218268,0.003833111043749296,0.03768960203625572,0.3,0,0,0,0,0,-0.17416989671501812,-0.17946151684090844,0,0
288.9697116820819,157.11931592309642,18.00535478258695,0.20176611073718612,0.004870181903423025,0.04522752244350686,0.3,0,0,0,0,0,-0.19866253844056753,-0.20501248259163593,0,0
225.71785045590883,168.8620920208621,18.00535478258695,0.22041456688131683,0.005804753398651906,0.054919134395686894,0.3,0,0,0,0,0,-0.21665404686859457,-0.22436469333774905,0,0
142.81538054950164,137.98997206957193,17.873743987908504,0.24192192820015382,0.007068430612187979,0.06245705480293803,0.3,0,0,0,0,0,-0.2376693382257018,-0.24643830872003433,0,0
123.02757911911826,167.46934895889862,17.808350823217232,0.2593496370210847,0.008167752032705063,0.06353390057540251,0.3,0,0,0,0,0,-0.2550560900679128,-0.2639762497086994,0,0
158.34116103748556,157.11931592309642,18.611570757963946,0.27224978442715975,0.008995427368317455,0.06461074634786695,0.3,0,0,0,0,0,-0.26790716751650356,-0.27697851630374415,0,0
123.77355272308415,209.13650375320472,18.373059168895537,0.28145177530883475,0.009610707590659259,0.06891812943772477,0.3,0,0,0,0,0,-0.2768273271572901,-0.2865034325303467,0,0
133.48121220361529,258.2405371440609,18.440841606842675,0.28657961918063435,0.009970218203569997,0.07107182098265366,0.3,0,0,0,0,0,-0.28181656899027235,-0.291795052656237,0,0
152.41788953728954,158.34116103748556,18.543059645113814,0.2895209176753738,0.010171657391494112,0.06568759212033141,0.3,0,0,0,0,0,-0.28514273021226055,-0.29436526814595515,0,0
139.88023555455067,151.28683687310368,18.339276104241605,0.2895209176753738,0.010171657391494112,0.06568759212033141,0.3,0,0,0,0,0,-0.28514273021226055,-0.29436526814595515,0,0
159.58252707905322,258.2405371440609,18.339276104241605,0.2895209176753738,0.010171657391494112,0.06568759212033141,0.3,0,0,0,0,0,-0.28514273021226055,-0.29436526814595515,0,0
102.56164513946942,151.28683687310368,17.710771354120418,0.2895209176753738,0.010171657391494112,0.06568759212033141,0.3,0,0,0,0,0,-0.28514273021226055,-0.29436526814595515,0,0
123.02757911911826,144.84210166738234,17.873743987908504,0.2895209176753738,0.010171657391494112,0.06568759212033141,0.3,0,0,0,0,0,-0.28514273021226055,-0.29436526814595515,0,0
147.99350743133397,176.198566643824,18.373059168895537,0.2895209176753738,0.010171657391494112,0.06568759212033141,0.3,0,0,0,0,0,-0.28514273021226055,-0.29436526814595515,0,0
130.08105893503551,152.41788953728954,18.406914256574545,0.2895209176753738,0.010171657391494112,0.06568759212033141,0.3,0,0,0,0,0,-0.28514273021226055,-0.29436526814595515,0,0
162.1258003695371,144.84210166738234,18.339276104241605,0.2895209176753738,0.010171657391494112,0.06568759212033141,0.3,0,0,0,0,0,-0.28514273021226055,-0.29436526814595515,0,0
133.48121220361529,167.46934895889862,18.339276104241605,0.2895209176753738,0.010171657391494112,0.06568759212033141,0.3,0,0,0,0,0,-0.28514273021226055,-0.29436526814595515,0,0
120.84213728458607,239.3652489782259,18.339276104241605,0.2895209176753738,0.010171657391494112,0.06568759212033141,0.3,0,0,0,0,0,-0.28514273021226055,-0.29436526814595515,0,0
135.24881572421333,261.6981137825328,18.339276104241605,0.2895209176753738,0.010171657391494112,0.06568759212033141,0.3,0,0,0,0,0,-0.28514273021226055,-0.29436526814595515,0,0
160.8439044330725,159.58252707905322,18.373059168895537,0.2895209176753738,0.010171657391494112,0.06568759212033141,0.3,0,0,0,0,0,-0.28514273021226055,-0.29436526814595515,0,0
120.13062066766372,166.09994149545804,18.373059168895537,0.2895209176753738,0.010171657391494112,0.06568759212033141,0.3,0,0,0,0,0,-0.28514273021226055,-0.29436526814595515,0,0
131.75922954059277,284.7075611688845,18.373059168895537,0.28944548347275345,0.010166735951013169,0.06461074634786697,0.3,0,0,0,0,0,-0.28514273021226055,-0.29421407899950114,0,0
206.97300472647143,173.18670720903205,18.238356668915443,0.28944548347275345,0.010166735951013169,0.06461074634786697,0.3,0,0,0,0,0,-0.28514273021226055,-0.29421407899950114,0,0
159.58252707905322,153.56624101955603,18.204859322179495,0.28944548347275345,0.010166735951013169,0.06461074634786697,0.3,0,0,0,0,0,-0.28514273021226055,-0.29421407899950114,0,0
177.7453057985956,179.3202830877122,18.339276104241605,0.28944548347275345,0.010166735951013169,0.06461074634786697,0.3,0,0,0,0,0,-0.28514273021226055,-0.29421407899950114,0,0
145.87739303694283,236.49825525583836,18.3055648241262,0.28944548347275345,0.010166735951013169,0.06461074634786697,0.3,0,0,0,0,0,-0.28514273021226055,-0.29421407899950114,0,0
109.77294326259755,137.98997206957193,17.07547639886051,0.28944548347275345,0.010166735951013169,0.06461074634786697,0.3,0,0,0,0,0,-0.28514273021226055,-0.29421407899950114,0,0
134.3591943699604,194.9110753588243,18.440841606842675,0.28944548347275345,0.010166735951013169,0.06461074634786697,0.3,0,0,0,0,0,-0.28514273021226055,-0.29421407899950114,0,0
164.75326598182954,157.11931592309642,18.339276104241605,0.28944548347275345,0.010166735951013169,0.06461074634786697,0.3,0,0,0,0,0,-0.28514273021226055,-0.29421407899950114,0,0
167.46934895889862,137.98997206957193,18.339276104241605,0.28944548347275345,0.010166735951013169,0.06461074634786697,0.3,0,0,0,0,0,-0.28514273021226055,-0.29421407899950114,0,0
129.25786434407527,215.92040254306553,18.373059168895537,0.28944548347275345,0.010166735951013169,0.06461074634786697,0.3,0,0,0,0,0,-0.28514273021226055,-0.29421407899950114,0,0
158.34116103748556,173.18670720903205,18.3055648241262,0.28944548347275345,0.010166735951013169,0.06461074634786697,0.3,0,0,0,0,0,-0.28514273021226055,-0.29421407899950114,0,0
120.84213728458607,137.0639518589543,17.808350823217232,0.28944548347275345,0.010166735951013169,0.06461074634786697,0.3,0,0,0,0,0,-0.28514273021226055,-0.29421407899950114,0,0
