FDist,LDist,RDist,XEst,YEst,ThetaEst,XDes,YDes,ThetaDes,XError,YError,ThetaError,SL,SR,RW,LW
17.939411375632368,44.22514953619365,74.25900132173959,0.0,0.0,0.0,0,0,0,0.0,0.0,0.0,0.0,0.0,0,0
34.69257006062114,45.766561441787665,68.23833891011859,0.0,0.0,0.0,0,0,0,0.0,0.0,0.0,0.0,0.0,0,0
44.573289080576004,166.09994149545804,21.949127558551538,0.0,0.0,0.0,0,0,0,0.0,0.0,0.0,0.0,0.0,0,0
54.67822383804812,1570.544100534677,35.82448132093792,0.0,0.0,0.0,0,0,0,0.0,0.0,0.0,0.0,0.0,0,0
64.1112337943502,93.09781934285294,21.09047995583375,0.0,0.0,0.0,0,0,0,0.0,0.0,0.0,0.0,0.0,0,0
96.67455639633857,1570.544100534677,18.474841460347584,0.0,0.0,0.0,0,0,0,0.0,0.0,0.0,0.0,0.0,0,0
96.21317986298715,528.3325926770696,17.51742772173086,0.0,0.0,0.0,0,0,0,0.0,0.0,0.0,0.0,0.0,0,0
245.3252030939217,900.238757316699,17.646055992159724,0.0,0.0,0.0,0,0,0,0.0,0.0,0.0,0.0,0.0,0,0
562.6000187683081,562.6000187683081,17.678380057162876,0.0,0.0,0.0,0,0,0,0.0,0.0,0.0,0.0,0.0,0,0
293.3703955349555,1570.544100534677,17.613798941900477,0.0,0.0,0.0,0,0,0,0.0,0.0,0.0,0.0,0.0,0,0
367.3069052663625,624.3377665398167,17.646055992159724,0.0,0.0,0.0,0,0,0,0.0,0.0,0.0,0.0,0.0,0,0
142.81538054950164,280.5772654118684,17.808350823217232,0.0,0.0,0.0,0,0,0,0.0,0.0,0.0,0.0,0.0,0,0
114.72272976706012,1570.544100534677,17.613798941900477,0.0,0.0,0.0,0,0,0,0.0,0.0,0.0,0.0,0.0,0,0
417.22151175368833,900.238757316699,17.939411375632368,0.0,0.0,0.0,0,0,0,0.0,0.0,0.0,0.0,0.0,0,0
674.6059938250444,1180.1265773010464,19.97166324722388,0.0,0.0,0.0,0,0,0,0.0,0.0,0.0,0.0,0.0,0,0
1180.1265773010464,323.12240163650586,20.23497444201862,0.0,0.0,0.0,0,0,0,0.0,0.0,0.0,0.0,0.0,0,0
674.6059938250444,1570.544100534677,20.197102771620948,0.0,0.0,0.0,0,0,0,0.0,0.0,0.0,0.0,0.0,0,0
1411.3480414449798,562.6000187683081,20.272932179340643,0.0,0.0,0.0,0,0,0,0.0,0.0,0.0,0.0,0.0,0,0
407.8990969411948,648.3999468665874,19.67576893443448,0.0,0.0,0.0,0,0,0,0.0,0.0,0.0,0.0,0.0,0,0
562.6000187683081,498.3296704628293,20.852837358537094,0.0,0.0,0.0,0,0,0,0.0,0.0,0.0,0.0,0.0,0,0
1180.1265773010464,808.2350827585409,21.371972721925673,0.0,0.0,0.0,0,0,0,0.0,0.0,0.0,0.0,0.0,0,0
