FDist,LDist,RDist,XEst,YEst,ThetaEst,XDes,YDes,ThetaDes,XError,YError,ThetaError,SL,SR,RW,LW
138.92864283985838,17.54948502152684,60.213094273732246,0.0,0.0,0.0,0,0,0,0.0,0.0,0.0,0.0,0.0,0,0
116.02925942608664,18.204859322179495,55.51020841703632,0.0,0.0,0.0,0,0,0,0.0,0.0,0.0,0.0,0.0,0,0
239.3652489782259,17.906543292002304,63.89502910136053,0.0,0.0,0.0,0,0,0,0.0,0.0,0.0,0.0,0.0,0,0
213.60849807698625,17.873743987908504,63.89502910136053,0.0,0.0,0.0,0,0,0,0.0,0.0,0.0,0.0,0.0,0,0
123.77355272308415,18.204859322179495,64.98920973082122,0.0,0.0,0.0,0,0,0,0.0,0.0,0.0,0.0,0.0,0,0
133.48121220361529,18.03843055896276,63.89502910136053,0.0,0.0,0.0,0,0,0,0.0,0.0,0.0,0.0,0.0,0,0
104.68049512451793,17.613798941900477,61.397967211159504,0.0,0.0,0.0,0,0,0,0.0,0.0,0.0,0.0,0.0,0,0
152.41788953728954,18.104791397724426,63.89502910136053,0.0,0.0,0.0,0,0,0,0.0,0.0,0.0,0.0,0.0,0,0
120.84213728458607,17.581608690126714,59.067719529011335,0.0,0.0,0.0,0,0,0,0.0,0.0,0.0,0.0,0.0,0,0
157.11931592309642,18.138076919253407,65.21205562750623,0.0,0.0,0.0,0,0,0,0.0,0.0,0.0,0.0,0.0,0,0
176.198566643824,17.939411375632368,63.466481404640184,0.0,0.0,0.0,0,0,0,0.0,0.0,0.0,0.0,0.0,0,0
198.76603234393832,18.440841606842675,61.599435781669065,0.0,0.0,0.0,0,0,0,0.0,0.0,0.0,0.0,0.0,0,0
111.57932338755117,17.808350823217232,61.397967211159504,0.0,0.0,0.0,0,0,0,0.0,0.0,0.0,0.0,0.0,0,0
144.84210166738234,18.238356668915443,63.89502910136053,0.0,0.0,0.0,0,0,0,0.0,0.0,0.0,0.0,0.0,0,0
122.29045980286173,18.474841460347584,65.21205562750623,0.0,0.0,0.0,0,0,0,0.0,0.0,0.0,0.0,0.0,0,0
151.28683687310368,18.3055648241262,65.43626790658098,0.0,0.0,0.0,0,0,0,0.0,0.0,0.0,0.0,0.0,0,0
94.8539958627646,17.581608690126714,63.254114597104426,0.0,0.0,0.0,0.3,0,0,0.3,0.0,0.0,0.0,0.0,0,0
177.7453057985956,18.204859322179495,64.98920973082122,0.007030294291072926,3.7852717090438502e-06,0.0010768457724644517,0.3,0,0,0.29296970570892705,-3.7852717090438502e-06,-0.0010768457724644517,-0.0069547007368844045,-0.0071058898833384135,0,0
134.3591943699604,18.00535478258695,65.21205562750623,0.035000140432579284,9.414321776750948e-05,0.005384228862322258,0.3,0,0,0.2649998595674207,-9.414321776750948e-05,-0.005384228862322258,-0.03462231453796801,-0.03537826027023806,0,0
110.97077873540402,17.972348463819834,65.43626790658098,0.06485926539877386,0.0003031455021732378,0.00861476617971562,0.3,0,0,0.23514073460122614,-0.0003031455021732378,-0.00861476617971562,-0.06425538724295374,-0.06546490041458582,0,0
112.19442975602797,18.071576020988715,67.04513494735056,0.0941134111269168,0.0005394171629761369,0.007537920407251175,0.3,0,0,0.2058865888730832,-0.0005394171629761369,-0.007537920407251175,-0.09358608165503145,-0.09464440568020951,0,0
213.60849807698625,17.906543292002304,66.81098138696464,0.122536558662901,0.0006924553731554645,0.003230537317393368,0.3,0,0,0.177463441337099,-0.0006924553731554645,-0.003230537317393368,-0.12231201948129311,-0.12276558692065515,0,0
157.11931592309642,17.646055992159724,62.624502623767405,0.15050655075689262,0.000692455373155465,-0.003230537317393329,0.3,0,0,0.14949344924310737,-0.000692455373155465,0.003230537317393329,-0.15073557901464676,-0.15028201157528476,0,0
185.91929651913173,18.104791397724426,64.98920973082122,0.17212614743168747,0.0005527676016822767,-0.009691611952180025,0.3,0,0,0.12787385256831252,-0.0005527676016822767,0.009691611952180025,-0.17280919439693204,-0.171448492078846,0,0
129.25786434407527,18.271925091134115,64.1112337943502,0.1979028170684955,0.00031682228173456116,-0.00861476617971558,0.3,0,0,0.1020971829315045,-0.00031682228173456116,0.00861476617971558,-0.19851134929411354,-0.1973018361224815,0,0
138.92864283985838,18.339276104241605,64.3287418393918,0.2225462907300137,0.0001841348973769536,-0.0021536915449288834,0.3,0,0,0.07745370926998629,-0.0001841348973769536,0.0021536915449288834,-0.22270161272675496,-0.22239923443384696,0,0
151.28683687310368,18.071576020988715,59.255959637469736,0.24567823013747703,0.00018413489737695407,0.0021536915449289233,0.3,0,0,0.05432176986252296,-0.00018413489737695407,-0.0021536915449289233,-0.2455311738413103,-0.2458335521342183,0,0
137.98997206957193,17.939411375632368,53.70767109186179,0.26623994213356855,0.00020627669857309878,3.252606517456513e-17,0.3,0,0,0.03376005786643144,-0.00020627669857309878,-3.252606517456513e-17,-0.2662440869055095,-0.2662440869055095,0,0
236.49825525583836,17.873743987908504,49.68085184346885,0.2760581215029688,-0.00021689164084482215,-0.08614766179715598,0.3,0,0,0.023941878497031166,0.00021689164084482215,0.08614766179715598,-0.28211894728318043,-0.2700238155668597,0,0
166.09994149545804,17.51742772173086,50.102785059575574,0.2813092181919361,-0.0008705177723939828,-0.16152686586966747,0.3,0,0,0.018690781808063883,0.0008705177723939828,0.16152686586966747,-0.292702187534961,-0.2700238155668597,0,0
177.7453057985956,17.972348463819834,59.445249703111536,0.28391754509010464,-0.0013142988912716465,-0.17552586091170533,0.3,0,0,0.01608245490989535,0.0013142988912716465,0.17552586091170533,-0.29633072704985725,-0.2716868961778538,0,0
118.73212177360972,17.906543292002304,60.01951173605402,0.29210117644698025,-0.002274830843147344,-0.05814967171308029,0.3,0,0,0.00789882355301974,0.002274830843147344,0.05814967171308029,-0.29633072704985725,-0.28816651314134073,0,0
167.46934895889862,17.873743987908504,58.880520330140875,0.3013234523684873,-0.0022053127445938853,0.07322551252758262,0.3,0,0,-0.001323452368487299,0.0022053127445938853,-0.07322551252758262,-0.29633072704985725,-0.3066115890087298,0,0
102.04483787812359,18.271925091134115,59.255959637469736,0.3085984995622073,-0.0012878213290675872,0.1776795524566343,0.3,0,0,-0.008598499562207318,0.0012878213290675872,-0.1776795524566343,-0.29633072704985725,-0.32127693621476866,0,0
177.7453057985956,17.743230101200233,61.802071720251114,0.3121521475207424,-0.0005544147583560207,0.2293681495349279,0.3,0,0,-0.012152147520742396,0.0005544147583560207,-0.2293681495349279,-0.29633072704985725,-0.3285340152445611,0,0
152.41788953728954,18.339276104241605,61.599435781669065,0.3121521475207424,-0.0005544147583560207,0.2293681495349279,0.3,0,0,-0.012152147520742396,0.0005544147583560207,-0.2293681495349279,-0.29633072704985725,-0.3285340152445611,0,0
129.25786434407527,17.939411375632368,60.603559569501805,0.31185739504271187,-0.0006218951904591782,0.2207533833552123,0.3,0,0,-0.011857395042711882,0.0006218951904591782,-0.2207533833552123,-0.29663310534276527,-0.32762688036583704,0,0
174.67928447558052,17.646055992159724,56.71216714571853,0.3099291515492588,-0.0010025600468409005,0.16906478627691868,0.3,0,0,-0.00992915154925883,0.0010025600468409005,-0.16906478627691868,-0.29829618595375934,-0.3220328819470387,0,0
158.34116103748556,18.138076919253407,63.043003529206196,0.30917675323769445,-0.0010757087371393577,0.024767452766682352,0.3,0,0,-0.009176753237694457,0.0010757087371393577,-0.024767452766682352,-0.3076699130339079,-0.3111472634023501,0,0
127.64222867598318,17.678380057162876,59.067719529011335,0.3086487892387732,-0.0010401215005176221,-0.1593731743247386,0.3,0,0,-0.008648789238773213,0.0010401215005176221,0.1593731743247386,-0.3200674230431366,-0.29769142936794335,0,0
254.878386734463,18.373059168895537,63.043003529206196,0.30769643803310454,-0.0007976666453518963,-0.3392064183263018,0.3,0,0,-0.007696438033104547,0.0007976666453518963,0.3392064183263018,-0.3317089873200953,-0.2840844061870826,0,0
196.81893899271049,18.00535478258695,64.1112337943502,0.30637536196521226,-0.00023401180164179408,-0.4673510652495714,0.3,0,0,-0.006375361965212267,0.00023401180164179408,0.4673510652495714,-0.3392684446427957,-0.273652355081756,0,0
251.60762066022812,17.775756517532926,69.97442321249366,0.30563976523377473,0.00015374679383296563,-0.5028869757408982,0.3,0,0,-0.005639765233774741,-0.00015374679383296563,0.5028869757408982,-0.3409315252537898,-0.2703261938597678,0,0
193.04122344313365,17.581608690126714,62.833136667956715,0.30523728502889463,0.00036287141392611557,-0.45550576175246243,0.3,0,0,-0.005237285028894645,-0.00036287141392611557,0.45550576175246243,-0.33715179659243955,-0.27319878764239397,0,0
223.1819809443389,17.841013239325363,68.23833891011859,0.30388205955646524,0.0008385947356942586,-0.21967653758274783,0.3,0,0,-0.003882059556465256,-0.0008385947356942586,0.21967653758274783,-0.3191602881644125,-0.28831770228779485,0,0
136.15031850713706,17.775756517532926,68.23833891011859,0.30267264736685695,0.0008542238104709206,0.193832239043601,0.3,0,0,-0.0026726473668569617,-0.0008542238104709206,-0.193832239043601,-0.28892245887361073,-0.3161365052353325,0,0
