FDist,LDist,RDist,XEst,YEst,ThetaEst,XDes,YDes,ThetaDes,XError,YError,ThetaError,SL,SR,RW,LW
101.5330368193872,18.373059168895537,67.99665713203012,0.0,0.0,0.0,0,0,0,0.0,0.0,0.0,0.0,0.0,0,0
116.02925942608664,18.57727846314466,72.05879380612686,0.0,0.0,0.0,0,0,0,0.0,0.0,0.0,0.0,0.0,0,0
544.8761250677193,17.421651905480985,63.043003529206196,0.0,0.0,0.0,0,0,0,0.0,0.0,0.0,0.0,0.0,0,0
674.6059938250444,20.425629923801807,44.22514953619365,0.0,0.0,0.0,0,0,0,0.0,0.0,0.0,0.0,0.0,0,0
648.3999468665874,734.7683303247097,19.38510129674627,0.0,0.0,0.0,0,0,0,0.0,0.0,0.0,0.0,0.0,0,0
245.3252030939217,484.6780696502813,20.81355115370998,0.0,0.0,0.0,0,0,0,0.0,0.0,0.0,0.0,0.0,0,0
85.90410486184942,346.8640580657511,24.037345561355124,0.0,0.0,0.0,0,0,0,0.0,0.0,0.0,0.0,0.0,0,0
59.635598880684206,544.8761250677193,32.15651414002179,0.0,0.0,0.0,0,0,0,0.0,0.0,0.0,0.0,0.0,0,0
81.32922784467303,459.67991945810627,45.52376917564831,0.0,0.0,0.0,0,0,0,0.0,0.0,0.0,0.0,0.0,0,0
63.254114597104426,769.566351540633,46.13474391281483,-7.559456226960134e-05,4.070184633380478e-08,-0.0010768457724644501,0,0,0,7.559456226960134e-05,-4.070184633380478e-08,0.0010768457724644501,0.0,0.00015118914645400878,0,0
59.635598880684206,624.3377665398167,45.64490144276858,-7.559456226960134e-05,4.070184633380478e-08,-0.0010768457724644501,0,0,0,7.559456226960134e-05,-4.070184633380478e-08,0.0010768457724644501,0.0,0.00015118914645400878,0,0
69.22073170815571,23.16370274985499,53.39067041585029,-7.559456226960134e-05,4.070184633380478e-08,-0.0010768457724644501,0,0,0,7.559456226960134e-05,-4.070184633380478e-08,0.0010768457724644501,0.0,0.00015118914645400878,0,0
674.6059938250444,236.49825525583836,23.389564303261636,-7.559456226960134e-05,4.070184633380478e-08,-0.0010768457724644501,0,0,0,7.559456226960134e-05,-4.070184633380478e-08,0.0010768457724644501,0.0,0.00015118914645400878,0,0
471.8179059817352,48.9906970233985,20.046470706490737,-7.559456226960134e-05,4.070184633380478e-08,-0.0010768457724644501,0,0,0,7.559456226960134e-05,-4.070184633380478e-08,0.0010768457724644501,0.0,0.00015118914645400878,0,0
119.42733126216413,27.546944329386996,18.071576020988715,-7.559456226960134e-05,4.070184633380478e-08,-0.0010768457724644501,0,0,0,7.559456226960134e-05,-4.070184633380478e-08,0.0010768457724644501,0.0,0.00015118914645400878,0,0
68.97275209823704,28.711534351575374,17.581608690126714,-7.559456226960134e-05,4.070184633380478e-08,-0.0010768457724644501,0,0,0,7.559456226960134e-05,-4.070184633380478e-08,0.0010768457724644501,0.0,0.00015118914645400878,0,0
55.51020841703632,35.33264212856703,17.710771354120418,-7.559456226960134e-05,4.070184633380478e-08,-0.0010768457724644501,0,0,0,7.559456226960134e-05,-4.070184633380478e-08,0.0010768457724644501,0.0,0.00015118914645400878,0,0
119.42733126216413,23.943387448052704,17.200458509512664,-8.765920537460049e-11,-8.140364546988266e-08,-0.0021536915449289003,0,0,0,8.765920537460049e-11,8.140364546988266e-08,0.0021536915449289003,-0.00015118914645400878,0.00015118914645400878,0,0
112.19442975602797,194.9110753588243,19.206024670629454,-8.765920537460049e-11,-8.140364546988266e-08,-0.0021536915449289003,0,0,0,8.765920537460049e-11,8.140364546988266e-08,0.0021536915449289003,-0.00015118914645400878,0.00015118914645400878,0,0
95.30295822324965,182.55823066529945,18.714890970363626,-8.765920537460049e-11,-8.140364546988266e-08,-0.0021536915449289003,0,0,0,8.765920537460049e-11,8.140364546988266e-08,0.0021536915449289003,-0.00015118914645400878,0.00015118914645400878,0,0
90.98786202822609,167.46934895889862,18.818881403249385,7.55942116328815e-05,-2.8491264115032667e-07,-0.0032305373173933507,0,0,0,-7.55942116328815e-05,2.8491264115032667e-07,0.0032305373173933507,-0.00030237829290801757,0.00015118914645400878,0,0
93.53102222430564,248.42442609070224,18.373059168895537,7.55942116328815e-05,-2.8491264115032667e-07,-0.0032305373173933507,0,0,0,-7.55942116328815e-05,2.8491264115032667e-07,0.0032305373173933507,-0.00030237829290801757,0.00015118914645400878,0,0
120.84213728458607,160.8439044330725,19.206024670629454,-7.559353227567104e-05,3.6631491788759947e-07,-0.005384228862322251,0,0,0,7.559353227567104e-05,-3.6631491788759947e-07,0.005384228862322251,-0.00030237829290801757,0.00045356743936202635,0,0
328.72509627198025,265.2554052777127,19.786108976753717,0.0006047220264744635,-6.5935797436411495e-06,-0.015075840814502302,0,0,0,-0.0006047220264744635,6.5935797436411495e-06,0.015075840814502302,-0.0016630806109940966,0.00045356743936202635,0,0
191.20821604693444,139.88023555455067,19.566163838158445,0.0006803097514277963,-7.6110952237376945e-06,-0.011845303497108953,0,0,0,-0.0006803097514277963,7.6110952237376945e-06,0.011845303497108953,-0.0015118914645400878,0.00015118914645400878,0,0
120.13062066766372,139.88023555455067,19.028900223129533,0.0006803097514277963,-7.6110952237376945e-06,-0.011845303497108953,0,0,0,-0.0006803097514277963,7.6110952237376945e-06,0.011845303497108953,-0.0015118914645400878,0.00015118914645400878,0,0
245.3252030939217,146.92774685951784,19.602617680935374,0.0006803097514277963,-7.6110952237376945e-06,-0.011845303497108953,0,0,0,-0.0006803097514277963,7.6110952237376945e-06,0.011845303497108953,-0.0015118914645400878,0.00015118914645400878,0,0
176.198566643824,167.46934895889862,19.639152619200075,0.0006803097514277963,-7.6110952237376945e-06,-0.011845303497108953,0,0,0,-0.0006803097514277963,7.6110952237376945e-06,0.011845303497108953,-0.0015118914645400878,0.00015118914645400878,0,0
176.198566643824,139.88023555455067,19.529790810708228,0.0006803097514277963,-7.6110952237376945e-06,-0.011845303497108953,0,0,0,-0.0006803097514277963,7.6110952237376945e-06,0.011845303497108953,-0.0015118914645400878,0.00015118914645400878,0,0
191.20821604693444,265.2554052777127,19.38510129674627,0.0006803097514277963,-7.6110952237376945e-06,-0.011845303497108953,0,0,0,-0.0006803097514277963,7.6110952237376945e-06,0.011845303497108953,-0.0015118914645400878,0.00015118914645400878,0,0
125.29273453547381,133.48121220361529,19.099517867391533,0.0006803097514277963,-7.6110952237376945e-06,-0.011845303497108953,0,0,0,-0.0006803097514277963,7.6110952237376945e-06,0.011845303497108953,-0.0015118914645400878,0.00015118914645400878,0,0
176.198566643824,146.92774685951784,19.529790810708228,0.0006803097514277963,-7.6110952237376945e-06,-0.011845303497108953,0,0,0,-0.0006803097514277963,7.6110952237376945e-06,0.011845303497108953,-0.0015118914645400878,0.00015118914645400878,0,0
202.78305134967044,151.28683687310368,19.786108976753717,0.0006803097514277963,-7.6110952237376945e-06,-0.011845303497108953,0,0,0,-0.0006803097514277963,7.6110952237376945e-06,0.011845303497108953,-0.0015118914645400878,0.00015118914645400878,0,0
177.7453057985956,288.9697116820819,19.639152619200075,0.0006803097514277963,-7.6110952237376945e-06,-0.011845303497108953,0,0,0,-0.0006803097514277963,7.6110952237376945e-06,0.011845303497108953,-0.0015118914645400878,0.00015118914645400878,0,0
