FDist,LDist,RDist,XEst,YEst,ThetaEst,XDes,YDes,ThetaDes,XError,YError,ThetaError,SL,SR,RW,LW
146.92774685951784,179.3202830877122,18.138076919253407,0.0,0.0,0.0,0,0,0,0.0,0.0,0.0,0.0,0.0,0,0
120.84213728458607,242.3065498311679,17.106626529125542,0.0,0.0,0.0,0,0,0,0.0,0.0,0.0,0.0,0.0,0,0
126.06628950603962,151.28683687310368,16.98240478570954,0.0,0.0,0.0,0,0,0,0.0,0.0,0.0,0.0,0.0,0,0
105.22351709380416,184.22292190812155,16.736956733533653,0.0,0.0,0.0,0,0,0,0.0,0.0,0.0,0.0,0.0,0,0
123.77355272308415,160.8439044330725,16.828536125634848,0.0,0.0,0.0,0,0,0,0.0,0.0,0.0,0.0,0.0,0,0
130.08105893503551,167.46934895889862,17.106626529125542,0.0,0.0,0.0,0,0,0,0.0,0.0,0.0,0.0,0.0,0,0
120.84213728458607,162.1258003695371,17.808350823217232,0.0,0.0,0.0,0,0,0,0.0,0.0,0.0,0.0,0.0,0,0
134.3591943699604,167.46934895889862,18.00535478258695,0.0,0.0,0.0,0,0,0,0.0,0.0,0.0,0.0,0.0,0,0
125.29273453547381,160.8439044330725,17.939411375632368,0.0,0.0,0.0,0,0,0,0.0,0.0,0.0,0.0,0.0,0,0
134.3591943699604,213.60849807698625,17.044389531385626,0.0,0.0,0.0,0,0,0,0.0,0.0,0.0,0.0,0.0,0,0
120.84213728458607,242.3065498311679,17.29486713793426,0.0,0.0,0.0,0,0,0,0.0,0.0,0.0,0.0,0.0,0,0
130.08105893503551,198.76603234393832,17.137840123031808,0.0,0.0,0.0,0,0,0,0.0,0.0,0.0,0.0,0.0,0,0
143.82153882231913,209.13650375320472,18.104791397724426,0.0,0.0,0.0,0,0,0,0.0,0.0,0.0,0.0,0.0,0,0
89.36420701132127,193.04122344313365,16.767421832471115,0.0,0.0,0.0,0,0,0,0.0,0.0,0.0,0.0,0.0,0,0
124.52854747504531,158.34116103748556,18.00535478258695,0.0,0.0,0.0,0,0,0,0.0,0.0,0.0,0.0,0.0,0,0
159.58252707905322,185.91929651913173,17.906543292002304,0.0,0.0,0.0,0,0,0,0.0,0.0,0.0,0.0,0.0,0,0
129.25786434407527,157.11931592309642,18.138076919253407,0.0,0.0,0.0,0,0,0,0.0,0.0,0.0,0.0,0.0,0,0
145.87739303694283,160.8439044330725,18.238356668915443,0.0,0.0,0.0,0,0,0,0.0,0.0,0.0,0.0,0.0,0,0
102.56164513946942,167.46934895889862,17.51742772173086,0.0,0.0,0.0,0,0,0,0.0,0.0,0.0,0.0,0.0,0,0
120.84213728458607,162.1258003695371,18.138076919253407,0.0,0.0,0.0,0,0,0,0.0,0.0,0.0,0.0,0.0,0,0
134.3591943699604,150.1726803268919,18.171432816688856,0.0,0.0,0.0,0,0,0,0.0,0.0,0.0,0.0,0.0,0,0
130.91477695173097,265.2554052777127,18.00535478258695,0.0,0.0,0.0,0,0,0,0.0,0.0,0.0,0.0,0.0,0,0
136.15031850713706,176.198566643824,18.3055648241262,0.0,0.0,0.0,0,0,0,0.0,0.0,0.0,0.0,0.0,0,0
134.3591943699604,159.58252707905322,18.03843055896276,0.0,0.0,0.0,0,0,0,0.0,0.0,0.0,0.0,0.0,0,0
87.79450977305973,191.20821604693444,17.106626529125542,0.0,0.0,0.0,0,0,0,0.0,0.0,0.0,0.0,0.0,0,0
125.29273453547381,196.81893899271049,18.03843055896276,0.0,0.0,0.0,0,0,0,0.0,0.0,0.0,0.0,0.0,0,0
129.25786434407527,254.878386734463,17.581608690126714,0.0,0.0,0.0,0,0,0,0.0,0.0,0.0,0.0,0.0,0,0
128.44498763419128,176.198566643824,17.841013239325363,0.0,0.0,0.0,0,0,0,0.0,0.0,0.0,0.0,0.0,0,0
141.82331249922515,177.7453057985956,17.389857955850943,0.0,0.0,0.0,0,0,0,0.0,0.0,0.0,0.0,0.0,0,0
159.58252707905322,367.3069052663625,17.841013239325363,0.0,0.0,0.0,0,0,0,0.0,0.0,0.0,0.0,0.0,0,0
55.84911445261101,159.58252707905322,17.939411375632368,0.0,0.0,0.0,0,0,0,0.0,0.0,0.0,0.0,0.0,0,0
88.5727896902875,213.60849807698625,17.775756517532926,0.0,0.0,0.0,0,0,0,0.0,0.0,0.0,0.0,0.0,0,0
112.19442975602797,167.46934895889862,17.775756517532926,0.0,0.0,0.0,0,0,0,0.0,0.0,0.0,0.0,0.0,0,0
105.77203060255431,37.54159736874482,17.808350823217232,0.0,0.0,0.0,0,0,0,0.0,0.0,0.0,0.0,0.0,0,0
35.17096471366344,38.91410827618916,18.00535478258695,0.0,0.0,0.0,0,0,0,0.0,0.0,0.0,0.0,0.0,0,0
703.2691653992177,1570.544100534677,45.283073634897775,0.0,0.0,0.0,0,0,0,0.0,0.0,0.0,0.0,0.0,0,0
1180.1265773010464,187.6483042942066,80.33749690282312,0.0,0.0,0.0,0,0,0,0.0,0.0,0.0,0.0,0.0,0,0
251.60762066022812,25.609067445845334,189.41093412341306,0.0,0.0,0.0,0,0,0,0.0,0.0,0.0,0.0,0.0,0,0
328.72509627198025,108.6000844939372,390.5444991736698,0.0,0.0,0.0,0,0,0,0.0,0.0,0.0,0.0,0.0,0,0
674.6059938250444,130.08105893503551,448.2028325964311,0.0,0.0,0.0,0,0,0,0.0,0.0,0.0,0.0,0.0,0,0
498.3296704628293,769.566351540633,323.12240163650586,0.0,0.0,0.0,0,0,0,0.0,0.0,0.0,0.0,0.0,0,0
18.611570757963946,209.13650375320472,233.7026839645806,0.0,0.0,0.0,0,0,0,0.0,0.0,0.0,0.0,0.0,0,0
25.004130828076164,108.6000844939372,21.130411066922797,0.0,0.0,0.0,0,0,0,0.0,0.0,0.0,0.0,0.0,0,0
268.9169663380496,22.632955363231254,17.710771354120418,0.0,0.0,0.0,0,0,0,0.0,0.0,0.0,0.0,0.0,0,0
32.369070457727666,23.61828058878553,18.474841460347584,0.0,0.0,0.0,0,0,0,0.0,0.0,0.0,0.0,0.0,0,0
32.44038053928213,19.38510129674627,18.138076919253407,0.0,0.0,0.0,0,0,0,0.0,0.0,0.0,0.0,0.0,0,0
29.013419717033194,23.389564303261636,18.6459367757314,0.0,0.0,0.0,0,0,0,0.0,0.0,0.0,0.0,0.0,0,0
39.87305607130267,19.206024670629454,32.369070457727666,0.0,0.0,0.0,0,0,0,0.0,0.0,0.0,0.0,0.0,0,0
1411.3480414449798,25.86691420803121,27.26606267467261,0.0,0.0,0.0,0,0,0,0.0,0.0,0.0,0.0,0.0,0,0
353.40072554933454,36.326794512671405,25.456014597653017,0.0,0.0,0.0,0,0,0,0.0,0.0,0.0,0.0,0.0,0,0
353.40072554933454,39.87305607130267,22.546013685281594,0.0,0.0,0.0,0,0,0,0.0,0.0,0.0,0.0,0.0,0,0
187.6483042942066,37.452770077611675,25.71178945415557,0.0,0.0,0.0,0,0,0,0.0,0.0,0.0,0.0,0.0,0,0
200.75362703878065,38.820199780260964,23.80334702660077,0.0,0.0,0.0,0,0,0,0.0,0.0,0.0,0.0,0.0,0,0
74.54267433246892,37.81003834541127,20.618475673047115,0.0,0.0,0.0,0,0,0,0.0,0.0,0.0,0.0,0.0,0,0
211.34777997197892,38.26408367033017,21.010896801842307,0.0,0.0,0.0,0,0,0,0.0,0.0,0.0,0.0,0.0,0,0
674.6059938250444,39.87305607130267,21.949127558551538,0.0,0.0,0.0,0,0,0,0.0,0.0,0.0,0.0,0.0,0,0
360.20900612823414,37.63074993470196,21.740789092600608,0.0,0.0,0.0,0,0,0,0.0,0.0,0.0,0.0,0.0,0,0
484.6780696502813,38.44807213279861,22.202459096284322,0.0,0.0,0.0,0,0,0,0.0,0.0,0.0,0.0,0.0,0,0
293.3703955349555,39.00837153363536,21.412565389122804,0.0,0.0,0.0,0,0,0,0.0,0.0,0.0,0.0,0.0,0,0
288.9697116820819,39.19797072143669,22.202459096284322,0.0,0.0,0.0,0,0,0,0.0,0.0,0.0,0.0,0.0,0,0
223.1819809443389,38.91410827618916,22.202459096284322,0.0,0.0,0.0,0,0,0,0.0,0.0,0.0,0.0,0.0,0,0
674.6059938250444,39.19797072143669,22.245039036567718,0.0,0.0,0.0,0,0,0,0.0,0.0,0.0,0.0,0.0,0,0
268.9169663380496,39.67832560006777,21.949127558551538,0.0,0.0,0.0,0,0,0,0.0,0.0,0.0,0.0,0.0,0,0
268.9169663380496,39.29331088815539,21.90726008446299,0.0,0.0,0.0,0,0,0,0.0,0.0,0.0,0.0,0.0,0,0
808.2350827585409,39.00837153363536,22.245039036567718,0.0,0.0,0.0,0,0,0,0.0,0.0,0.0,0.0,0.0,0,0
323.12240163650586,39.10299164548677,22.37340035638271,0.0,0.0,0.0,0,0,0,0.0,0.0,0.0,0.0,0.0,0,0
293.3703955349555,39.00837153363536,21.90726008446299,0.0,0.0,0.0,0,0,0,0.0,0.0,0.0,0.0,0.0,0,0
674.6059938250444,39.10299164548677,21.90726008446299,0.0,0.0,0.0,0,0,0,0.0,0.0,0.0,0.0,0.0,0,0
417.22151175368833,39.38901428946319,22.117607626819968,0.0,0.0,0.0,0,0,0,0.0,0.0,0.0,0.0,0.0,0,0
293.3703955349555,39.00837153363536,22.28772229885734,0.0,0.0,0.0,0,0,0,0.0,0.0,0.0,0.0,0.0,0,0
544.8761250677193,39.48508308650554,22.117607626819968,0.0,0.0,0.0,1.0,0,0,1.0,0.0,0.0,0.0,0.0,0,0
242.3065498311679,38.44807213279861,21.130411066922797,0.018520646279547016,-2.991584549190352e-05,-0.003230537317393361,1.0,0,0,0.981479353720453,2.991584549190352e-05,0.003230537317393361,-0.018747454160297092,-0.018293886720935064,0,0
399.01729906632625,27.660416147404213,17.389857955850943,0.10552847401977238,0.00048540724309314325,0.015075840814502237,1.0,0,0,0.8944715259802276,-0.00048540724309314325,-0.015075840814502237,-0.10447170019972007,-0.10658834825007618,0,0
245.3252030939217,20.197102771620948,25.55791304847336,0.2063040524326231,0.0041767284781770875,0.05814967171308025,1.0,0,0,0.7936959475673769,-0.0041767284781770875,-0.05814967171308025,-0.20229107795546375,-0.2104552918639802,0,0
209.13650375320472,21.371972721925673,35.7417900319635,0.2866241267120472,0.009677567840720224,0.07860974138990479,1.0,0,0,0.7133758732879528,-0.009677567840720224,-0.07860974138990479,-0.2813630015509103,-0.292399809242053,0,0
245.3252030939217,34.613790153652,20.15931686442059,0.3850911755430131,0.01780755450743634,0.08614766179715588,1.0,0,0,0.6149088244569869,-0.01780755450743634,-0.08614766179715588,-0.37963594674601603,-0.3917310784623368,0,0
297.9167592848756,158.34116103748556,44.11008151330754,0.4814313964802937,0.025970877496351595,0.08291712447976247,1.0,0,0,0.5185686035197064,-0.025970877496351595,-0.08291712447976247,-0.4765481896230357,-0.4881897538999944,0,0
139.88023555455067,176.198566643824,27.94694360726399,0.5747998572289688,0.03337628979481613,0.07537920407251138,1.0,0,0,0.42520014277103124,-0.03337628979481613,-0.07537920407251138,-0.5707390278638832,-0.5813222681156638,0,0
225.71785045590883,323.12240163650586,143.82153882231913,0.6640257730466576,0.039390532783889404,0.05922651748554453,1.0,0,0,0.33597422695334245,-0.039390532783889404,-0.05922651748554453,-0.6613013265898344,-0.6696167296448049,0,0
153.56624101955603,202.78305134967044,131.75922954059277,0.7479105538643979,0.04350388409806186,0.03876644780871999,1.0,0,0,0.25208944613560214,-0.04350388409806186,-0.03876644780871999,-0.7467231943363494,-0.7521660036086937,0,0
160.8439044330725,258.2405371440609,251.60762066022812,0.8267304493725882,0.04549891645544004,0.01184530349710873,1.0,0,0,0.17326955062741178,-0.04549891645544004,-0.01184530349710873,-0.82745819854279,-0.8291212791537842,0,0
228.31501027837746,200.75362703878065,120.84213728458607,0.8981660681514874,0.04592200969498205,-2.42861286636753e-16,1.0,0,0,0.10183393184851264,-0.04592200969498205,2.42861286636753e-16,-0.8997266105478062,-0.8997266105478063,0,0
213.60849807698625,133.48121220361529,147.99350743133397,0.9559867884619541,0.04489454559840616,-0.035535910491327066,1.0,0,0,0.04401321153804594,-0.04489454559840616,0.035535910491327066,-0.9600510799829557,-0.9550618381499736,0,0
211.34777997197892,151.28683687310368,142.81538054950164,0.999547809797542,0.04266444653041796,-0.06676443789279615,1.0,0,0,0.0004521902024580138,-0.04266444653041796,0.06676443789279615,-1.0058613913585204,-0.996487664278372,0,0
184.22292190812155,125.29273453547381,149.07502982648927,1.0319558237509492,0.040146712350721356,-0.08830135334208511,1.0,0,0,-0.031955823750949186,-0.040146712350721356,0.08830135334208511,-1.0398789493106724,-1.0274814393014438,0,0
248.42442609070224,107.45140018288424,141.82331249922515,1.051451891815294,0.03834661393062422,-0.09583927374933625,1.0,0,0,-0.05145189181529397,-0.03834661393062422,0.09583927374933625,-1.0599871057890555,-1.0465312717546489,0,0
268.9169663380496,126.84939257625024,142.81538054950164,1.061765503169858,0.03740554393945801,-0.0861476617971562,1.0,0,0,-0.06176550316985807,-0.03740554393945801,0.0861476617971562,-1.069663211162112,-1.0575680794457916,0,0
230.97580043058096,126.84939257625024,139.88023555455067,1.0641021850145582,0.037227807006130965,-0.06568759212033165,1.0,0,0,-0.06410218501455822,-0.037227807006130965,0.06568759212033165,-1.070570346040836,-1.0613478081071417,0,0
272.6876389629632,140.84502956740286,149.07502982648927,1.0640267508119379,0.03723272844661191,-0.0646107463478672,1.0,0,0,-0.06402675081193787,-0.03723272844661191,0.0646107463478672,-1.070419156894382,-1.0613478081071417,0,0
170.27879631253745,116.02925942608664,153.56624101955603,1.0638758771289334,0.0372424900951488,-0.0646107463478672,1.0,0,0,-0.06387587712893339,-0.0372424900951488,0.0646107463478672,-1.0702679677479279,-1.0611966189606876,0,0
213.60849807698625,133.48121220361529,171.72011046907937,1.063649543248142,0.03725676699671396,-0.06138020903047385,1.0,0,0,-0.0636495432481421,-0.03725676699671396,0.06138020903047385,-1.069814400308566,-1.0611966189606876,0,0
360.20900612823414,137.98997206957193,180.92431015592842,1.0619885025761362,0.0373391138521904,-0.037689602036255945,1.0,0,0,-0.061988502576136195,-0.0373391138521904,0.037689602036255945,-1.0664882390865777,-1.0611966189606876,0,0
328.72509627198025,139.88023555455067,168.8620920208621,1.060477158948674,0.03737981078423833,-0.01615268658696694,1.0,0,0,-0.06047715894867389,-0.03737981078423833,0.01615268658696694,-1.0634644561574975,-1.0611966189606876,0,0
187.6483042942066,189.41093412341306,143.82153882231913,1.0585117046030499,0.0373840437731892,0.011845303497108758,1.0,0,0,-0.058511704603049886,-0.0373840437731892,-0.011845303497108758,-1.0595335383496933,-1.0611966189606876,0,0
140.84502956740286,194.9110753588243,158.34116103748556,1.0560937006449787,0.03731372088816592,0.04630436821597116,1.0,0,0,-0.05609370064497865,-0.03731372088816592,-0.04630436821597116,-1.054695485663165,-1.0611966189606876,0,0
196.81893899271049,353.40072554933454,137.0639518589543,1.0535288480339027,0.03714777286303865,0.08291712447976246,1.0,0,0,-0.053528848033902676,-0.03714777286303865,-0.08291712447976246,-1.0495550546837287,-1.0611966189606876,0,0
228.31501027837746,160.8439044330725,297.9167592848756,1.0510445474886427,0.036921091770275985,0.09906981106672921,1.0,0,0,-0.05104454748864273,-0.036921091770275985,-0.09906981106672921,-1.0459265151688324,-1.0598359166426015,0,0
200.75362703878065,323.12240163650586,248.42442609070224,1.049463321953075,0.036780245308574495,0.07860974138990466,1.0,0,0,-0.0494633219530749,-0.036780245308574495,-0.07860974138990466,-1.0457753260223783,-1.0568121337135212,0,0
228.31501027837746,179.3202830877122,185.91929651913173,1.0481813127787616,0.03669105790546559,0.06030336325800901,1.0,0,0,-0.04818131277876159,-0.03669105790546559,-0.06030336325800901,-1.0457753260223783,-1.054241918223803,0,0
233.7026839645806,198.76603234393832,120.84213728458607,1.0466712758042107,0.03661619712775973,0.03876644780872,1.0,0,0,-0.04667127580421071,-0.03661619712775973,-0.03876644780872,-1.0457753260223783,-1.0512181352947227,0,0
105.22351709380416,149.07502982648927,132.61463364415852,1.0450087978140021,0.036571430502507,0.015075840814502098,1.0,0,0,-0.04500879781400213,-0.036571430502507,-0.015075840814502098,-1.0457753260223783,-1.0478919740727346,0,0
228.31501027837746,261.6981137825328,147.99350743133397,1.043345725881264,0.0365660578678765,-0.008614766179715808,1.0,0,0,-0.04334572588126395,-0.0365660578678765,0.008614766179715808,-1.0457753260223783,-1.0445658128507465,0,0
179.3202830877122,144.84210166738234,141.82331249922515,1.041985251558459,0.03659096600776485,-0.02799799008407591,1.0,0,0,-0.04198525155845889,-0.03659096600776485,0.02799799008407591,-1.0457753260223783,-1.0418444082145744,0,0
177.7453057985956,131.75922954059277,136.15031850713706,1.0405500040284759,0.03664585942880029,-0.04845805976090046,1.0,0,0,-0.04055000402847586,-0.03664585942880029,0.04845805976090046,-1.0457753260223783,-1.0389718144319482,0,0
198.76603234393832,138.92864283985838,204.85569342211394,1.0400215635393133,0.03667348342164793,-0.05599598016815161,1.0,0,0,-0.0400215635393133,-0.03667348342164793,0.05599598016815161,-1.0457753260223783,-1.0379134904067702,0,0
166.09994149545804,150.1726803268919,104.68049512451793,1.0400215635393133,0.03667348342164793,-0.05599598016815161,1.0,0,0,-0.0400215635393133,-0.03667348342164793,0.05599598016815161,-1.0457753260223783,-1.0379134904067702,0,0
187.6483042942066,141.82331249922515,152.41788953728954,1.0400215635393133,0.03667348342164793,-0.05599598016815161,1.0,0,0,-0.0400215635393133,-0.03667348342164793,0.05599598016815161,-1.0457753260223783,-1.0379134904067702,0,0
147.99350743133397,124.52854747504531,131.75922954059277,1.0400215635393133,0.03667348342164793,-0.05599598016815161,1.0,0,0,-0.0400215635393133,-0.03667348342164793,0.05599598016815161,-1.0457753260223783,-1.0379134904067702,0,0
173.18670720903205,137.0639518589543,191.20821604693444,1.0400215635393133,0.03667348342164793,-0.05599598016815161,1.0,0,0,-0.0400215635393133,-0.03667348342164793,0.05599598016815161,-1.0457753260223783,-1.0379134904067702,0,0
248.42442609070224,145.87739303694283,137.0639518589543,1.0400215635393133,0.03667348342164793,-0.05599598016815161,1.0,0,0,-0.0400215635393133,-0.03667348342164793,0.05599598016815161,-1.0457753260223783,-1.0379134904067702,0,0
233.7026839645806,144.84210166738234,150.1726803268919,1.0400215635393133,0.03667348342164793,-0.05599598016815161,1.0,0,0,-0.0400215635393133,-0.03667348342164793,0.05599598016815161,-1.0457753260223783,-1.0379134904067702,0,0
163.42873978461637,101.5330368193872,130.91477695173097,1.0400215635393133,0.03667348342164793,-0.05599598016815161,1.0,0,0,-0.0400215635393133,-0.03667348342164793,0.05599598016815161,-1.0457753260223783,-1.0379134904067702,0,0
153.56624101955603,187.6483042942066,154.7323071690459,1.0394176146410794,0.036704728523823844,-0.04738121398843601,1.0,0,0,-0.0394176146410794,-0.036704728523823844,0.04738121398843601,-1.0445658128507462,-1.0379134904067702,0,0
228.31501027837746,126.06628950603962,204.85569342211394,1.0394176146410794,0.036704728523823844,-0.04738121398843601,1.0,0,0,-0.0394176146410794,-0.036704728523823844,0.04738121398843601,-1.0445658128507462,-1.0379134904067702,0,0
213.60849807698625,171.72011046907937,230.97580043058096,1.0394176146410794,0.036704728523823844,-0.04738121398843601,1.0,0,0,-0.0394176146410794,-0.036704728523823844,0.04738121398843601,-1.0445658128507462,-1.0379134904067702,0,0
198.76603234393832,141.82331249922515,174.67928447558052,1.0394176146410794,0.036704728523823844,-0.04738121398843601,1.0,0,0,-0.0394176146410794,-0.036704728523823844,0.04738121398843601,-1.0445658128507462,-1.0379134904067702,0,0
182.55823066529945,127.64222867598318,154.7323071690459,1.0394176146410794,0.036704728523823844,-0.04738121398843601,1.0,0,0,-0.0394176146410794,-0.036704728523823844,0.04738121398843601,-1.0445658128507462,-1.0379134904067702,0,0
130.08105893503551,122.29045980286173,154.7323071690459,1.0394176146410794,0.036704728523823844,-0.04738121398843601,1.0,0,0,-0.0394176146410794,-0.036704728523823844,0.04738121398843601,-1.0445658128507462,-1.0379134904067702,0,0
152.41788953728954,198.76603234393832,157.11931592309642,1.0394176146410794,0.036704728523823844,-0.04738121398843601,1.0,0,0,-0.0394176146410794,-0.036704728523823844,0.04738121398843601,-1.0445658128507462,-1.0379134904067702,0,0
200.75362703878065,220.70517709223105,215.92040254306553,1.0394176146410794,0.036704728523823844,-0.04738121398843601,1.0,0,0,-0.0394176146410794,-0.036704728523823844,0.04738121398843601,-1.0445658128507462,-1.0379134904067702,0,0
151.28683687310368,162.1258003695371,152.41788953728954,1.0394176146410794,0.036704728523823844,-0.04738121398843601,1.0,0,0,-0.0394176146410794,-0.036704728523823844,0.04738121398843601,-1.0445658128507462,-1.0379134904067702,0,0
215.92040254306553,147.99350743133397,166.09994149545804,1.0394176146410794,0.036704728523823844,-0.04738121398843601,1.0,0,0,-0.0394176146410794,-0.036704728523823844,0.04738121398843601,-1.0445658128507462,-1.0379134904067702,0,0
191.20821604693444,154.7323071690459,167.46934895889862,1.0394176146410794,0.036704728523823844,-0.04738121398843601,1.0,0,0,-0.0394176146410794,-0.036704728523823844,0.04738121398843601,-1.0445658128507462,-1.0379134904067702,0,0
200.75362703878065,139.88023555455067,223.1819809443389,1.0394176146410794,0.036704728523823844,-0.04738121398843601,1.0,0,0,-0.0394176146410794,-0.036704728523823844,0.04738121398843601,-1.0445658128507462,-1.0379134904067702,0,0
215.92040254306553,184.22292190812155,173.18670720903205,1.0394176146410794,0.036704728523823844,-0.04738121398843601,1.0,0,0,-0.0394176146410794,-0.036704728523823844,0.04738121398843601,-1.0445658128507462,-1.0379134904067702,0,0
317.7208243859324,177.7453057985956,202.78305134967044,1.0394176146410794,0.036704728523823844,-0.04738121398843601,1.0,0,0,-0.0394176146410794,-0.036704728523823844,0.04738121398843601,-1.0445658128507462,-1.0379134904067702,0,0
187.6483042942066,123.02757911911826,120.84213728458607,1.0394176146410794,0.036704728523823844,-0.04738121398843601,1.0,0,0,-0.0394176146410794,-0.036704728523823844,0.04738121398843601,-1.0445658128507462,-1.0379134904067702,0,0
143.82153882231913,200.75362703878065,150.1726803268919,1.0394176146410794,0.036704728523823844,-0.04738121398843601,1.0,0,0,-0.0394176146410794,-0.036704728523823844,0.04738121398843601,-1.0445658128507462,-1.0379134904067702,0,0
154.7323071690459,130.91477695173097,141.82331249922515,1.0394176146410794,0.036704728523823844,-0.04738121398843601,1.0,0,0,-0.0394176146410794,-0.036704728523823844,0.04738121398843601,-1.0445658128507462,-1.0379134904067702,0,0
159.58252707905322,177.7453057985956,191.20821604693444,1.0394176146410794,0.036704728523823844,-0.04738121398843601,1.0,0,0,-0.0394176146410794,-0.036704728523823844,0.04738121398843601,-1.0445658128507462,-1.0379134904067702,0,0
215.92040254306553,130.91477695173097,236.49825525583836,1.0394176146410794,0.036704728523823844,-0.04738121398843601,1.0,0,0,-0.0394176146410794,-0.036704728523823844,0.04738121398843601,-1.0445658128507462,-1.0379134904067702,0,0
177.7453057985956,139.88023555455067,215.92040254306553,1.0394176146410794,0.036704728523823844,-0.04738121398843601,1.0,0,0,-0.0394176146410794,-0.036704728523823844,0.04738121398843601,-1.0445658128507462,-1.0379134904067702,0,0
198.76603234393832,149.07502982648927,174.67928447558052,1.0394176146410794,0.036704728523823844,-0.04738121398843601,1.0,0,0,-0.0394176146410794,-0.036704728523823844,0.04738121398843601,-1.0445658128507462,-1.0379134904067702,0,0
182.55823066529945,137.0639518589543,150.1726803268919,1.0394176146410794,0.036704728523823844,-0.04738121398843601,1.0,0,0,-0.0394176146410794,-0.036704728523823844,0.04738121398843601,-1.0445658128507462,-1.0379134904067702,0,0
128.44498763419128,135.24881572421333,130.91477695173097,1.0394176146410794,0.036704728523823844,-0.04738121398843601,1.0,0,0,-0.0394176146410794,-0.036704728523823844,0.04738121398843601,-1.0445658128507462,-1.0379134904067702,0,0
167.46934895889862,129.25786434407527,149.07502982648927,1.0394176146410794,0.036704728523823844,-0.04738121398843601,1.0,0,0,-0.0394176146410794,-0.036704728523823844,0.04738121398843601,-1.0445658128507462,-1.0379134904067702,0,0
248.42442609070224,135.24881572421333,230.97580043058096,1.0394176146410794,0.036704728523823844,-0.04738121398843601,1.0,0,0,-0.0394176146410794,-0.036704728523823844,0.04738121398843601,-1.0445658128507462,-1.0379134904067702,0,0
272.6876389629632,157.11931592309642,180.92431015592842,1.0394176146410794,0.036704728523823844,-0.04738121398843601,1.0,0,0,-0.0394176146410794,-0.036704728523823844,0.04738121398843601,-1.0445658128507462,-1.0379134904067702,0,0
123.02757911911826,158.34116103748556,131.75922954059277,1.0394176146410794,0.036704728523823844,-0.04738121398843601,1.0,0,0,-0.0394176146410794,-0.036704728523823844,0.04738121398843601,-1.0445658128507462,-1.0379134904067702,0,0
245.3252030939217,159.58252707905322,162.1258003695371,1.0394176146410794,0.036704728523823844,-0.04738121398843601,1.0,0,0,-0.0394176146410794,-0.036704728523823844,0.04738121398843601,-1.0445658128507462,-1.0379134904067702,0,0
