FDist,LDist,RDist,XEst,YEst,ThetaEst,XDes,YDes,ThetaDes,XError,YError,ThetaError,SL,SR,RW,LW
390.5444991736698,194.9110753588243,18.271925091134115,0.0,0.0,0.0,0,0,0,0.0,0.0,0.0,0.0,0.0,0,0
367.3069052663625,204.85569342211394,18.406914256574545,0.0,0.0,0.0,0,0,0,0.0,0.0,0.0,0.0,0.0,0,0
261.6981137825328,225.71785045590883,18.171432816688856,0.0,0.0,0.0,0,0,0,0.0,0.0,0.0,0.0,0.0,0,0
198.76603234393832,126.06628950603962,17.775756517532926,0.0,0.0,0.0,0,0,0,0.0,0.0,0.0,0.0,0.0,0,0
166.09994149545804,236.49825525583836,18.406914256574545,0.0,0.0,0.0,0,0,0,0.0,0.0,0.0,0.0,0.0,0,0
353.40072554933454,211.34777997197892,18.271925091134115,0.0,0.0,0.0,0,0,0,0.0,0.0,0.0,0.0,0.0,0,0
194.9110753588243,159.58252707905322,18.406914256574545,0.0,0.0,0.0,0,0,0,0.0,0.0,0.0,0.0,0.0,0,0
407.8990969411948,145.87739303694283,17.51742772173086,0.0,0.0,0.0,0,0,0,0.0,0.0,0.0,0.0,0.0,0,0
648.3999468665874,167.46934895889862,18.406914256574545,0.0,0.0,0.0,0,0,0,0.0,0.0,0.0,0.0,0.0,0,0
360.20900612823414,146.92774685951784,18.3055648241262,0.0,0.0,0.0,0,0,0,0.0,0.0,0.0,0.0,0.0,0,0
399.01729906632625,239.3652489782259,18.271925091134115,0.0,0.0,0.0,0,0,0,0.0,0.0,0.0,0.0,0.0,0,0
302.6164596847404,166.09994149545804,18.373059168895537,0.0,0.0,0.0,0,0,0,0.0,0.0,0.0,0.0,0.0,0,0
448.2028325964311,194.9110753588243,18.071576020988715,0.0,0.0,0.0,0,0,0,0.0,0.0,0.0,0.0,0.0,0,0
288.9697116820819,193.04122344313365,18.204859322179495,0.0,0.0,0.0,0,0,0,0.0,0.0,0.0,0.0,0.0,0,0
147.99350743133397,258.2405371440609,18.104791397724426,0.0,0.0,0.0,0,0,0,0.0,0.0,0.0,0.0,0.0,0,0
209.13650375320472,239.3652489782259,18.406914256574545,0.0,0.0,0.0,0,0,0,0.0,0.0,0.0,0.0,0.0,0,0
312.50933522689996,184.22292190812155,18.171432816688856,0.0,0.0,0.0,0,0,0,0.0,0.0,0.0,0.0,0.0,0,0
417.22151175368833,204.85569342211394,18.373059168895537,0.0,0.0,0.0,0,0,0,0.0,0.0,0.0,0.0,0.0,0,0
360.20900612823414,163.42873978461637,18.204859322179495,0.0,0.0,0.0,0,0,0,0.0,0.0,0.0,0.0,0.0,0,0
284.7075611688845,162.1258003695371,18.339276104241605,0.0,0.0,0.0,0,0,0,0.0,0.0,0.0,0.0,0.0,0,0
769.566351540633,174.67928447558052,18.339276104241605,0.0,0.0,0.0,0,0,0,0.0,0.0,0.0,0.0,0.0,0,0
471.8179059817352,164.75326598182954,18.440841606842675,0.0,0.0,0.0,0,0,0,0.0,0.0,0.0,0.0,0.0,0,0
399.01729906632625,176.198566643824,18.406914256574545,0.0,0.0,0.0,0,0,0,0.0,0.0,0.0,0.0,0.0,0,0
170.27879631253745,144.84210166738234,17.873743987908504,0.0,0.0,0.0,0,0,0,0.0,0.0,0.0,0.0,0.0,0,0
448.2028325964311,276.5725757314533,18.440841606842675,0.0,0.0,0.0,0,0,0,0.0,0.0,0.0,0.0,0.0,0,0
211.34777997197892,194.9110753588243,17.54948502152684,0.0,0.0,0.0,0,0,0,0.0,0.0,0.0,0.0,0.0,0,0
196.81893899271049,157.11931592309642,17.613798941900477,0.0,0.0,0.0,0.3,0,0,0.3,0.0,0.0,0.0,0.0,0,0
258.2405371440609,194.9110753588243,18.339276104241605,0.01012966693925098,1.0908093236335734e-05,0.0021536915449289033,0.3,0,0,0.289870333060749,-1.0908093236335734e-05,-0.0021536915449289033,-0.00997848366596458,-0.010280861958872598,0,0
284.7075611688845,149.07502982648927,18.00535478258695,0.03583109163853285,0.00020464705641810507,0.012922149269573358,0.3,0,0,0.2641689083614671,-0.00020464705641810507,-0.012922149269573358,-0.034924692830876035,-0.03673896258832413,0,0
174.67928447558052,174.67928447558052,17.906543292002304,0.05722271548276025,0.000469568615635682,0.011845303497108913,0.3,0,0,0.24277728451723973,-0.000469568615635682,-0.011845303497108913,-0.05639355162734529,-0.05805663223833937,0,0
312.50933522689996,164.75326598182954,18.00535478258695,0.08420753329110006,0.0008328216420301472,0.015075840814502249,0.3,0,0,0.21579246670889993,-0.0008328216420301472,-0.015075840814502249,-0.08315403054970484,-0.08527067860006096,0,0
346.8640580657511,174.67928447558052,17.841013239325363,0.11194636251193835,0.0013257357903221027,0.020460069676824476,0.3,0,0,0.18805363748806164,-0.0013257357903221027,-0.020460069676824476,-0.11051926605788043,-0.11339185984050659,0,0
328.72509627198025,236.49825525583836,17.808350823217232,0.1387745593895537,0.001975884201405054,0.027997990084075667,0.3,0,0,0.1612254406104463,-0.001975884201405054,-0.027997990084075667,-0.13682617754087795,-0.1407570953486822,0,0
360.20900612823414,223.1819809443389,17.775756517532926,0.1641627910964651,0.002741614142818662,0.03230537317393348,0.3,0,0,0.1358372089035349,-0.002741614142818662,-0.03230537317393348,-0.1619235758522434,-0.1664592502458637,0,0
167.46934895889862,160.8439044330725,17.646055992159724,0.18833778239271334,0.003601056268216834,0.03876644780872018,0.3,0,0,0.11166221760728665,-0.003601056268216834,-0.03876644780872018,-0.18566027184552278,-0.1911030811178671,0,0
144.84210166738234,143.82153882231913,17.137840123031808,0.21159931505252316,0.004603639718530062,0.04738121398843576,0.3,0,0,0.08840068494747683,-0.004603639718530062,-0.04738121398843576,-0.2083386438136241,-0.2149909662576005,0,0
135.24881572421333,149.07502982648927,17.389857955850943,0.2337183240989013,0.005759901133438429,0.057072825940615794,0.3,0,0,0.06628167590109868,-0.005759901133438429,-0.057072825940615794,-0.22980750261009336,-0.23782052737215584,0,0
152.41788953728954,158.34116103748556,17.54948502152684,0.25288318684012906,0.006937723947139807,0.0656875921203314,0.3,0,0,0.04711681315987093,-0.006937723947139807,-0.0656875921203314,-0.24840376762393646,-0.257626305557631,0,0
124.52854747504531,174.67928447558052,17.54948502152684,0.26864893518777866,0.007966305007656884,0.06461074634786693,0.3,0,0,0.03135106481222133,-0.007966305007656884,-0.06461074634786693,-0.2642786280016074,-0.2733499767888479,0,0
114.72272976706012,218.28532251964043,17.485436577305137,0.2801153350961185,0.008708190296461141,0.06461074634786693,0.3,0,0,0.019884664903881466,-0.008708190296461141,-0.06461074634786693,-0.27576900313211206,-0.2848403519193526,0,0
120.13062066766372,236.49825525583836,17.421651905480985,0.28848793847312987,0.00926348651261421,0.06784128366526028,0.3,0,0,0.011512061526870121,-0.00926348651261421,-0.06784128366526028,-0.2839332170406285,-0.2934581332672311,0,0
116.02925942608664,145.87739303694283,17.873743987908504,0.2931640206456303,0.009581205506855036,0.06784128366526028,0.3,0,0,0.006835979354369692,-0.009581205506855036,-0.06784128366526028,-0.28862008058070276,-0.29814499680730533,0,0
108.02276929750369,215.92040254306553,17.841013239325363,0.2936919067762299,0.009617929731664584,0.07107182098265363,0.3,0,0,0.006308093223770073,-0.009617929731664584,-0.07107182098265363,-0.2889224588736108,-0.2989009425395754,0,0
123.77355272308415,174.67928447558052,17.710771354120418,0.2936919067762299,0.009617929731664584,0.07107182098265363,0.3,0,0,0.006308093223770073,-0.009617929731664584,-0.07107182098265363,-0.2889224588736108,-0.2989009425395754,0,0
111.57932338755117,143.82153882231913,17.013365726712266,0.2936919067762299,0.009617929731664584,0.07107182098265363,0.3,0,0,0.006308093223770073,-0.009617929731664584,-0.07107182098265363,-0.2889224588736108,-0.2989009425395754,0,0
128.44498763419128,254.878386734463,17.873743987908504,0.2936919067762299,0.009617929731664584,0.07107182098265363,0.3,0,0,0.006308093223770073,-0.009617929731664584,-0.07107182098265363,-0.2889224588736108,-0.2989009425395754,0,0
135.24881572421333,193.04122344313365,17.743230101200233,0.2936919067762299,0.009617929731664584,0.07107182098265363,0.3,0,0,0.006308093223770073,-0.009617929731664584,-0.07107182098265363,-0.2889224588736108,-0.2989009425395754,0,0
116.02925942608664,173.18670720903205,17.873743987908504,0.2936919067762299,0.009617929731664584,0.07107182098265363,0.3,0,0,0.006308093223770073,-0.009617929731664584,-0.07107182098265363,-0.2889224588736108,-0.2989009425395754,0,0
135.24881572421333,164.75326598182954,17.808350823217232,0.2936919067762299,0.009617929731664584,0.07107182098265363,0.3,0,0,0.006308093223770073,-0.009617929731664584,-0.07107182098265363,-0.2889224588736108,-0.2989009425395754,0,0
133.48121220361529,137.0639518589543,17.808350823217232,0.2936919067762299,0.009617929731664584,0.07107182098265363,0.3,0,0,0.006308093223770073,-0.009617929731664584,-0.07107182098265363,-0.2889224588736108,-0.2989009425395754,0,0
116.02925942608664,173.18670720903205,17.841013239325363,0.2936919067762299,0.009617929731664584,0.07107182098265363,0.3,0,0,0.006308093223770073,-0.009617929731664584,-0.07107182098265363,-0.2889224588736108,-0.2989009425395754,0,0
114.72272976706012,220.70517709223105,17.013365726712266,0.2936919067762299,0.009617929731664584,0.07107182098265363,0.3,0,0,0.006308093223770073,-0.009617929731664584,-0.07107182098265363,-0.2889224588736108,-0.2989009425395754,0,0
120.13062066766372,184.22292190812155,17.873743987908504,0.2936919067762299,0.009617929731664584,0.07107182098265363,0.3,0,0,0.006308093223770073,-0.009617929731664584,-0.07107182098265363,-0.2889224588736108,-0.2989009425395754,0,0
116.69355260679126,132.61463364415852,17.421651905480985,0.2936919067762299,0.009617929731664584,0.07107182098265363,0.3,0,0,0.006308093223770073,-0.009617929731664584,-0.07107182098265363,-0.2889224588736108,-0.2989009425395754,0,0
91.40254728973653,155.91651753124995,17.421651905480985,0.2936919067762299,0.009617929731664584,0.07107182098265363,0.3,0,0,0.006308093223770073,-0.009617929731664584,-0.07107182098265363,-0.2889224588736108,-0.2989009425395754,0,0
113.44477390085575,182.55823066529945,17.808350823217232,0.2936919067762299,0.009617929731664584,0.07107182098265363,0.3,0,0,0.006308093223770073,-0.009617929731664584,-0.07107182098265363,-0.2889224588736108,-0.2989009425395754,0,0
