FDist,LDist,RDist,XEst,YEst,ThetaEst,XDes,YDes,ThetaDes,XError,YError,ThetaError,SL,SR,RW,LW
340.5824855543227,245.3252030939217,29.013419717033194,0.0,0.0,0.0,0,0,0,0.0,0.0,0.0,0.0,0.0,0,0
528.3325926770696,236.49825525583836,30.396551423726756,0.0,0.0,0.0,0,0,0,0.0,0.0,0.0,0.0,0.0,0,0
280.5772654118684,367.3069052663625,28.592015692053423,0.0,0.0,0.0,0,0,0,0.0,0.0,0.0,0.0,0.0,0,0
328.72509627198025,312.50933522689996,30.074083981884726,0.0,0.0,0.0,0,0,0,0.0,0.0,0.0,0.0,0.0,0,0
624.3377665398167,602.1580731583105,27.889309733104497,0.0,0.0,0.0,0,0,0,0.0,0.0,0.0,0.0,0.0,0,0
1093.1463157010076,1411.3480414449798,29.946465878260994,0.0,0.0,0.0,0,0,0,0.0,0.0,0.0,0.0,0.0,0,0
288.9697116820819,204.85569342211394,30.461639058159932,0.0,0.0,0.0,0,0,0,0.0,0.0,0.0,0.0,0.0,0,0
512.8513118946122,220.70517709223105,28.6516875778294,0.0,0.0,0.0,0,0,0,0.0,0.0,0.0,0.0,0.0,0,0
1093.1463157010076,261.6981137825328,29.135426468315842,0.0,0.0,0.0,0,0,0,0.0,0.0,0.0,0.0,0.0,0,0
1180.1265773010464,528.3325926770696,30.26697313093551,0.0,0.0,0.0,0,0,0,0.0,0.0,0.0,0.0,0.0,0,0
648.3999468665874,528.3325926770696,30.202480579810853,0.0,0.0,0.0,0,0,0,0.0,0.0,0.0,0.0,0.0,0,0
459.67991945810627,602.1580731583105,29.25815894523266,0.0,0.0,0.0,0,0,0,0.0,0.0,0.0,0.0,0.0,0,0
544.8761250677193,448.2028325964311,30.396551423726756,0.0,0.0,0.0,0,0,0,0.0,0.0,0.0,0.0,0.0,0,0
1284.2268420173286,648.3999468665874,29.756482389147592,0.0,0.0,0.0,0,0,0,0.0,0.0,0.0,0.0,0.0,0,0
261.6981137825328,204.85569342211394,29.756482389147592,0.0,0.0,0.0,0,0,0,0.0,0.0,0.0,0.0,0.0,0,0
317.7208243859324,179.3202830877122,29.56820969111582,0.0,0.0,0.0,0,0,0,0.0,0.0,0.0,0.0,0.0,0,0
674.6059938250444,703.2691653992177,29.381623897205223,0.0,0.0,0.0,0,0,0,0.0,0.0,0.0,0.0,0.0,0,0
399.01729906632625,206.97300472647143,30.790100524402142,0.0,0.0,0.0,0,0,0,0.0,0.0,0.0,0.0,0.0,0,0
