FDist,LDist,RDist,XEst,YEst,ThetaEst,XDes,YDes,ThetaDes,XError,YError,ThetaError,SL,SR,RW,LW
22.58943126976108,624.3377665398167,21.29107368585003,0.0,0.0,0.0,0,0,0,0.0,0.0,0.0,0.0,0.0,0,0
22.76417078542179,220.70517709223105,21.210554056051848,0.0,0.0,0.0,0,0,0,0.0,0.0,0.0,0.0,0.0,0,0
20.931683493242176,484.6780696502813,20.618475673047115,0.0,0.0,0.0,0,0,0,0.0,0.0,0.0,0.0,0.0,0,0
22.245039036567718,185.91929651913173,20.618475673047115,0.0,0.0,0.0,0,0,0,0.0,0.0,0.0,0.0,0.0,0,0
22.76417078542179,206.97300472647143,21.05064198016546,0.0,0.0,0.0,0,0,0,0.0,0.0,0.0,0.0,0.0,0,0
22.502702204181062,498.3296704628293,21.250766618660897,0.0,0.0,0.0,0,0,0,0.0,0.0,0.0,0.0,0.0,0,0
20.65731111090045,334.5408252723781,21.17043565318336,0.0,0.0,0.0,0,0,0,0.0,0.0,0.0,0.0,0.0,0,0
22.28772229885734,340.5824855543227,21.05064198016546,0.0,0.0,0.0,0,0,0,0.0,0.0,0.0,0.0,0.0,0,0
22.546013685281594,280.5772654118684,21.250766618660897,0.0,0.0,0.0,0,0,0,0.0,0.0,0.0,0.0,0.0,0,0
22.632955363231254,427.0195773074906,19.786108976753717,0.0,0.0,0.0,0,0,0,0.0,0.0,0.0,0.0,0.0,0,0
20.579729421340247,254.878386734463,20.121616418144527,0.0,0.0,0.0,0,0,0,0.0,0.0,0.0,0.0,0.0,0,0
23.61828058878553,302.6164596847404,22.502702204181062,0.0,0.0,0.0,0,0,0,0.0,0.0,0.0,0.0,0.0,0,0
22.720324710149534,1411.3480414449798,20.65731111090045,0.0,0.0,0.0,0,0,0,0.0,0.0,0.0,0.0,0.0,0,0
23.298880234713614,312.50933522689996,21.09047995583375,0.0,0.0,0.0,0,0,0,0.0,0.0,0.0,0.0,0.0,0,0
22.94064078706048,312.50933522689996,20.852837358537094,0.0,0.0,0.0,0.3,0,0,0.3,0.0,0.0,0.0,0.0,0,0
22.330509274381335,448.2028325964311,19.97166324722388,0.007181483415612128,3.866675401711437e-06,0.0010768457724644454,0.3,0,0,0.29281851658438784,-3.866675401711437e-06,-0.0010768457724644454,-0.0071058898833384135,-0.007257079029792422,0,0
22.28772229885734,374.71408913910363,19.529790810708228,0.035831722847313056,8.099658476459938e-05,0.0043073830898577815,0.3,0,0,0.2641682771526869,-8.099658476459938e-05,-0.0043073830898577815,-0.03552944941669207,-0.0361342060025081,0,0
22.459496422942998,258.2405371440609,20.349107076989263,0.06614461504872954,0.00026053138799883417,0.007537920407251118,0.3,0,0,0.23385538495127045,-0.00026053138799883417,-0.007537920407251118,-0.06561608956103981,-0.06667441358621787,0,0
22.202459096284322,182.55823066529945,19.529790810708228,0.09577658816317791,0.0005158102229591954,0.00969161195218001,0.3,0,0,0.20422341183682208,-0.0005158102229591954,-0.00969161195218001,-0.09509797311957152,-0.0964586754376576,0,0
22.676586373412853,484.6780696502813,19.712466909449226,0.1252567623833099,0.00083327850403232,0.0118453034971089,0.3,0,0,0.17474323761669008,-0.00083327850403232,-0.0118453034971089,-0.12442866753164923,-0.12609174814264332,0,0
22.80812501336112,346.8640580657511,19.897191673617044,0.15352677231540346,0.0011986081269367939,0.013998995042037816,0.3,0,0,0.14647322768459653,-0.0011986081269367939,-0.013998995042037816,-0.15254984877209488,-0.15451530767599697,0,0
20.502503202851024,220.70517709223105,19.493498319736666,0.1805865541526154,0.0016065879995460157,0.016152686586966707,0.3,0,0,0.11941344584738459,-0.0016065879995460157,-0.016152686586966707,-0.17946151684090844,-0.18172935403771856,0,0
22.720324710149534,284.7075611688845,20.541072037014736,0.2009940594959804,0.0019582345701469463,0.018306378131895625,0.3,0,0,0.09900594050401959,-0.0019582345701469463,-0.018306378131895625,-0.1997208624657456,-0.20229107795546375,0,0
21.210554056051848,328.72509627198025,20.084001131964996,0.22540677120604963,0.002418341731344796,0.019383223904360047,0.3,0,0,0.07459322879395036,-0.002418341731344796,-0.019383223904360047,-0.22406231504484103,-0.22678371968101319,0,0
22.985031810502477,1284.2268420173286,19.97166324722388,0.24845854098262973,0.002877631708118408,0.020460069676824493,0.3,0,0,0.051541459017370256,-0.002877631708118408,-0.020460069676824493,-0.24704306530585035,-0.24991565908847652,0,0
21.616974340849836,228.31501027837746,19.028900223129533,0.26886480383054234,0.0032952035366570695,0.020460069676824493,0.3,0,0,0.031135196169457646,-0.0032952035366570695,-0.020460069676824493,-0.26745360007714153,-0.2703261938597677,0,0
22.632955363231254,280.5772654118684,19.823053641380127,0.2845848285788865,0.00363381673611368,0.022613761221753396,0.3,0,0,0.015415171421113483,-0.00363381673611368,-0.022613761221753396,-0.28302608216190445,-0.28620105423743863,0,0
22.416395940132503,239.3652489782259,19.457286087701,0.2962988472323402,0.003905070320465057,0.02369060699421783,0.3,0,0,0.00370115276765981,-0.003905070320465057,-0.02369060699421783,-0.2946676464388631,-0.2979938076608513,0,0
23.029533090035137,427.0195773074906,20.464022603165645,0.3039318529355584,0.004081822656074663,0.022613761221753376,0.3,0,0,-0.003931852935558422,-0.004081822656074663,-0.022613761221753376,-0.30237829290801754,-0.30555326498355173,0,0
22.330509274381335,245.3252030939217,19.8600811104764,0.3076352520144188,0.004155610226113702,0.017229532359431123,0.3,0,0,-0.007635252014418836,-0.004155610226113702,-0.017229532359431123,-0.3064603998622758,-0.30887942620553993,0,0
22.632955363231254,390.5444991736698,20.425629923801807,0.3077864214379757,0.004158052230818209,0.015075840814502223,0.3,0,0,-0.007786421437975699,-0.004158052230818209,-0.015075840814502223,-0.3067627781551838,-0.30887942620553993,0,0
20.696236055220425,437.33222201576723,19.897191673617044,0.3077864214379757,0.004158052230818209,0.015075840814502223,0.3,0,0,-0.007786421437975699,-0.004158052230818209,-0.015075840814502223,-0.3067627781551838,-0.30887942620553993,0,0
22.502702204181062,312.50933522689996,20.65731111090045,0.3077864214379757,0.004158052230818209,0.015075840814502223,0.3,0,0,-0.007786421437975699,-0.004158052230818209,-0.015075840814502223,-0.3067627781551838,-0.30887942620553993,0,0
22.202459096284322,245.3252030939217,19.93438562175379,0.3077864214379757,0.004158052230818209,0.015075840814502223,0.3,0,0,-0.007786421437975699,-0.004158052230818209,-0.015075840814502223,-0.3067627781551838,-0.30887942620553993,0,0
22.720324710149534,1019.267059271828,20.310976288776942,0.3077864214379757,0.004158052230818209,0.015075840814502223,0.3,0,0,-0.007786421437975699,-0.004158052230818209,-0.015075840814502223,-0.3067627781551838,-0.30887942620553993,0,0
22.676586373412853,602.1580731583105,20.81355115370998,0.3077864214379757,0.004158052230818209,0.015075840814502223,0.3,0,0,-0.007786421437975699,-0.004158052230818209,-0.015075840814502223,-0.3067627781551838,-0.30887942620553993,0,0
22.89635959460729,220.70517709223105,20.89221469509625,0.3077864214379757,0.004158052230818209,0.015075840814502223,0.3,0,0,-0.007786421437975699,-0.004158052230818209,-0.015075840814502223,-0.3067627781551838,-0.30887942620553993,0,0
22.37340035638271,297.9167592848756,19.823053641380127,0.3077864214379757,0.004158052230818209,0.015075840814502223,0.3,0,0,-0.007786421437975699,-0.004158052230818209,-0.015075840814502223,-0.3067627781551838,-0.30887942620553993,0,0
22.37340035638271,211.34777997197892,19.712466909449226,0.3077864214379757,0.004158052230818209,0.015075840814502223,0.3,0,0,-0.007786421437975699,-0.004158052230818209,-0.015075840814502223,-0.3067627781551838,-0.30887942620553993,0,0
23.16370274985499,340.5824855543227,20.97124408445338,0.3077864214379757,0.004158052230818209,0.015075840814502223,0.3,0,0,-0.007786421437975699,-0.004158052230818209,-0.015075840814502223,-0.3067627781551838,-0.30887942620553993,0,0
22.37340035638271,328.72509627198025,19.786108976753717,0.30771083607973765,0.004156871925179643,0.016152686586966673,0.3,0,0,-0.00771083607973766,-0.004156871925179643,-0.016152686586966673,-0.3066115890087298,-0.30887942620553993,0,0
22.28772229885734,276.5725757314533,20.464022603165645,0.30771083607973765,0.004156871925179643,0.016152686586966673,0.3,0,0,-0.00771083607973766,-0.004156871925179643,-0.016152686586966673,-0.3066115890087298,-0.30887942620553993,0,0
23.074145052998297,276.5725757314533,21.05064198016546,0.30771083607973765,0.004156871925179643,0.016152686586966673,0.3,0,0,-0.00771083607973766,-0.004156871925179643,-0.016152686586966673,-0.3066115890087298,-0.30887942620553993,0,0
22.202459096284322,261.6981137825328,19.67576893443448,0.30771083607973765,0.004156871925179643,0.016152686586966673,0.3,0,0,-0.00771083607973766,-0.004156871925179643,-0.016152686586966673,-0.3066115890087298,-0.30887942620553993,0,0
22.330509274381335,307.4777105974586,20.696236055220425,0.30771083607973765,0.004156871925179643,0.016152686586966673,0.3,0,0,-0.00771083607973766,-0.004156871925179643,-0.016152686586966673,-0.3066115890087298,-0.30887942620553993,0,0
22.459496422942998,280.5772654118684,20.81355115370998,0.30771083607973765,0.004156871925179643,0.016152686586966673,0.3,0,0,-0.00771083607973766,-0.004156871925179643,-0.016152686586966673,-0.3066115890087298,-0.30887942620553993,0,0
22.76417078542179,323.12240163650586,20.23497444201862,0.30771083607973765,0.004156871925179643,0.016152686586966673,0.3,0,0,-0.00771083607973766,-0.004156871925179643,-0.016152686586966673,-0.3066115890087298,-0.30887942620553993,0,0
22.459496422942998,624.3377665398167,20.774355752373964,0.30771083607973765,0.004156871925179643,0.016152686586966673,0.3,0,0,-0.00771083607973766,-0.004156871925179643,-0.016152686586966673,-0.3066115890087298,-0.30887942620553993,0,0
22.676586373412853,624.3377665398167,20.618475673047115,0.30771083607973765,0.004156871925179643,0.016152686586966673,0.3,0,0,-0.00771083607973766,-0.004156871925179643,-0.016152686586966673,-0.3066115890087298,-0.30887942620553993,0,0
23.16370274985499,602.1580731583105,20.464022603165645,0.30771083607973765,0.004156871925179643,0.016152686586966673,0.3,0,0,-0.00771083607973766,-0.004156871925179643,-0.016152686586966673,-0.3066115890087298,-0.30887942620553993,0,0
22.37340035638271,202.78305134967044,20.579729421340247,0.30771083607973765,0.004156871925179643,0.016152686586966673,0.3,0,0,-0.00771083607973766,-0.004156871925179643,-0.016152686586966673,-0.3066115890087298,-0.30887942620553993,0,0
23.074145052998297,808.2350827585409,21.09047995583375,0.30771083607973765,0.004156871925179643,0.016152686586966673,0.3,0,0,-0.00771083607973766,-0.004156871925179643,-0.016152686586966673,-0.3066115890087298,-0.30887942620553993,0,0
23.208649349752903,648.3999468665874,20.89221469509625,0.30771083607973765,0.004156871925179643,0.016152686586966673,0.3,0,0,-0.00771083607973766,-0.004156871925179643,-0.016152686586966673,-0.3066115890087298,-0.30887942620553993,0,0
23.16370274985499,624.3377665398167,20.65731111090045,0.30771083607973765,0.004156871925179643,0.016152686586966673,0.3,0,0,-0.00771083607973766,-0.004156871925179643,-0.016152686586966673,-0.3066115890087298,-0.30887942620553993,0,0
22.985031810502477,284.7075611688845,21.05064198016546,0.30771083607973765,0.004156871925179643,0.016152686586966673,0.3,0,0,-0.00771083607973766,-0.004156871925179643,-0.016152686586966673,-0.3066115890087298,-0.30887942620553993,0,0
21.05064198016546,340.5824855543227,21.130411066922797,0.30771083607973765,0.004156871925179643,0.016152686586966673,0.3,0,0,-0.00771083607973766,-0.004156871925179643,-0.016152686586966673,-0.3066115890087298,-0.30887942620553993,0,0
23.1188681289847,1180.1265773010464,20.931683493242176,0.30771083607973765,0.004156871925179643,0.016152686586966673,0.3,0,0,-0.00771083607973766,-0.004156871925179643,-0.016152686586966673,-0.3066115890087298,-0.30887942620553993,0,0
23.029533090035137,602.1580731583105,21.17043565318336,0.30771083607973765,0.004156871925179643,0.016152686586966673,0.3,0,0,-0.00771083607973766,-0.004156871925179643,-0.016152686586966673,-0.3066115890087298,-0.30887942620553993,0,0
