FDist,LDist,RDist,XEst,YEst,ThetaEst,XDes,YDes,ThetaDes,XError,YError,ThetaError,SL,SR,RW,LW
80.33749690282312,276.5725757314533,21.99109567138421,0.0,0.0,0.0,0,0,0,0.0,0.0,0.0,0.0,0.0,0,0
81.6648832554738,184.22292190812155,21.90726008446299,0.0,0.0,0.0,0,0,0,0.0,0.0,0.0,0.0,0.0,0,0
84.08878225753256,115.37236097408694,21.740789092600608,0.0,0.0,0.0,0,0,0,0.0,0.0,0.0,0.0,0.0,0,0
78.10859556029456,33.46350991438838,21.740789092600608,0.0,0.0,0.0,0,0,0,0.0,0.0,0.0,0.0,0.0,0,0
79.04963861634155,36.15817161555471,21.210554056051848,0.0,0.0,0.0,0,0,0,0.0,0.0,0.0,0.0,0.0,0,0
82.34399565000513,36.581988162777755,20.541072037014736,0.0,0.0,0.0,0,0,0,0.0,0.0,0.0,0.0,0.0,0,0
544.8761250677193,44.22514953619365,24.37002602209273,0.0,0.0,0.0,0,0,0,0.0,0.0,0.0,0.0,0.0,0,0
528.3325926770696,39.29331088815539,544.8761250677193,0.0,0.0,0.0,0,0,0,0.0,0.0,0.0,0.0,0.0,0,0
1093.1463157010076,35.33264212856703,293.3703955349555,0.0,0.0,0.0,0,0,0,0.0,0.0,0.0,0.0,0.0,0,0
167.46934895889862,34.69257006062114,64.767717284378,0.0,0.0,0.0,0,0,0,0.0,0.0,0.0,0.0,0.0,0,0
110.97077873540402,36.24233355390543,153.56624101955603,0.0,0.0,0.0,0,0,0,0.0,0.0,0.0,0.0,0.0,0,0
312.50933522689996,35.41390242737805,162.1258003695371,0.0,0.0,0.0,0,0,0,0.0,0.0,0.0,0.0,0.0,0,0
624.3377665398167,36.24233355390543,703.2691653992177,0.0,0.0,0.0,0,0,0,0.0,0.0,0.0,0.0,0.0,0,0
528.3325926770696,36.66766191762644,78.10859556029456,0.0,0.0,0.0,0,0,0,0.0,0.0,0.0,0.0,0.0,0,0
390.5444991736698,35.7417900319635,78.419964244608,0.0,0.0,0.0,0,0,0,0.0,0.0,0.0,0.0,0.0,0,0
512.8513118946122,36.581988162777755,55.84911445261101,0.0,0.0,0.0,0,0,0,0.0,0.0,0.0,0.0,0.0,0,0
648.3999468665874,37.99065036400073,66.11723490259166,0.0,0.0,0.0,0,0,0,0.0,0.0,0.0,0.0,0.0,0,0
209.13650375320472,35.82448132093792,49.40285364503735,0.0,0.0,0.0,0,0,0,0.0,0.0,0.0,0.0,0.0,0,0
141.82331249922515,37.63074993470196,68.97275209823704,0.0,0.0,0.0,0,0,0,0.0,0.0,0.0,0.0,0.0,0,0
139.88023555455067,38.26408367033017,54.67822383804812,0.0,0.0,0.0,0,0,0,0.0,0.0,0.0,0.0,0.0,0,0
139.88023555455067,38.26408367033017,47.919138344411984,0.0,0.0,0.0,0,0,0,0.0,0.0,0.0,0.0,0.0,0,0
104.1428794944386,35.82448132093792,46.75927786047718,0.0,0.0,0.0,0,0,0,0.0,0.0,0.0,0.0,0.0,0,0
134.3591943699604,36.326794512671405,54.18923313555184,0.0,0.0,0.0,0,0,0,0.0,0.0,0.0,0.0,0.0,0,0
111.57932338755117,38.63343878442909,47.397845831374006,0.0,0.0,0.0,0,0,0,0.0,0.0,0.0,0.0,0.0,0,0
119.42733126216413,38.63343878442909,47.52728688645133,0.0,0.0,0.0,0,0,0,0.0,0.0,0.0,0.0,0.0,0,0
134.3591943699604,39.10299164548677,45.04444673804966,0.0,0.0,0.0,0,0,0,0.0,0.0,0.0,0.0,0.0,0,0
115.37236097408694,39.00837153363536,49.68085184346885,0.0,0.0,0.0,0,0,0,0.0,0.0,0.0,0.0,0.0,0,0
114.72272976706012,37.63074993470196,41.07371114311431,0.0,0.0,0.0,0,0,0,0.0,0.0,0.0,0.0,0.0,0,0
104.1428794944386,37.0134486413167,48.18335473866846,0.0,0.0,0.0,0,0,0,0.0,0.0,0.0,0.0,0.0,0,0
126.06628950603962,38.91410827618916,45.766561441787665,0.0,0.0,0.0,0,0,0,0.0,0.0,0.0,0.0,0.0,0,0
124.52854747504531,38.72664396960077,52.30584039894111,0.0,0.0,0.0,0,0,0,0.0,0.0,0.0,0.0,0.0,0,0
124.52854747504531,38.820199780260964,50.53075884371071,0.0,0.0,0.0,0,0,0,0.0,0.0,0.0,0.0,0.0,0,0
134.3591943699604,38.72664396960077,45.766561441787665,0.0,0.0,0.0,0,0,0,0.0,0.0,0.0,0.0,0.0,0,0
134.3591943699604,38.172601280949785,46.88585314489331,0.0,0.0,0.0,0,0,0,0.0,0.0,0.0,0.0,0.0,0,0
139.88023555455067,39.29331088815539,46.01147903511478,0.0,0.0,0.0,0,0,0,0.0,0.0,0.0,0.0,0.0,0,0
92.66842176880655,37.54159736874482,43.654616942576325,0.0,0.0,0.0,0,0,0,0.0,0.0,0.0,0.0,0.0,0,0
153.56624101955603,39.29331088815539,47.397845831374006,0.0,0.0,0.0,0,0,0,0.0,0.0,0.0,0.0,0.0,0,0
110.97077873540402,37.63074993470196,46.88585314489331,0.0,0.0,0.0,0,0,0,0.0,0.0,0.0,0.0,0.0,0,0
129.25786434407527,37.72022963544492,46.50780728590231,0.0,0.0,0.0,0,0,0,0.0,0.0,0.0,0.0,0.0,0,0
109.77294326259755,37.452770077611675,51.25784283159802,0.0,0.0,0.0,0,0,0,0.0,0.0,0.0,0.0,0.0,0,0
118.0448484665879,39.00837153363536,43.54193707016939,0.0,0.0,0.0,0,0,0,0.0,0.0,0.0,0.0,0.0,0,0
123.77355272308415,39.10299164548677,52.92110467639207,0.0,0.0,0.0,0,0,0,0.0,0.0,0.0,0.0,0.0,0,0
120.84213728458607,34.1466956368953,41.38282267374021,0.0,0.0,0.0,0,0,0,0.0,0.0,0.0,0.0,0.0,0,0
135.24881572421333,35.82448132093792,46.75927786047718,0.0,0.0,0.0,0,0,0,0.0,0.0,0.0,0.0,0.0,0,0
134.3591943699604,21.90726008446299,44.92590039496099,0.0,0.0,0.0,0,0,0,0.0,0.0,0.0,0.0,0.0,0,0
123.77355272308415,22.58943126976108,50.38742144020711,0.0,0.0,0.0,0,0,0,0.0,0.0,0.0,0.0,0.0,0,0
123.77355272308415,23.1188681289847,53.07684344785989,0.0,0.0,0.0,0,0,0,0.0,0.0,0.0,0.0,0.0,0,0
110.97077873540402,47.919138344411984,42.118643758499466,0.0,0.0,0.0,0,0,0,0.0,0.0,0.0,0.0,0.0,0,0
118.73212177360972,45.16350334108189,44.80786091202521,0.0,0.0,0.0,0,0,0,0.0,0.0,0.0,0.0,0.0,0,0
109.77294326259755,69.7215507122142,48.18335473866846,0.0,0.0,0.0,0,0,0,0.0,0.0,0.0,0.0,0.0,0,0
132.61463364415852,90.98786202822609,46.88585314489331,0.0,0.0,0.0,0,0,0,0.0,0.0,0.0,0.0,0.0,0,0
134.3591943699604,70.74309622023037,48.31637032889038,0.0,0.0,0.0,0,0,0,0.0,0.0,0.0,0.0,0.0,0,0
125.29273453547381,98.56325615049124,45.04444673804966,0.0,0.0,0.0,0,0,0,0.0,0.0,0.0,0.0,0.0,0,0
132.61463364415852,66.34704544306035,52.153917529280825,0.0,0.0,0.0,0,0,0,0.0,0.0,0.0,0.0,0.0,0,0
129.25786434407527,55.00843338201938,44.80786091202521,0.0,0.0,0.0,0,0,0,0.0,0.0,0.0,0.0,0.0,0,0
115.37236097408694,27.6035995904869,48.18335473866846,0.0,0.0,0.0,0,0,0,0.0,0.0,0.0,0.0,0.0,0,0
117.36537105675751,38.172601280949785,46.75927786047718,0.0,0.0,0.0,0,0,0,0.0,0.0,0.0,0.0,0.0,0,0
135.24881572421333,34.457033820303465,51.405375698086,0.0,0.0,0.0,0,0,0,0.0,0.0,0.0,0.0,0.0,0,0
129.25786434407527,36.24233355390543,45.88875276428319,0.0,0.0,0.0,0,0,0,0.0,0.0,0.0,0.0,0.0,0,0
134.3591943699604,38.172601280949785,55.34207932623348,0.0,0.0,0.0,0,0,0,0.0,0.0,0.0,0.0,0.0,0,0
123.77355272308415,39.58151945793042,46.63326386384414,0.0,0.0,0.0,0,0,0,0.0,0.0,0.0,0.0,0.0,0,0
107.45140018288424,40.56659194626288,44.92590039496099,0.0,0.0,0.0,0,0,0,0.0,0.0,0.0,0.0,0.0,0,0
114.72272976706012,43.42972555805186,45.16350334108189,0.0,0.0,0.0,0,0,0,0.0,0.0,0.0,0.0,0.0,0,0
123.77355272308415,43.20669553443567,47.01299362275322,0.0,0.0,0.0,0,0,0,0.0,0.0,0.0,0.0,0.0,0,0
134.3591943699604,42.5485367221777,49.820833293006025,0.0,0.0,0.0,0,0,0,0.0,0.0,0.0,0.0,0.0,0,0
134.3591943699604,44.80786091202521,49.820833293006025,0.0,0.0,0.0,0.3,0,0,0.3,0.0,0.0,0.0,0.0,0,0
139.88023555455067,44.34070465302382,49.820833293006025,0.005760939161751582,0.0,0.0,0.3,0,0,0.2942390608382484,0.0,0.0,-0.005760939161751582,-0.005760939161751582,0,0
105.22351709380416,42.875588389285745,55.51020841703632,0.031533501627601705,5.56584177647914e-05,0.004319192653884824,0.3,0,0,0.2684664983723983,-5.56584177647914e-05,-0.004319192653884824,-0.03123035440317963,-0.03183676905178506,0,0
116.02925942608664,46.3829042936969,40.869665833746936,0.06018577527044203,0.0002722332494605878,0.010797981634712048,0.3,0,0,0.23981422472955796,-0.0002722332494605878,-0.010797981634712048,-0.05942863556333211,-0.060944672184845686,0,0
134.3591943699604,44.34070465302382,34.1466956368953,0.0886084417914102,0.0006865876315465158,0.018356568779010485,0.3,0,0,0.2113915582085898,-0.0006865876315465158,-0.018356568779010485,-0.08732370939918188,-0.08990097165575495,0,0
152.41788953728954,42.332717273451834,35.41390242737805,0.11649764513314396,0.0012588474247667604,0.02267576143289531,0.3,0,0,0.183502354866856,-0.0012588474247667604,-0.02267576143289531,-0.11491557591072893,-0.11809925281590743,0,0
123.02757911911826,42.76612439598537,25.456014597653017,0.143550186874502,0.0019454599967803194,0.02807475225025132,0.3,0,0,0.156449813125498,-0.0019454599967803194,-0.02807475225025132,-0.14159782044936783,-0.14553951566530313,0,0
99.04654639912101,41.906294265999335,27.154814473847836,0.1697708777715293,0.0025401360571866453,0.01727677061553925,0.3,0,0,0.1302291222284707,-0.0025401360571866453,-0.01727677061553925,-0.16858327231230946,-0.17100893090673117,0,0
111.57932338755117,44.34070465302382,23.756904125116755,0.19493497302982427,0.002866220033240432,0.0086383853077696,0.3,0,0,0.10506502697017572,-0.002866220033240432,-0.0086383853077696,-0.19435589487804023,-0.19556872417525106,0,0
104.1428794944386,42.332717273451834,21.90726008446299,0.21843332147574024,0.0029677145583684155,-4.85722573273506e-17,0.3,0,0,0.08156667852425975,-0.0029677145583684155,4.85722573273506e-17,-0.21846087716010607,-0.21846087716010604,0,0
94.8539958627646,38.91410827618916,24.660015279911583,0.24087033646075195,0.002846576143467838,-0.010797981634712121,0.3,0,0,0.059129663539248034,-0.002846576143467838,0.010797981634712121,-0.24165623746926376,-0.24014020084775015,0,0
87.41019065628254,44.34070465302382,24.037345561355124,0.2609562729831632,0.002597142612818859,-0.014037376125125733,0.3,0,0,0.03904372701683678,-0.002597142612818859,0.014037376125125733,-0.26197112819754564,-0.26000028058957797,0,0
70.2289601667081,44.80786091202521,20.81355115370998,0.2764180796190735,0.002363385980095985,-0.016196972452068144,0.3,0,0,0.02358192038092649,-0.002363385980095985,0.016196972452068144,-0.2775863053991355,-0.2753122504668651,0,0
90.98786202822609,44.34070465302382,19.712466909449226,0.2874838824075191,0.0021960895664805947,-0.014037376125125732,0.3,0,0,0.012516117592480891,-0.0021960895664805947,0.014037376125125732,-0.28850176907403324,-0.2865309214660655,0,0
81.32922784467303,45.52376917564831,21.699419216529087,0.2946842912594977,0.0020911197896854926,-0.015117174288596939,0.3,0,0,0.005315708740502301,-0.0020911197896854926,0.015117174288596939,-0.2957787448572984,-0.2936562935871793,0,0
82.34399565000513,44.11008151330754,22.416395940132503,0.2991560511245405,0.0020210993955985827,-0.01619697245206815,0.3,0,0,0.000843948875459466,-0.0020210993955985827,0.01619697245206815,-0.3003268547218391,-0.29805279978956867,0,0
80.66556470717478,43.654616942576325,23.943387448052704,0.2998381458061104,0.002008208681010047,-0.021595963269424184,0.3,0,0,0.00016185419388958788,-0.002008208681010047,0.021595963269424184,-0.3013880803568986,-0.2983560071138714,0,0
65.21205562750623,35.57727385086573,23.61828058878553,0.2998381458061104,0.002008208681010047,-0.021595963269424184,0.3,0,0,0.00016185419388958788,-0.002008208681010047,0.021595963269424184,-0.3013880803568986,-0.2983560071138714,0,0
80.99613175561399,35.01040148158687,23.344165399617317,0.2998381458061104,0.002008208681010047,-0.021595963269424184,0.3,0,0,0.00016185419388958788,-0.002008208681010047,0.021595963269424184,-0.3013880803568986,-0.2983560071138714,0,0
79.04963861634155,34.457033820303465,23.029533090035137,0.2998381458061104,0.002008208681010047,-0.021595963269424184,0.3,0,0,0.00016185419388958788,-0.002008208681010047,0.021595963269424184,-0.3013880803568986,-0.2983560071138714,0,0
84.8062010048873,33.99309161106534,23.896588216502984,0.2998381458061104,0.002008208681010047,-0.021595963269424184,0.3,0,0,0.00016185419388958788,-0.002008208681010047,0.021595963269424184,-0.3013880803568986,-0.2983560071138714,0,0
82.68751571021457,30.526926956734627,24.17918906549187,0.2998381458061104,0.002008208681010047,-0.021595963269424184,0.3,0,0,0.00016185419388958788,-0.002008208681010047,0.021595963269424184,-0.3013880803568986,-0.2983560071138714,0,0
85.16922919230018,27.546944329386996,24.22671386331148,0.2998381458061104,0.002008208681010047,-0.021595963269424184,0.3,0,0,0.00016185419388958788,-0.002008208681010047,0.021595963269424184,-0.3013880803568986,-0.2983560071138714,0,0
78.10859556029456,26.71599641697457,22.676586373412853,0.2998381458061104,0.002008208681010047,-0.021595963269424184,0.3,0,0,0.00016185419388958788,-0.002008208681010047,0.021595963269424184,-0.3013880803568986,-0.2983560071138714,0,0
87.79450977305973,27.154814473847836,23.943387448052704,0.2998381458061104,0.002008208681010047,-0.021595963269424184,0.3,0,0,0.00016185419388958788,-0.002008208681010047,0.021595963269424184,-0.3013880803568986,-0.2983560071138714,0,0
84.8062010048873,27.490449651671298,23.896588216502984,0.2997623607780819,0.002009804651293631,-0.02051616510595298,0.3,0,0,0.0002376392219181067,-0.002009804651293631,0.02051616510595298,-0.3012364766947473,-0.2983560071138714,0,0
87.41019065628254,27.546944329386996,24.08450540165466,0.2997623607780819,0.002009804651293631,-0.02051616510595298,0.3,0,0,0.0002376392219181067,-0.002009804651293631,0.02051616510595298,-0.3012364766947473,-0.2983560071138714,0,0
61.599435781669065,25.203635736394993,22.89635959460729,0.2997623607780819,0.002009804651293631,-0.02051616510595298,0.3,0,0,0.0002376392219181067,-0.002009804651293631,0.02051616510595298,-0.3012364766947473,-0.2983560071138714,0,0
85.53518482670935,34.37905456167617,23.943387448052704,0.2997623607780819,0.002009804651293631,-0.02051616510595298,0.3,0,0,0.0002376392219181067,-0.002009804651293631,0.02051616510595298,-0.3012364766947473,-0.2983560071138714,0,0
83.38264517783642,41.80075928277381,23.896588216502984,0.2997623607780819,0.002009804651293631,-0.02051616510595298,0.3,0,0,0.0002376392219181067,-0.002009804651293631,0.02051616510595298,-0.3012364766947473,-0.2983560071138714,0,0
82.68751571021457,40.76824443801301,24.08450540165466,0.2997623607780819,0.002009804651293631,-0.02051616510595298,0.3,0,0,0.0002376392219181067,-0.002009804651293631,0.02051616510595298,-0.3012364766947473,-0.2983560071138714,0,0
84.8062010048873,34.771619699723,22.37340035638271,0.2997623607780819,0.002009804651293631,-0.02051616510595298,0.3,0,0,0.0002376392219181067,-0.002009804651293631,0.02051616510595298,-0.3012364766947473,-0.2983560071138714,0,0
70.2289601667081,137.98997206957193,23.710579061410876,0.2997623607780819,0.002009804651293631,-0.02051616510595298,0.3,0,0,0.0002376392219181067,-0.002009804651293631,0.02051616510595298,-0.3012364766947473,-0.2983560071138714,0,0
80.99613175561399,284.7075611688845,23.943387448052704,0.2997623607780819,0.002009804651293631,-0.02051616510595298,0.3,0,0,0.0002376392219181067,-0.002009804651293631,0.02051616510595298,-0.3012364766947473,-0.2983560071138714,0,0
87.41019065628254,185.91929651913173,24.22671386331148,0.2997623607780819,0.002009804651293631,-0.02051616510595298,0.3,0,0,0.0002376392219181067,-0.002009804651293631,0.02051616510595298,-0.3012364766947473,-0.2983560071138714,0,0
74.828338960275,163.42873978461637,22.546013685281594,0.2997623607780819,0.002009804651293631,-0.02051616510595298,0.3,0,0,0.0002376392219181067,-0.002009804651293631,0.02051616510595298,-0.3012364766947473,-0.2983560071138714,0,0
78.419964244608,187.6483042942066,23.66437137022323,0.2997623607780819,0.002009804651293631,-0.02051616510595298,0.3,0,0,0.0002376392219181067,-0.002009804651293631,0.02051616510595298,-0.3012364766947473,-0.2983560071138714,0,0
65.88884418534775,220.70517709223105,23.389564303261636,0.2997623607780819,0.002009804651293631,-0.02051616510595298,0.3,0,0,0.0002376392219181067,-0.002009804651293631,0.02051616510595298,-0.3012364766947473,-0.2983560071138714,0,0
81.6648832554738,399.01729906632625,24.08450540165466,0.2997623607780819,0.002009804651293631,-0.02051616510595298,0.3,0,0,0.0002376392219181067,-0.002009804651293631,0.02051616510595298,-0.3012364766947473,-0.2983560071138714,0,0
81.32922784467303,182.55823066529945,22.80812501336112,0.2997623607780819,0.002009804651293631,-0.02051616510595298,0.3,0,0,0.0002376392219181067,-0.002009804651293631,0.02051616510595298,-0.3012364766947473,-0.2983560071138714,0,0
83.73432085224402,239.3652489782259,24.17918906549187,0.2997623607780819,0.002009804651293631,-0.02051616510595298,0.3,0,0,0.0002376392219181067,-0.002009804651293631,0.02051616510595298,-0.3012364766947473,-0.2983560071138714,0,0
84.44606393366254,204.85569342211394,24.22671386331148,0.2997623607780819,0.002009804651293631,-0.02051616510595298,0.3,0,0,0.0002376392219181067,-0.002009804651293631,0.02051616510595298,-0.3012364766947473,-0.2983560071138714,0,0
65.43626790658098,220.70517709223105,23.943387448052704,0.2997623607780819,0.002009804651293631,-0.02051616510595298,0.3,0,0,0.0002376392219181067,-0.002009804651293631,0.02051616510595298,-0.3012364766947473,-0.2983560071138714,0,0
80.99613175561399,163.42873978461637,22.546013685281594,0.2997623607780819,0.002009804651293631,-0.02051616510595298,0.3,0,0,0.0002376392219181067,-0.002009804651293631,0.02051616510595298,-0.3012364766947473,-0.2983560071138714,0,0
85.16922919230018,512.8513118946122,24.17918906549187,0.2997623607780819,0.002009804651293631,-0.02051616510595298,0.3,0,0,0.0002376392219181067,-0.002009804651293631,0.02051616510595298,-0.3012364766947473,-0.2983560071138714,0,0
76.88563626605912,245.3252030939217,23.943387448052704,0.2997623607780819,0.002009804651293631,-0.02051616510595298,0.3,0,0,0.0002376392219181067,-0.002009804651293631,0.02051616510595298,-0.3012364766947473,-0.2983560071138714,0,0
92.66842176880655,399.01729906632625,23.896588216502984,0.2997623607780819,0.002009804651293631,-0.02051616510595298,0.3,0,0,0.0002376392219181067,-0.002009804651293631,0.02051616510595298,-0.3012364766947473,-0.2983560071138714,0,0
80.01189902085736,194.9110753588243,24.37002602209273,0.2997623607780819,0.002009804651293631,-0.02051616510595298,0.3,0,0,0.0002376392219181067,-0.002009804651293631,0.02051616510595298,-0.3012364766947473,-0.2983560071138714,0,0
84.08878225753256,176.198566643824,24.22671386331148,0.2997623607780819,0.002009804651293631,-0.02051616510595298,0.3,0,0,0.0002376392219181067,-0.002009804651293631,0.02051616510595298,-0.3012364766947473,-0.2983560071138714,0,0
80.99613175561399,158.34116103748556,23.344165399617317,0.2997623607780819,0.002009804651293631,-0.02051616510595298,0.3,0,0,0.0002376392219181067,-0.002009804651293631,0.02051616510595298,-0.3012364766947473,-0.2983560071138714,0,0
85.53518482670935,211.34777997197892,24.037345561355124,0.2997623607780819,0.002009804651293631,-0.02051616510595298,0.3,0,0,0.0002376392219181067,-0.002009804651293631,0.02051616510595298,-0.3012364766947473,-0.2983560071138714,0,0
