FDist,LDist,RDist,XEst,YEst,ThetaEst,XDes,YDes,ThetaDes,XError,YError,ThetaError,SL,SR,RW,LW
144.84210166738234,200.75362703878065,130.91477695173097,0.0,0.0,0.0,0,0,0,0.0,0.0,0.0,0.0,0.0,0,0
562.6000187683081,272.6876389629632,163.42873978461637,0.0,0.0,0.0,0,0,0,0.0,0.0,0.0,0.0,0.0,0,0
144.84210166738234,223.1819809443389,147.99350743133397,0.0,0.0,0.0,0,0,0,0.0,0.0,0.0,0.0,0.0,0,0
544.8761250677193,265.2554052777127,51.702600387636146,0.0,0.0,0.0,0,0,0,0.0,0.0,0.0,0.0,0.0,0,0
187.6483042942066,209.13650375320472,38.63343878442909,0.0,0.0,0.0,0,0,0,0.0,0.0,0.0,0.0,0.0,0,0
360.20900612823414,198.76603234393832,37.99065036400073,0.0,0.0,0.0,0,0,0,0.0,0.0,0.0,0.0,0.0,0,0
132.61463364415852,648.3999468665874,35.99073822658538,0.0,0.0,0.0,0,0,0,0.0,0.0,0.0,0.0,0.0,0,0
265.2554052777127,194.9110753588243,37.54159736874482,0.0,0.0,0.0,0,0,0,0.0,0.0,0.0,0.0,0.0,0,0
340.5824855543227,528.3325926770696,38.172601280949785,0.0,0.0,0.0,0,0,0,0.0,0.0,0.0,0.0,0.0,0,0
955.6520228707801,1570.544100534677,40.97148724743448,0.0,0.0,0.0,0,0,0,0.0,0.0,0.0,0.0,0.0,0,0
98.56325615049124,1284.2268420173286,36.8399334734816,0.0,0.0,0.0,0,0,0,0.0,0.0,0.0,0.0,0.0,0,0
108.6000844939372,209.13650375320472,37.81003834541127,0.0,0.0,0.0,0,0,0,0.0,0.0,0.0,0.0,0.0,0,0
104.68049512451793,1093.1463157010076,40.06929243145368,0.0,0.0,0.0,0,0,0,0.0,0.0,0.0,0.0,0.0,0,0
191.20821604693444,220.70517709223105,35.57727385086573,0.0,0.0,0.0,0,0,0,0.0,0.0,0.0,0.0,0.0,0,0
211.34777997197892,198.76603234393832,37.900177953656964,0.0,0.0,0.0,0,0,0,0.0,0.0,0.0,0.0,0.0,0,0
167.46934895889862,280.5772654118684,37.0134486413167,0.0,0.0,0.0,0,0,0,0.0,0.0,0.0,0.0,0.0,0,0
471.8179059817352,1570.544100534677,37.36426621567546,0.0,0.0,0.0,0,0,0,0.0,0.0,0.0,0.0,0.0,0,0
268.9169663380496,1284.2268420173286,37.72022963544492,0.0,0.0,0.0,0,0,0,0.0,0.0,0.0,0.0,0.0,0,0
261.6981137825328,353.40072554933454,39.67832560006777,0.0,0.0,0.0,0,0,0,0.0,0.0,0.0,0.0,0.0,0,0
288.9697116820819,185.91929651913173,37.81003834541127,0.0,0.0,0.0,0,0,0,0.0,0.0,0.0,0.0,0.0,0,0
360.20900612823414,544.8761250677193,41.176340005486864,0.0,0.0,0.0,0,0,0,0.0,0.0,0.0,0.0,0.0,0,0
407.8990969411948,272.6876389629632,38.54058218127202,0.0,0.0,0.0,0,0,0,0.0,0.0,0.0,0.0,0.0,0,0
312.50933522689996,242.3065498311679,34.535278547288506,0.0,0.0,0.0,0,0,0,0.0,0.0,0.0,0.0,0.0,0,0
769.566351540633,900.238757316699,37.452770077611675,0.0,0.0,0.0,0,0,0,0.0,0.0,0.0,0.0,0.0,0,0
1180.1265773010464,390.5444991736698,37.63074993470196,0.0,0.0,0.0,1.0,0,0,1.0,0.0,0.0,0.0,0.0,0,0
703.2691653992177,528.3325926770696,38.35590662765991,0.001744947210372888,-9.356450130181066e-07,-0.0010724048473055119,1.0,0,0,0.9982550527896271,9.356450130181066e-07,0.0010724048473055119,-0.0018208147421430842,-0.0016690801802978273,0,0
360.20900612823414,245.3252030939217,71.26409887021845,0.021925632331366292,2.070622782910953e-05,0.0032172145419165294,1.0,0,0,0.9780743676686338,-2.070622782910953e-05,-0.0032172145419165294,-0.021698042343871755,-0.022153246029407526,0,0
185.91929651913173,407.8990969411948,68.72637072202204,0.03937461528463496,0.0001516953056589095,0.011796453320360636,1.0,0,0,0.9606253847153651,-0.0001516953056589095,-0.011796453320360636,-0.03854057870869529,-0.04020965888899311,0,0
223.1819809443389,225.71785045590883,53.07684344785989,0.056822645034754315,0.00037624392160103177,0.01394126301497168,1.0,0,0,0.9431773549652457,-0.00037624392160103177,-0.01394126301497168,-0.05583831875905459,-0.057810868063042926,0,0
261.6981137825328,239.3652489782259,29.31979943667244,0.07874563848124247,0.0007171711049728186,0.0171584775568882,1.0,0,0,0.9212543615187575,-0.0007171711049728186,-0.0171584775568882,-0.07753636110292635,-0.07996411409245045,0,0
317.7208243859324,674.6059938250444,33.5384100204288,0.10097083732101139,0.00113432227209441,0.02037569209880472,1.0,0,0,0.8990291626789886,-0.00113432227209441,-0.02037569209880472,-0.09953787257048861,-0.10242082924554849,0,0
126.84939257625024,334.5408252723781,36.581988162777755,0.12311791810841875,0.0016569332512292182,0.02681012118263778,1.0,0,0,0.8768820818915812,-0.0016569332512292182,-0.02681012118263778,-0.12123591491436037,-0.1250292789604918,0,0
170.27879631253745,261.6981137825328,32.29799013034805,0.14503536457281904,0.002256444284715615,0.027882526029943303,1.0,0,0,0.8549646354271809,-0.002256444284715615,-0.027882526029943303,-0.14308569182007738,-0.14703079042805406,0,0
114.72272976706012,648.3999468665874,21.010896801842307,0.16725680573702664,0.002840423007921347,0.024665311488026784,1.0,0,0,0.8327431942629734,-0.002840423007921347,-0.024665311488026784,-0.1655424069731754,-0.16903230189561633,0,0
162.1258003695371,353.40072554933454,24.131786407761517,0.18948200457679557,0.0032575741750429385,0.012868858167666133,1.0,0,0,0.8105179954232045,-0.0032575741750429385,-0.012868858167666133,-0.18860606037365446,-0.19042687511579756,0,0
111.57932338755117,223.1819809443389,24.41804431856243,0.2117105778362988,0.0034125238778335955,0.0010724048473054817,1.0,0,0,0.7882894221637012,-0.0034125238778335955,-0.0010724048473054817,-0.21166971377413352,-0.2118214483359788,0,0
225.71785045590883,293.3703955349555,24.75769029437472,0.23363568934481904,0.0032596895293472462,-0.015013667862277213,1.0,0,0,0.766364310655181,-0.0032596895293472462,0.015013667862277213,-0.23473336717461257,-0.232609083308779,0,0
228.31501027837746,399.01729906632625,22.89635959460729,0.2557082409694144,0.002798043362218953,-0.02681012118263784,1.0,0,0,0.7442917590305855,-0.002798043362218953,0.02681012118263784,-0.2576452860132464,-0.253851921967115,0,0
179.3202830877122,900.238757316699,23.66437137022323,0.27770184575880785,0.0022082508349320394,-0.02681012118263784,1.0,0,0,0.7222981542411921,-0.0022082508349320394,0.02681012118263784,-0.2796467974808087,-0.2758534334346773,0,0
168.8620920208621,245.3252030939217,28.004743143301148,0.299543770515171,0.0016225258423160707,-0.02681012118263784,1.0,0,0,0.700456229484829,-0.0016225258423160707,0.02681012118263784,-0.30149657438652566,-0.29770321034039426,0,0
194.9110753588243,528.3325926770696,22.37340035638271,0.3215385897087591,0.0010799067322178019,-0.0225205017934158,1.0,0,0,0.678461410291241,-0.0010799067322178019,0.0225205017934158,-0.3231946167303974,-0.32000819093164706,0,0
166.09994149545804,1093.1463157010076,28.711534351575374,0.34346226395346224,0.0007860009458419296,-0.004289619389222087,1.0,0,0,0.6565377360465378,-0.0007860009458419296,0.004289619389222087,-0.3438305171413524,-0.34322357889397137,0,0
139.88023555455067,293.3703955349555,31.737482110528177,0.3653119906024324,0.0008328645232440076,0.008579238778444088,1.0,0,0,0.6346880093975675,-0.0008328645232440076,-0.008579238778444088,-0.36476988667599786,-0.3659837631707599,0,0
122.29045980286173,265.2554052777127,29.443633183885872,0.38700792437756315,0.0011353528397026317,0.019303287251499216,1.0,0,0,0.6129920756224368,-0.0011353528397026317,-0.019303287251499216,-0.38570925621064334,-0.388440478323858,0,0
126.06628950603962,602.1580731583105,30.396551423726756,0.4090776833495236,0.0017153453600195876,0.033244550266470864,1.0,0,0,0.5909223166504765,-0.0017153453600195876,-0.033244550266470864,-0.40680036030713407,-0.41150413172433703,0,0
211.34777997197892,512.8513118946122,35.41390242737805,0.43106187726409007,0.002588113819585968,0.046113408434136985,1.0,0,0,0.5689381227359099,-0.002588113819585968,-0.046113408434136985,-0.4278914644036248,-0.43441605056297083,0,0
187.6483042942066,471.8179059817352,112.81620876492863,0.4529602658467561,0.003681023002312373,0.05362024236527557,1.0,0,0,0.5470397341532439,-0.003681023002312373,-0.05362024236527557,-0.44928603762380603,-0.4568727657160689,0,0
230.97580043058096,353.40072554933454,734.7683303247097,0.47493015628448537,0.004860184149673594,0.05362024236527557,1.0,0,0,0.5250698437155146,-0.004860184149673594,-0.05362024236527557,-0.4712875490913683,-0.4788742771836312,0,0
284.7075611688845,581.6409617069837,340.5824855543227,0.496674621047012,0.005992170253807116,0.05040302782335905,1.0,0,0,0.503325378952988,-0.005992170253807116,-0.05040302782335905,-0.4932890605589305,-0.5004205849656577,0,0
360.20900612823414,769.566351540633,73.9772983740448,0.5185022384654902,0.006975973416108082,0.03967897935030395,1.0,0,0,0.48149776153450985,-0.006975973416108082,-0.03967897935030395,-0.5158975102738738,-0.5215116890621484,0,0
159.58252707905322,484.6780696502813,47.397845831374006,0.5404161552757755,0.007692997147247675,0.025737716335332277,1.0,0,0,0.45958384472422453,-0.007692997147247675,-0.025737716335332277,-0.5388094291125076,-0.5424510585967939,0,0
225.71785045590883,1284.2268420173286,32.369070457727666,0.5621874325046409,0.008031564972949068,0.0053620242365275406,1.0,0,0,0.43781256749535913,-0.008031564972949068,-0.0053620242365275406,-0.562024817074832,-0.5627834898840584,0,0
223.1819809443389,1284.2268420173286,35.41390242737805,0.5839604375248156,0.007833088928655503,-0.023592906640721303,1.0,0,0,0.41603956247518437,-0.007833088928655503,0.023592906640721303,-0.5858471432845374,-0.5825089829239418,0,0
242.3065498311679,218.28532251964043,41.279376340133794,0.6056440581236897,0.007042115300436893,-0.049330622976053604,1.0,0,0,0.3943559418763103,-0.007042115300436893,0.049330622976053604,-0.6093660003705522,-0.6023862105256705,0,0
323.12240163650586,174.67928447558052,31.530946491144263,0.6273847685177317,0.005840178567032455,-0.06112707629641426,1.0,0,0,0.37261523148226827,-0.005840178567032455,0.06112707629641426,-0.6319744500854955,-0.623325580060316,0,0
265.2554052777127,353.40072554933454,36.411556150709906,0.6491113393954816,0.0044051669842131505,-0.07077871992216384,1.0,0,0,0.3508886606045184,-0.0044051669842131505,0.07077871992216384,-0.6544311652385935,-0.6444166841568068,0,0
117.36537105675751,128.44498763419128,35.33264212856703,0.6708299034103433,0.002853678189194372,-0.07185112476946934,1.0,0,0,0.3291700965896567,-0.002853678189194372,0.07185112476946934,-0.6762809421443104,-0.6661147265006785,0,0
323.12240163650586,180.92431015592842,34.1466956368953,0.6926329456291129,0.00142535720420686,-0.05898226660180316,1.0,0,0,0.30736705437088707,-0.00142535720420686,0.05898226660180316,-0.6972203116789559,-0.688874910777467,0,0
185.91929651913173,261.6981137825328,39.29331088815539,0.7144584027728711,0.000394740255199462,-0.03538935996108188,1.0,0,0,0.2855415972271289,-0.000394740255199462,0.03538935996108188,-0.7174010084043752,-0.7123937678634819,0,0
155.91651753124995,189.41093412341306,35.65938806674725,0.7364553472275728,-5.35247490600154e-05,-0.0053620242365275406,1.0,0,0,0.2635446527724272,5.35247490600154e-05,0.0053620242365275406,-0.7372782360061039,-0.7365195631968777,0,0
297.9167592848756,360.20900612823414,49.820833293006025,0.7584543790589139,0.0002767862270105915,0.03538935996108193,1.0,0,0,0.24154562094108611,-0.0002767862270105915,-0.03538935996108193,-0.7563967907986062,-0.7614040313394999,0,0
808.2350827585409,1570.544100534677,55.51020841703632,0.7801173831118915,0.0015093838730930646,0.07828555385330244,1.0,0,0,0.2198826168881085,-0.0015093838730930646,-0.07828555385330244,-0.7750601419055728,-0.7861367649202767,0,0
155.91651753124995,302.6164596847404,58.14195534124432,0.8015656266458768,0.0035627295197571875,0.11260250896707885,1.0,0,0,0.19843437335412317,-0.0035627295197571875,-0.11260250896707885,-0.7941786966980752,-0.8101108256918274,0,0
1093.1463157010076,1570.544100534677,75.99135610686974,0.8234029246439722,0.0062458103980852575,0.13190579621857806,1.0,0,0,0.17659707535602776,-0.0062458103980852575,-0.13190579621857806,-0.8148145971090301,-0.833477948215997,0,0
955.6520228707801,1570.544100534677,81.32922784467303,0.8450628933439731,0.009119572173979127,0.13190579621857806,1.0,0,0,0.1549371066560269,-0.009119572173979127,-0.13190579621857806,-0.8366643740147471,-0.855327725121714,0,0
648.3999468665874,1570.544100534677,92.66842176880655,0.8622964033959792,0.0113214720329596,0.12225415259282843,1.0,0,0,0.13770359660402076,-0.0113214720329596,-0.12225415259282843,-0.8547207868743327,-0.8720185269246923,0,0
223.1819809443389,334.5408252723781,80.33749690282312,0.8838722740701762,0.013620786323521225,0.09008200717366305,1.0,0,0,0.11612772592982379,-0.013620786323521225,-0.09008200717366305,-0.8786948476458833,-0.8914405508408851,0,0
118.73212177360972,46.88585314489331,66.34704544306035,0.9058282560550965,0.015035481320729405,0.0386065745029984,1.0,0,0,0.09417174394490346,-0.015035481320729405,-0.0386065745029984,-0.9043379885977317,-0.9098004328241612,0,0
129.25786434407527,39.58151945793042,67.28076465107131,0.927372470013618,0.01533585433427573,-0.010724048473055178,1.0,0,0,0.072627529986382,-0.01533585433427573,0.010724048473055178,-0.9293741913021991,-0.9278568456837468,0,0
648.3999468665874,35.01040148158687,93.53102222430564,0.9471569553907506,0.014518536209908464,-0.0718511247694694,1.0,0,0,0.05284304460924938,-0.014518536209908464,0.0718511247694694,-0.953499986635595,-0.943333770991963,0,0
955.6520228707801,33.01927315595455,82.00312876373096,0.9628572386108285,0.012930469701258638,-0.12976098652396711,1.0,0,0,0.0371427613891715,-0.012930469701258638,0.12976098652396711,-0.9733772142373237,-0.9550173322540478,0,0
703.2691653992177,30.26697313093551,155.91651753124995,0.9738110271733543,0.011285448869370869,-0.1683675610269656,1.0,0,0,0.026188972826645673,-0.011285448869370869,0.1683675610269656,-0.9871850593652421,-0.963362733155537,0,0
62.005885601807684,27.889309733104497,245.3252030939217,0.9812067284662971,0.009975245635940353,-0.18230882404193727,1.0,0,0,0.018793271533702915,-0.009975245635940353,0.18230882404193727,-0.9956821948285766,-0.969887319314883,0,0
1180.1265773010464,28.29625192435787,162.1258003695371,0.9856108776240703,0.009175518022821912,-0.1769467998054097,1.0,0,0,0.014389122375929708,-0.009175518022821912,0.1769467998054097,-0.9997790279983985,-0.9747428252939313,0,0
769.566351540633,29.25815894523266,125.29273453547381,0.9880823902882181,0.008775843643422128,-0.1437022495389388,1.0,0,0,0.011917609711781907,-0.008775843643422128,0.1437022495389388,-0.9999307625602437,-0.9795983312729796,0,0
242.3065498311679,29.505828159201656,82.00312876373096,0.9903399003638416,0.008486174622654686,-0.1115301041197734,1.0,0,0,0.009660099636158437,-0.008486174622654686,0.1115301041197734,-0.9999307625602437,-0.9841503681283372,0,0
1411.3480414449798,31.462535589252198,72.32728403086773,0.9923030642525101,0.008293981222943704,-0.08364757808983007,1.0,0,0,0.007696935747489864,-0.008293981222943704,0.08364757808983007,-0.9999307625602437,-0.9880954667363139,0,0
399.01729906632625,31.326358860372608,87.02903054016306,0.9924542817951013,0.008281465949432607,-0.08150276839521906,1.0,0,0,0.007545718204898688,-0.008281465949432607,0.08150276839521906,-0.9999307625602437,-0.9883989358600044,0,0
1411.3480414449798,30.26697313093551,83.03372126641216,0.9924542817951013,0.008281465949432607,-0.08150276839521906,1.0,0,0,0.007545718204898688,-0.008281465949432607,0.08150276839521906,-0.9999307625602437,-0.9883989358600044,0,0
1411.3480414449798,30.461639058159932,84.8062010048873,0.9924542817951013,0.008281465949432607,-0.08150276839521906,1.0,0,0,0.007545718204898688,-0.008281465949432607,0.08150276839521906,-0.9999307625602437,-0.9883989358600044,0,0
471.8179059817352,29.946465878260994,65.43626790658098,0.9924542817951013,0.008281465949432607,-0.08150276839521906,1.0,0,0,0.007545718204898688,-0.008281465949432607,0.08150276839521906,-0.9999307625602437,-0.9883989358600044,0,0
1411.3480414449798,29.946465878260994,83.03372126641216,0.9924542817951013,0.008281465949432607,-0.08150276839521906,1.0,0,0,0.007545718204898688,-0.008281465949432607,0.08150276839521906,-0.9999307625602437,-0.9883989358600044,0,0
251.60762066022812,28.473193408840125,66.5782896093539,0.9924542817951013,0.008281465949432607,-0.08150276839521906,1.0,0,0,0.007545718204898688,-0.008281465949432607,0.08150276839521906,-0.9999307625602437,-0.9883989358600044,0,0
955.6520228707801,30.461639058159932,69.7215507122142,0.9923786630555533,0.008287601953325171,-0.08043036354791354,1.0,0,0,0.007621336944446666,-0.008287601953325171,0.08043036354791354,-0.9997790279983985,-0.9883989358600044,0,0
1093.1463157010076,35.7417900319635,74.54267433246892,0.9923786630555533,0.008287601953325171,-0.08043036354791354,1.0,0,0,0.007621336944446666,-0.008287601953325171,0.08043036354791354,-0.9997790279983985,-0.9883989358600044,0,0
1411.3480414449798,33.388857821495826,71.79211210149265,0.9923786630555533,0.008287601953325171,-0.08043036354791354,1.0,0,0,0.007621336944446666,-0.008287601953325171,0.08043036354791354,-0.9997790279983985,-0.9883989358600044,0,0
471.8179059817352,32.44038053928213,72.86976705815192,0.9923786630555533,0.008287601953325171,-0.08043036354791354,1.0,0,0,0.007621336944446666,-0.008287601953325171,0.08043036354791354,-0.9997790279983985,-0.9883989358600044,0,0
202.78305134967044,31.258590930792266,72.32728403086773,0.9923786630555533,0.008287601953325171,-0.08043036354791354,1.0,0,0,0.007621336944446666,-0.008287601953325171,0.08043036354791354,-0.9997790279983985,-0.9883989358600044,0,0
1284.2268420173286,32.94608262610615,75.11601708077,0.9923786630555533,0.008287601953325171,-0.08043036354791354,1.0,0,0,0.007621336944446666,-0.008287601953325171,0.08043036354791354,-0.9997790279983985,-0.9883989358600044,0,0
648.3999468665874,33.840516440659265,72.59760196071355,0.9923786630555533,0.008287601953325171,-0.08043036354791354,1.0,0,0,0.007621336944446666,-0.008287601953325171,0.08043036354791354,-0.9997790279983985,-0.9883989358600044,0,0
648.3999468665874,40.26705290654683,72.59760196071355,0.9923786630555533,0.008287601953325171,-0.08043036354791354,1.0,0,0,0.007621336944446666,-0.008287601953325171,0.08043036354791354,-0.9997790279983985,-0.9883989358600044,0,0
437.33222201576723,40.36651046494504,73.6975442509615,0.9923786630555533,0.008287601953325171,-0.08043036354791354,1.0,0,0,0.007621336944446666,-0.008287601953325171,0.08043036354791354,-0.9997790279983985,-0.9883989358600044,0,0
213.60849807698625,180.92431015592842,69.97442321249366,0.9923786630555533,0.008287601953325171,-0.08043036354791354,-0.007621336944446666,0,0,-1.0,-0.008287601953325171,0.08043036354791354,-0.9997790279983985,-0.9883989358600044,0,0
955.6520228707801,268.9169663380496,76.58539900875073,0.9876126781708267,0.008648620184411865,-0.07077871992216393,-0.007621336944446666,0,0,-0.9952340151152733,-0.008648620184411865,0.07077871992216393,-0.9943165837719692,-0.9843021026901825,0,0
100.52415418066585,258.2405371440609,78.10859556029456,0.9671421272558057,0.009395343539723142,-0.002144809694611116,-0.007621336944446666,0,0,-0.9747634642002524,-0.009395343539723142,0.002144809694611116,-0.9689769119438113,-0.968673442820121,0,0
200.75362703878065,544.8761250677193,85.16922919230018,0.9452274541070153,0.00870182080699717,0.0654166956856362,-0.007621336944446666,0,0,-0.9528487910514619,-0.00870182080699717,-0.0654166956856362,-0.942271629059046,-0.9515274373316069,0,0
1411.3480414449798,1570.544100534677,66.5782896093539,0.9232539695549105,0.006562515068570385,0.12868858167666142,-0.007621336944446666,0,0,-0.9308753064993571,-0.006562515068570385,-0.12868858167666142,-0.915718080736126,-0.9339262281575571,0,0
1411.3480414449798,1570.544100534677,62.833136667956715,0.906066171417656,0.004028382693463523,0.16407794163774336,-0.007621336944446666,0,0,-0.9136875083621027,-0.004028382693463523,-0.16407794163774336,-0.8958408531343973,-0.9190562410967219,0,0
1411.3480414449798,288.9697116820819,65.43626790658098,0.8850664044374688,0.000354555029783557,0.18230882404193707,-0.007621336944446666,0,0,-0.8926877413819154,-0.000354555029783557,-0.18230882404193707,-0.8732324034194541,-0.8990272789331479,0,0
1411.3480414449798,581.6409617069837,91.82083615681199,0.8640866384004771,-0.003431820540292904,0.1748019901107985,-0.007621336944446666,0,0,-0.8717079753449237,0.003431820540292904,-0.1748019901107985,-0.8524447684466538,-0.8771775020274309,0,0
1411.3480414449798,1570.544100534677,82.68751571021457,0.8425041331286046,-0.006838903899883859,0.13834022530241105,-0.007621336944446666,0,0,-0.8501254700730513,0.006838903899883859,-0.13834022530241105,-0.8331744790923062,-0.8527482375703446,0,0
157.11931592309642,648.3999468665874,56.19159937776923,0.8211658110217664,-0.009217101742003407,0.08364757808982991,-0.007621336944446666,0,0,-0.8287871479662131,0.009217101742003407,-0.08364757808982991,-0.8155732699182564,-0.8274085657421867,0,0
185.91929651913173,581.6409617069837,56.0199058821893,0.7990419084635705,-0.010356946132660215,0.01930328725149913,-0.007621336944446666,0,0,-0.8066632454080171,0.010356946132660215,-0.01930328725149913,-0.7979720607442066,-0.8007032828574214,0,0
251.60762066022812,544.8761250677193,33.613559426012365,0.7764363837863918,-0.009993280650953361,-0.051475432670664734,-0.007621336944446666,0,0,-0.7840577207308385,0.009993280650953361,0.051475432670664734,-0.7803708515701567,-0.7730875926015847,0,0
159.58252707905322,648.3999468665874,39.97098488311734,0.7542054448564313,-0.008177374962728147,-0.11153010411977342,-0.007621336944446666,0,0,-0.7618267818008779,0.008177374962728147,0.11153010411977342,-0.7623144387105711,-0.7465340442786647,0,0
160.8439044330725,254.878386734463,38.08145749517021,0.7318965439715196,-0.005010323896969597,-0.17051237072157666,-0.007621336944446666,0,0,-0.7395178809159663,0.005010323896969597,0.17051237072157666,-0.743954556727295,-0.7198287613938994,0,0
323.12240163650586,209.13650375320472,44.69032492014681,0.7104707619238095,-0.0007267956230312365,-0.22413261308685228,-0.007621336944446666,0,0,-0.7180920988682562,0.0007267956230312365,0.22413261308685228,-0.7258981438677095,-0.694185620442051,0,0
624.3377665398167,648.3999468665874,48.44999661828506,0.6889367796433045,0.00447454235698456,-0.24987032942218457,-0.007621336944446666,0,0,-0.6965581165877511,-0.00447454235698456,0.24987032942218457,-0.705565712580445,-0.6702115596705004,0,0
1411.3480414449798,448.2028325964311,56.19159937776923,0.667583971291601,0.009777756698560442,-0.23700147125451845,-0.007621336944446666,0,0,-0.6752053082360476,-0.009777756698560442,0.23700147125451845,-0.6826537937418111,-0.6491204555740097,0,0
484.6780696502813,211.34777997197892,51.852303182374264,0.646086580534677,0.014460565417843772,-0.1919604676676869,-0.007621336944446666,0,0,-0.6537079174791237,-0.014460565417843772,0.1919604676676869,-0.6574658564754985,-0.6303053699051978,0,0
196.81893899271049,242.3065498311679,52.30584039894111,0.6238429665573464,0.018057634832441816,-0.1286885816766617,-0.007621336944446666,0,0,-0.6314643035017931,-0.018057634832441816,0.1286885816766617,-0.6304571044670427,-0.6122489570456122,0,0
206.97300472647143,276.5725757314533,47.01299362275322,0.6012653999556993,0.020255753099760063,-0.06541669568563642,-0.007621336944446666,0,0,-0.6088867369001459,-0.020255753099760063,0.06541669568563642,-0.6032966178967417,-0.5940408096241814,0,0
198.76603234393832,293.3703955349555,35.57727385086573,0.5785948593681766,0.021046213116721585,-0.004289619389222191,-0.007621336944446666,0,0,-0.5862161963126232,-0.021046213116721585,0.004289619389222191,-0.576287865888286,-0.5756809276409053,0,0
118.0448484665879,1570.544100534677,32.873131352234964,0.5605418104664143,0.020697686637978246,0.042896193892220366,-0.007621336944446666,0,0,-0.5681631474108609,-0.020697686637978246,-0.042896193892220366,-0.5548932926681047,-0.5609626751419153,0,0
1411.3480414449798,1570.544100534677,42.5485367221777,0.5382248971172975,0.019007204444794524,0.10831288957785663,-0.007621336944446666,0,0,-0.5458462340617442,-0.019007204444794524,-0.10831288957785663,-0.527884540659649,-0.5432097314060202,0,0
624.3377665398167,562.6000187683081,38.54058218127202,0.5164434565305267,0.01590311797334287,0.17480199011079844,-0.007621336944446666,0,0,-0.5240647934749734,-0.01590311797334287,-0.17480199011079844,-0.5011792577748837,-0.5259119913556609,0,0
648.3999468665874,674.6059938250444,37.54159736874482,0.4948397064868815,0.011354641694878518,0.24021868579643474,-0.007621336944446666,0,0,-0.5024610434313281,-0.011354641694878518,-0.24021868579643474,-0.47447397489011844,-0.5084625167434563,0,0
1411.3480414449798,317.7208243859324,48.854583701372256,0.47419131443754403,0.005753599912267715,0.2895493087724883,-0.007621336944446666,0,0,-0.4818126513819907,-0.005753599912267715,-0.2895493087724883,-0.4495895067474963,-0.490557838445716,0,0
78.419964244608,769.566351540633,49.820833293006025,0.4578396220811656,0.0008534187412674067,0.29276652331440484,-0.007621336944446666,0,0,-0.46546095902561224,-0.0008534187412674067,-0.29276652331440484,-0.43229176669713704,-0.47371530208089246,0,0
86.2760268879407,1570.544100534677,90.16911060094986,0.4372215596430885,-0.004858259170979811,0.24772551972757328,-0.007621336944446666,0,0,-0.4448428965875352,0.004858259170979811,-0.24772551972757328,-0.4140836192757062,-0.44913430306196084,0,0
955.6520228707801,1570.544100534677,76.88563626605912,0.4153509731363971,-0.009610079593805589,0.18016401434732598,-0.007621336944446666,0,0,-0.42297231008084374,0.009610079593805589,-0.18016401434732598,-0.39648241010165636,-0.4219738164916598,0,0
1411.3480414449798,1411.3480414449798,126.84939257625024,0.393289804374851,-0.012898999180956787,0.11581972350899519,-0.007621336944446666,0,0,-0.40091114131929767,0.012898999180956787,-0.11581972350899519,-0.37872946636576127,-0.3951167990450493,0,0
407.8990969411948,179.3202830877122,29.013419717033194,0.37098423021793114,-0.014733041985148332,0.04825821812874788,-0.007621336944446666,0,0,-0.3786055671623778,0.014733041985148332,-0.04825821812874788,-0.36112825719171143,-0.3679563124747483,0,0
187.6483042942066,390.5444991736698,27.546944329386996,0.34837765254168956,-0.015023978887542902,-0.022520501793415984,-0.007621336944446666,0,0,-0.35599898948613623,0.015023978887542902,0.022520501793415984,-0.3435270480176616,-0.34034062221891154,0,0
360.20900612823414,198.76603234393832,26.553939227512814,0.3258781051689905,-0.013804290743135786,-0.0857923877844412,-0.007621336944446666,0,0,-0.3334994421134372,0.013804290743135786,0.0857923877844412,-0.325470635158076,-0.3133318702104558,0,0
382.4520830402873,198.76603234393832,22.546013685281594,0.303497881677154,-0.011188403207062098,-0.14691946408085546,-0.007621336944446666,0,0,-0.3111192186216007,0.011188403207062098,0.14691946408085546,-0.30726248773664516,-0.28647485276384527,0,0
111.57932338755117,1570.544100534677,20.774355752373964,0.28133217267512856,-0.0071388827930545865,-0.21448096946110273,-0.007621336944446666,0,0,-0.2889535096195752,0.0071388827930545865,0.21448096946110273,-0.2895095440007501,-0.259162631631699,0,0
92.2427776670329,769.566351540633,28.473193408840125,0.25940205995566384,-0.0016423243584801923,-0.27668045060482244,-0.007621336944446666,0,0,-0.2670233969001105,0.0016423243584801923,0.27668045060482244,-0.27130139657931923,-0.23215387962324324,0,0
96.21317986298715,323.12240163650586,34.69257006062114,0.23819832271627076,0.004773892340029517,-0.31099740571859885,-0.007621336944446666,0,0,-0.24581965966071742,-0.004773892340029517,0.31099740571859885,-0.2515759035394358,-0.20757288060431162,0,0
90.57673222463723,1570.544100534677,43.31797937953491,0.21709135006941543,0.011247404376702783,-0.28418728453596104,-0.007621336944446666,0,0,-0.2247126870138621,-0.011247404376702783,0.28418728453596104,-0.2276018427678852,-0.18739218387889242,0,0
111.57932338755117,1570.544100534677,36.24233355390543,0.19513271497188403,0.016939203935927745,-0.2230602082395468,-0.007621336944446666,0,0,-0.2027540519163307,-0.016939203935927745,0.2230602082395468,-0.20059309075942944,-0.16903230189561633,0,0
242.3065498311679,272.6876389629632,34.30133937049984,0.17293953508040974,0.02125252803895792,-0.16086072709582708,-0.007621336944446666,0,0,-0.1805608720248564,-0.02125252803895792,0.16086072709582708,-0.17358433875097368,-0.15082415447418548,0,0
1411.3480414449798,185.91929651913173,41.48668155431983,0.15030025224095636,0.02424386942062524,-0.1018784604940239,-0.007621336944446666,0,0,-0.15792158918540303,-0.02424386942062524,0.1018784604940239,-0.14657558674251792,-0.13216080336721886,0,0
1411.3480414449798,528.3325926770696,40.26705290654683,0.13229914164698917,0.025655982284234064,-0.05469264721258134,-0.007621336944446666,0,0,-0.13992047859143583,-0.025655982284234064,0.05469264721258134,-0.12518101352233668,-0.11744255086822893,0,0
162.1258003695371,323.12240163650586,40.167981003823776,0.11022709778617784,0.026141298892721328,0.010724048473054956,-0.007621336944446666,0,0,-0.11784843473062451,-0.026141298892721328,-0.010724048473054956,-0.09847573063757145,-0.09999307625602437,0,0
198.76603234393832,734.7683303247097,32.29799013034805,0.08824684996808305,0.025174234927715533,0.07721314900599677,-0.007621336944446666,0,0,-0.09586818691252971,-0.025174234927715533,-0.07721314900599677,-0.07177044775280622,-0.08269533620566508,0,0
154.7323071690459,471.8179059817352,39.87305607130267,0.06668104095350878,0.022782389802428537,0.14370224953893856,-0.007621336944446666,0,0,-0.07430237789795545,-0.022782389802428537,-0.14370224953893856,-0.045368633991731494,-0.06570106527899629,0,0
179.3202830877122,1570.544100534677,33.240292574490965,0.04740922877697448,0.01935758668561222,0.20804654037726933,-0.007621336944446666,0,0,-0.05503056572142115,-0.01935758668561222,-0.20804654037726933,-0.02124283865833563,-0.050679343656315844,0,0
293.3703955349555,1570.544100534677,37.452770077611675,0.03470858250075782,0.01636184264291696,0.2552323536587119,-0.007621336944446666,0,0,-0.042329919445204485,-0.01636184264291696,-0.2552323536587119,-0.00485550597904787,-0.040968331698219396,0,0
293.3703955349555,43.09587104878454,33.092704166817725,0.022714380964666256,0.013053018350677648,0.28311487968865523,-0.007621336944446666,0,0,-0.030335717909112922,-0.013053018350677648,-0.28311487968865523,0.009559277396251547,-0.030498646930896663,0,0
239.3652489782259,37.99065036400073,37.99065036400073,0.01402034423335353,0.010619453752493114,0.2627391875898505,-0.007621336944446666,0,0,-0.021641681177800194,-0.010619453752493114,-0.2627391875898505,0.017146005488514398,-0.02002896216357393,0,0
182.55823066529945,307.4777105974586,35.09054457381912,0.009300567295160642,0.009479434469201981,0.21126375491918586,-0.007621336944446666,0,0,-0.016921904239607308,-0.009479434469201981,-0.21126375491918586,0.018359881983276455,-0.011531826700239537,0,0
200.75362703878065,1570.544100534677,35.99073822658538,0.005571551577571507,0.008783695606944185,0.15764351255391024,-0.007621336944446666,0,0,-0.013192888522018173,-0.008783695606944185,-0.15764351255391024,0.018359881983276455,-0.003945098607976686,0,0
105.77203060255431,648.3999468665874,34.457033820303465,0.00301709075918138,0.008425246231189133,0.12118174774552279,-0.007621336944446666,0,0,-0.010638427703628047,-0.008425246231189133,-0.12118174774552279,0.018359881983276455,0.0012138764947620534,0,0
162.1258003695371,1570.544100534677,46.3829042936969,0.000753630193150486,0.008186486625818305,0.0890096023263574,-0.007621336944446666,0,0,-0.008374967137597153,-0.008186486625818305,-0.0890096023263574,0.018359881983276455,0.005765913350119764,0,0
100.02692680886574,374.71408913910363,45.64490144276858,-0.00045632210792603996,0.008088959328842349,0.0718511247694692,-0.007621336944446666,0,0,-0.007165014836520626,-0.008088959328842349,-0.0718511247694692,0.018359881983276455,0.008193666339643876,0,0
471.8179059817352,674.6059938250444,55.174823329569996,-0.0006076767616172516,0.008078228715421602,0.06970631507485817,-0.007621336944446666,0,0,-0.0070136601828294145,-0.008078228715421602,-0.06970631507485817,0.018359881983276455,0.00849713546333439,0,0
284.7075611688845,562.6000187683081,47.26898596692454,-0.0006076767616172516,0.008078228715421602,0.06970631507485817,-0.007621336944446666,0,0,-0.0070136601828294145,-0.008078228715421602,-0.06970631507485817,0.018359881983276455,0.00849713546333439,0,0
528.3325926770696,272.6876389629632,58.880520330140875,-0.0005319965687604308,0.008083553442996551,0.07077871992216368,-0.007621336944446666,0,0,-0.007089340375686235,-0.008083553442996551,-0.07077871992216368,0.018359881983276455,0.008345400901489133,0,0
407.8990969411948,288.9697116820819,47.65731322735808,-0.0005319965687604308,0.008083553442996551,0.07077871992216368,-0.007621336944446666,0,0,-0.007089340375686235,-0.008083553442996551,-0.07077871992216368,0.018359881983276455,0.008345400901489133,0,0
581.6409617069837,471.8179059817352,52.611946269889565,-0.0005319965687604308,0.008083553442996551,0.07077871992216368,-0.007621336944446666,0,0,-0.007089340375686235,-0.008083553442996551,-0.07077871992216368,0.018359881983276455,0.008345400901489133,0,0
