FDist,LDist,RDist,XEst,YEst,ThetaEst,XDes,YDes,ThetaDes,XError,YError,ThetaError,SL,SR,RW,LW
265.2554052777127,185.91929651913173,180.92431015592842,0.0,0.0,0.0,0,0,0,0.0,0.0,0.0,0.0,0.0,0,0
353.40072554933454,176.198566643824,91.40254728973653,0.0,0.0,0.0,0,0,0,0.0,0.0,0.0,0.0,0.0,0,0
179.3202830877122,258.2405371440609,151.28683687310368,0.0,0.0,0.0,0,0,0,0.0,0.0,0.0,0.0,0.0,0,0
194.9110753588243,194.9110753588243,115.37236097408694,0.0,0.0,0.0,0,0,0,0.0,0.0,0.0,0.0,0.0,0,0
399.01729906632625,399.01729906632625,96.67455639633857,0.0,0.0,0.0,0,0,0,0.0,0.0,0.0,0.0,0.0,0,0
353.40072554933454,900.238757316699,78.73363637499943,0.0,0.0,0.0,0,0,0,0.0,0.0,0.0,0.0,0.0,0,0
228.31501027837746,151.28683687310368,76.58539900875073,0.0,0.0,0.0,0,0,0,0.0,0.0,0.0,0.0,0.0,0,0
353.40072554933454,215.92040254306553,140.84502956740286,0.0,0.0,0.0,0,0,0,0.0,0.0,0.0,0.0,0.0,0,0
288.9697116820819,459.67991945810627,86.65098914560704,0.0,0.0,0.0,0,0,0,0.0,0.0,0.0,0.0,0.0,0,0
459.67991945810627,459.67991945810627,105.22351709380416,0.0,0.0,0.0,0,0,0,0.0,0.0,0.0,0.0,0.0,0,0
265.2554052777127,137.98997206957193,84.44606393366254,0.0,0.0,0.0,0,0,0,0.0,0.0,0.0,0.0,0.0,0,0
258.2405371440609,307.4777105974586,118.73212177360972,0.0,0.0,0.0,0,0,0,0.0,0.0,0.0,0.0,0.0,0,0
196.81893899271049,142.81538054950164,107.45140018288424,0.0,0.0,0.0,0,0,0,0.0,0.0,0.0,0.0,0.0,0,0
317.7208243859324,182.55823066529945,81.32922784467303,0.0,0.0,0.0,0,0,0,0.0,0.0,0.0,0.0,0.0,0,0
284.7075611688845,136.15031850713706,78.10859556029456,0.0,0.0,0.0,0,0,0,0.0,0.0,0.0,0.0,0.0,0,0
407.8990969411948,248.42442609070224,126.84939257625024,0.0,0.0,0.0,0,0,0,0.0,0.0,0.0,0.0,0.0,0,0
196.81893899271049,191.20821604693444,116.02925942608664,0.0,0.0,0.0,0,0,0,0.0,0.0,0.0,0.0,0.0,0,0
170.27879631253745,360.20900612823414,96.21317986298715,0.0,0.0,0.0,0,0,0,0.0,0.0,0.0,0.0,0.0,0,0
184.22292190812155,251.60762066022812,88.5727896902875,0.0,0.0,0.0,0,0,0,0.0,0.0,0.0,0.0,0.0,0,0
399.01729906632625,280.5772654118684,102.56164513946942,0.0,0.0,0.0,0,0,0,0.0,0.0,0.0,0.0,0.0,0,0
353.40072554933454,407.8990969411948,99.04654639912101,0.0,0.0,0.0,0,0,0,0.0,0.0,0.0,0.0,0.0,0,0
288.9697116820819,154.7323071690459,124.52854747504531,0.0,0.0,0.0,0,0,0,0.0,0.0,0.0,0.0,0.0,0,0
399.01729906632625,242.3065498311679,97.14019014961423,0.0,0.0,0.0,0,0,0,0.0,0.0,0.0,0.0,0.0,0,0
268.9169663380496,24.32213184643946,140.84502956740286,0.0,0.0,0.0,0,0,0,0.0,0.0,0.0,0.0,0.0,0,0
346.8640580657511,22.159982088780858,60.213094273732246,0.0,0.0,0.0,0,0,0,0.0,0.0,0.0,0.0,0.0,0,0
602.1580731583105,23.756904125116755,38.172601280949785,0.0,0.0,0.0,0,0,0,0.0,0.0,0.0,0.0,0.0,0,0
1093.1463157010076,25.918902602329858,32.72794171450513,0.0,0.0,0.0,0,0,0,0.0,0.0,0.0,0.0,0.0,0,0
407.8990969411948,22.632955363231254,29.946465878260994,0.0,0.0,0.0,0,0,0,0.0,0.0,0.0,0.0,0.0,0,0
734.7683303247097,51.25784283159802,33.16637689226863,0.0,0.0,0.0,0,0,0,0.0,0.0,0.0,0.0,0.0,0,0
769.566351540633,206.97300472647143,32.65570094258199,0.0,0.0,0.0,0,0,0,0.0,0.0,0.0,0.0,0.0,0,0
1284.2268420173286,206.97300472647143,32.800418117764416,0.0,0.0,0.0,0,0,0,0.0,0.0,0.0,0.0,0.0,0,0
1411.3480414449798,166.09994149545804,32.65570094258199,0.0,0.0,0.0,0,0,0,0.0,0.0,0.0,0.0,0.0,0,0
648.3999468665874,236.49825525583836,32.800418117764416,0.0,0.0,0.0,0,0,0,0.0,0.0,0.0,0.0,0.0,0,0
1284.2268420173286,223.1819809443389,32.65570094258199,0.0,0.0,0.0,0,0,0,0.0,0.0,0.0,0.0,0.0,0,0
1284.2268420173286,145.87739303694283,32.873131352234964,0.0,0.0,0.0,0,0,0,0.0,0.0,0.0,0.0,0.0,0,0
900.238757316699,223.1819809443389,32.873131352234964,0.0,0.0,0.0,1.0,0,0,1.0,0.0,0.0,0.0,0.0,0,0
427.0195773074906,187.6483042942066,32.65570094258199,0.004476168930956538,-2.4001328594812265e-06,-0.0010724048473055104,1.0,0,0,0.9955238310690434,2.4001328594812265e-06,0.0010724048473055104,-0.004552036855357711,-0.004400302293512454,0,0
1284.2268420173286,242.3065498311679,44.34070465302382,0.021546304684604355,6.752916180913178e-06,0.0021448096946110086,1.0,0,0,0.9784536953153956,-6.752916180913178e-06,-0.0021448096946110086,-0.02139457322018124,-0.02169804234387175,0,0
624.3377665398167,187.6483042942066,73.9772983740448,0.04362329940837985,0.00013696954507965591,0.009651643625749568,1.0,0,0,0.9563767005916202,-0.00013696954507965591,-0.009651643625749568,-0.04294088100220774,-0.044306492058815046,0,0
471.8179059817352,143.82153882231913,62.21088813178245,0.06152731878811732,0.00029057617110427817,0.007506833931138523,1.0,0,0,0.9384726812118827,-0.00029057617110427817,-0.007506833931138523,-0.060997293861793325,-0.06205943579471011,0,0
184.22292190812155,374.71408913910363,36.07430705116846,0.08405917240480076,0.0004718045968161113,0.008579238778444047,1.0,0,0,0.9159408275951992,-0.0004718045968161113,-0.008579238778444047,-0.08345400901489136,-0.0846678855096534,0,0
399.01729906632625,734.7683303247097,38.35590662765991,0.10659081871487708,0.0006771961827226904,0.00965164362574957,1.0,0,0,0.8934091812851229,-0.0006771961827226904,-0.00965164362574957,-0.1059107241679894,-0.1072763352245967,0,0
674.6059938250444,312.50933522689996,32.72794171450513,0.1286670517433378,0.0009021132277667325,0.010724048473055067,1.0,0,0,0.8713329482566622,-0.0009021132277667325,-0.010724048473055067,-0.12791223563555165,-0.12942958125400422,0,0
220.70517709223105,204.85569342211394,32.94608262610615,0.15074328477179855,0.0011270302728107746,0.009651643625749568,1.0,0,0,0.8492567152282015,-0.0011270302728107746,-0.009651643625749568,-0.15006548166495917,-0.1514310927215665,0,0
239.3652489782259,399.01729906632625,22.58943126976108,0.17304671344164077,0.0013901438327492384,0.01394126301497161,1.0,0,0,0.8269532865583592,-0.0013901438327492384,-0.01394126301497161,-0.17206699313252144,-0.1740395424365098,0,0
312.50933522689996,340.5824855543227,30.724001887465562,0.19534918019479353,0.0017250108222828864,0.01608607270958263,1.0,0,0,0.8046508198052065,-0.0017250108222828864,-0.01608607270958263,-0.19422023916192896,-0.19649625758960781,0,0
150.1726803268919,182.55823066529945,25.405269406077494,0.2178033644088521,0.0020621558185480557,0.013941263014971608,1.0,0,0,0.7821966355911479,-0.0020621558185480557,-0.013941263014971608,-0.21682868887687226,-0.21880123818086059,0,0
265.2554052777127,340.5824855543227,23.526447916444262,0.24018220144064248,0.002362163455160103,0.01286885816766611,1.0,0,0,0.7598177985593575,-0.002362163455160103,-0.01286885816766611,-0.23928540402997028,-0.24110621877211336,0,0
196.81893899271049,239.3652489782259,25.15356131134849,0.2624856301104847,0.0026252770150985674,0.01072404847305509,1.0,0,0,0.7375143698895152,-0.0026252770150985674,-0.01072404847305509,-0.26174211918306833,-0.2632594648015209,0,0
133.48121220361529,346.8640580657511,24.80671986348088,0.2849410539562739,0.002866099300914228,0.01072404847305509,1.0,0,0,0.7150589460437261,-0.002866099300914228,-0.01072404847305509,-0.2841988343361664,-0.28571617995461895,0,0
353.40072554933454,261.6981137825328,25.763358222779125,0.3074724670471771,0.0030956538108045393,0.009651643625749566,1.0,0,0,0.6925275329528229,-0.0030956538108045393,-0.009651643625749566,-0.3068072840511097,-0.308172895107717,0,0
399.01729906632625,206.97300472647143,23.66437137022323,0.3300798637339928,0.003313859122555926,0.009651643625749566,1.0,0,0,0.6699201362660072,-0.003313859122555926,-0.009651643625749566,-0.329415733766053,-0.3307813448226603,0,0
126.84939257625024,251.60762066022812,23.480705112311483,0.352156528388723,0.0034914263679503487,0.006434429083833022,1.0,0,0,0.647843471611277,-0.0034914263679503487,-0.006434429083833022,-0.3517207143573058,-0.3526311217283773,0,0
239.3652489782259,248.42442609070224,23.208649349752903,0.3744611883321062,0.0036110256413681564,0.004289619389222002,1.0,0,0,0.6255388116678938,-0.0036110256413681564,-0.004289619389222002,-0.37417742951040384,-0.37478436775778484,0,0
153.56624101955603,236.49825525583836,26.023303163846677,0.39646238351435487,0.0037289977137870823,0.006434429083833022,1.0,0,0,0.6035376164856452,-0.0037289977137870823,-0.006434429083833022,-0.3960272064161208,-0.3969376137871924,0,0
159.58252707905322,196.81893899271049,28.952686402369643,0.41861517095235395,0.0038715402207473546,0.006434429083833022,1.0,0,0,0.581384829047646,-0.0038715402207473546,-0.006434429083833022,-0.4181804524455284,-0.41909085981659994,0,0
196.81893899271049,176.198566643824,27.774536019956848,0.44091994632879317,0.003967219804536485,0.002144809694610981,1.0,0,0,0.5590800536712068,-0.003967219804536485,-0.002144809694610981,-0.4407889021604717,-0.44109237128416223,0,0
159.58252707905322,220.70517709223105,74.828338960275,0.46314903087890985,0.004002977702413139,0.0010724048473054581,1.0,0,0,0.5368509691210901,-0.004002977702413139,-0.0010724048473054581,-0.4630938827517245,-0.4632456173135698,0,0
158.34116103748556,239.3652489782259,110.97077873540402,0.48090196440640026,0.004022016041680274,0.0010724048473054581,1.0,0,0,0.5190980355935997,-0.004022016041680274,-0.0010724048473054581,-0.48084682648761956,-0.48099856104946487,0,0
131.75922954059277,248.42442609070224,284.7075611688845,0.5033586795594983,0.004022016041680273,-0.0010724048473055626,1.0,0,0,0.4966413204405017,-0.004022016041680273,0.0010724048473055626,-0.5034552762025628,-0.5033035416407177,0,0
194.9110753588243,769.566351540633,624.3377665398167,0.5259671162739947,0.003997770635263151,-0.0010724048473055626,1.0,0,0,0.47403288372600527,-0.003997770635263151,0.0010724048473055626,-0.526063725917506,-0.5259119913556609,0,0
317.7208243859324,196.81893899271049,38.91410827618916,0.5486514039207009,0.00396128049374397,-0.0021448096946110854,1.0,0,0,0.4513485960792991,-0.00396128049374397,0.0021448096946110854,-0.5488239101942947,-0.5485204410706042,0,0
139.88023555455067,280.5772654118684,37.72022963544492,0.570728627154779,0.003878415080364336,-0.005362024236527629,1.0,0,0,0.429271372845221,-0.003878415080364336,0.005362024236527629,-0.5711288907855474,-0.5703702179763211,0,0
163.42873978461637,346.8640580657511,36.326794512671405,0.5929574816236345,0.003771141756845079,-0.0042896193892221065,1.0,0,0,0.4070425183763655,-0.003771141756845079,0.0042896193892221065,-0.5932821368149549,-0.5926751985675739,0,0
139.88023555455067,340.5824855543227,31.056556411796677,0.6151865661737512,0.0037353838589684225,0.0010724048473054575,1.0,0,0,0.3848134338262488,-0.0037353838589684225,-0.0010724048473054575,-0.6151319137206719,-0.6152836482825171,0,0
242.3065498311679,353.40072554933454,37.36426621567546,0.6374152928200268,0.003866495447515953,0.01072404847305504,1.0,0,0,0.36258470717997315,-0.003866495447515953,-0.01072404847305504,-0.6366782215026984,-0.638195567121151,0,0
272.6876389629632,624.3377665398167,31.39434006392785,0.6596420765932535,0.0041883054251880105,0.018230882404193627,1.0,0,0,0.34035792340674653,-0.0041883054251880105,-0.018230882404193627,-0.6583762638465701,-0.6609557513979396,0,0
353.40072554933454,284.7075611688845,32.44038053928213,0.681943773823011,0.004571006154724041,0.016086072709582608,1.0,0,0,0.31805622617698903,-0.004571006154724041,-0.016086072709582608,-0.6808329789996681,-0.6831089974273471,0,0
220.70517709223105,24.5628489666094,31.59957383146636,0.7043222762568057,0.0048950127875337915,0.012868858167666064,1.0,0,0,0.29567772374319434,-0.0048950127875337915,-0.012868858167666064,-0.7034414287146113,-0.7052622434567546,0,0
293.3703955349555,19.06417053152061,34.457033820303465,0.7267014221497644,0.005171021082923738,0.011796453320360566,1.0,0,0,0.2732985778502356,-0.005171021082923738,-0.011796453320360566,-0.7258981438677093,-0.7275672240480073,0,0
390.5444991736698,22.502702204181062,42.332717273451834,0.7492325761091968,0.005424738252798146,0.010724048473055043,1.0,0,0,0.2507674238908032,-0.005424738252798146,-0.010724048473055043,-0.7485065935826526,-0.7500239392011053,0,0
312.50933522689996,193.04122344313365,30.331663097801872,0.7715362741181901,0.005663933361006943,0.010724048473055043,1.0,0,0,0.22846372588180985,-0.005663933361006943,-0.010724048473055043,-0.7708115741739053,-0.7723289197923581,0,0
448.2028325964311,223.1819809443389,45.04444673804966,0.7933852469205817,0.005851385514799703,0.006434429083833026,1.0,0,0,0.20661475307941835,-0.005851385514799703,-0.006434429083833026,-0.7929648202033128,-0.7938752275743846,0,0
307.4777105974586,152.41788953728954,37.99065036400073,0.8155380343585807,0.005993928021759975,0.006434429083833026,1.0,0,0,0.18446196564141926,-0.005993928021759975,-0.006434429083833026,-0.8151180662327203,-0.816028473603792,0,0
254.878386734463,151.28683687310368,42.332717273451834,0.837614699013311,0.0061714952671543975,0.00965164362574957,1.0,0,0,0.16238530098668902,-0.0061714952671543975,-0.00965164362574957,-0.8369678431384373,-0.8383334541950448,0,0
1284.2268420173286,448.2028325964311,47.14070323672423,0.8597671297712912,0.006361550923083168,0.007506833931138549,1.0,0,0,0.14023287022870878,-0.006361550923083168,-0.007506833931138549,-0.85927282372969,-0.860334965662607,0,0
734.7683303247097,284.7075611688845,48.854583701372256,0.8819199172092903,0.00650409343004344,0.005362024236527528,1.0,0,0,0.1180800827907097,-0.00650409343004344,-0.005362024236527528,-0.8815778043209428,-0.8823364771301693,0,0
202.78305134967044,145.87739303694283,70.48517871055273,0.9039970388831365,0.0066106345124465225,0.00428961938922203,1.0,0,0,0.09600296111686346,-0.0066106345124465225,-0.00428961938922203,-0.9037310503503503,-0.9043379885977315,0,0
1284.2268420173286,132.61463364415852,88.5727896902875,0.9259984364878113,0.006681417972976953,0.0021448096946110095,1.0,0,0,0.07400156351218867,-0.006681417972976953,-0.0021448096946110095,-0.9258842963797578,-0.9261877655034485,0,0
1284.2268420173286,284.7075611688845,71.00273031673345,0.9464825905579926,0.006703385287515955,-1.1275702593849246e-17,1.0,0,0,0.053517409442007446,-0.006703385287515955,1.1275702593849246e-17,-0.9465201967907128,-0.946520196790713,0,0
471.8179059817352,399.01729906632625,69.7215507122142,0.962718188675435,0.006703385287515955,-1.1275702593849246e-17,1.0,0,0,0.037281811324564984,-0.006703385287515955,1.1275702593849246e-17,-0.9627557949081552,-0.9627557949081554,0,0
471.8179059817352,272.6876389629632,72.32728403086773,0.9747810707350546,0.006722789744042877,0.00321721454191652,1.0,0,0,0.0252189292649454,-0.006722789744042877,-0.00321721454191652,-0.9745910907320853,-0.9750462944176213,0,0
1093.1463157010076,769.566351540633,80.66556470717478,0.9832023086521794,0.006745367239043865,0.0021448096946110095,1.0,0,0,0.01679769134782061,-0.006745367239043865,-0.0021448096946110095,-0.9830882261954197,-0.9833916953191104,0,0
900.238757316699,624.3377665398167,76.58539900875073,0.9881336755318981,0.006753299878504556,0.001072404847305499,1.0,0,0,0.011866324468101874,-0.006753299878504556,-0.001072404847305499,-0.9880954667363132,-0.9882472012981587,0,0
248.42442609070224,512.8513118946122,75.99135610686974,0.9895751486888834,0.006749435262243126,-0.006434429083833089,1.0,0,0,0.01042485131111659,-0.006749435262243126,0.006434429083833089,-0.9900680160403016,-0.9891576086692302,0,0
1411.3480414449798,648.3999468665874,87.79450977305973,0.9895751486888834,0.006749435262243126,-0.006434429083833089,1.0,0,0,0.01042485131111659,-0.006749435262243126,0.006434429083833089,-0.9900680160403016,-0.9891576086692302,0,0
206.97300472647143,382.4520830402873,81.6648832554738,0.9895751486888834,0.006749435262243126,-0.006434429083833089,1.0,0,0,0.01042485131111659,-0.006749435262243126,0.006434429083833089,-0.9900680160403016,-0.9891576086692302,0,0
1093.1463157010076,317.7208243859324,80.33749690282312,0.9895751486888834,0.006749435262243126,-0.006434429083833089,1.0,0,0,0.01042485131111659,-0.006749435262243126,0.006434429083833089,-0.9900680160403016,-0.9891576086692302,0,0
1019.267059271828,399.01729906632625,84.08878225753256,0.9895751486888834,0.006749435262243126,-0.006434429083833089,1.0,0,0,0.01042485131111659,-0.006749435262243126,0.006434429083833089,-0.9900680160403016,-0.9891576086692302,0,0
459.67991945810627,471.8179059817352,71.79211210149265,0.9895751486888834,0.006749435262243126,-0.006434429083833089,1.0,0,0,0.01042485131111659,-0.006749435262243126,0.006434429083833089,-0.9900680160403016,-0.9891576086692302,0,0
1284.2268420173286,1093.1463157010076,80.33749690282312,0.9895751486888834,0.006749435262243126,-0.006434429083833089,1.0,0,0,0.01042485131111659,-0.006749435262243126,0.006434429083833089,-0.9900680160403016,-0.9891576086692302,0,0
1411.3480414449798,648.3999468665874,87.02903054016306,0.9895751486888834,0.006749435262243126,-0.006434429083833089,-0.01042485131111659,0,0,-1.0,-0.006749435262243126,0.006434429083833089,-0.9900680160403016,-0.9891576086692302,0,0
900.238757316699,448.2028325964311,79.04963861634155,0.98464389523541,0.006783809769688153,-0.0075068339311385995,-0.01042485131111659,0,0,-0.9950687465465266,-0.006783809769688153,0.0075068339311385995,-0.9852125100612533,-0.9841503681283367,0,0
648.3999468665874,346.8640580657511,75.69750294678715,0.9650703168438408,0.006867773486074534,-0.0010724048473055373,-0.01042485131111659,0,0,-0.9754951681549574,-0.006867773486074534,0.0010724048473055373,-0.9651835478976794,-0.9650318133358343,0,0
1284.2268420173286,187.6483042942066,69.97442321249366,0.9437519817325662,0.006742031655419734,0.01286885816766611,-0.01042485131111659,0,0,-0.9541768330436828,-0.006742031655419734,-0.01286885816766611,-0.9428785673064266,-0.9446993820485698,0,0
390.5444991736698,242.3065498311679,71.00273031673345,0.9220567466397035,0.006393010421298394,0.01930328725149917,-0.01042485131111659,0,0,-0.9324815979508201,-0.006393010421298394,-0.01930328725149917,-0.9207253212770191,-0.9234565433902339,0,0
528.3325926770696,261.6981137825328,114.72272976706012,0.900060814222639,0.005897567224548926,0.025737716335332207,-0.01042485131111659,0,0,-0.9104856655337555,-0.005897567224548926,-0.025737716335332207,-0.8982686061239211,-0.9019102356082074,0,0
648.3999468665874,261.6981137825328,71.00273031673345,0.8779137334352316,0.005374956245414119,0.021448096946110166,-0.01042485131111659,0,0,-0.8883385847463482,-0.005374956245414119,-0.021448096946110166,-0.8764188292182041,-0.8794535204551094,0,0
280.5772654118684,248.42442609070224,53.548770921812995,0.8559163209078742,0.004950281124256267,0.017158477556888124,-0.01042485131111659,0,0,-0.8663411722189908,-0.004950281124256267,-0.017158477556888124,-0.8547207868743324,-0.8571485398638566,0,0
254.878386734463,204.85569342211394,42.875588389285745,0.8339166312229411,0.004667154608503158,0.008579238778444017,-0.01042485131111659,0,0,-0.8443414825340577,-0.004667154608503158,-0.008579238778444017,-0.8333262136541512,-0.8345400901489134,0,0
174.67928447558052,312.50933522689996,40.56659194626288,0.8115363270879464,0.004511147228560348,0.005362024236527473,-0.01042485131111659,0,0,-0.821961178399063,-0.004511147228560348,-0.005362024236527473,-0.8111729676247437,-0.8119316404339701,0,0
544.8761250677193,206.97300472647143,43.20669553443567,0.7894591038538683,0.004428281815180716,0.0021448096946109292,-0.01042485131111659,0,0,-0.7998839551649849,-0.004428281815180716,-0.0021448096946109292,-0.7893231907190267,-0.7896266598427174,0,0
307.4777105974586,139.88023555455067,28.771556813350443,0.7671541360885598,0.004452201779900965,-0.004289619389222158,-0.01042485131111659,0,0,-0.7775789873996763,-0.004452201779900965,0.004289619389222158,-0.7674734138133097,-0.7668664755659289,0,0
245.3252030939217,261.6981137825328,44.573289080576004,0.744773677519784,0.004584208328097288,-0.007506833931138702,-0.01042485131111659,0,0,-0.7551985288309006,-0.004584208328097288,0.007506833931138702,-0.7453201677839022,-0.7442580258509857,0,0
171.72011046907937,191.20821604693444,32.72794171450513,0.7227727859700104,0.004749368469708777,-0.007506833931138702,-0.01042485131111659,0,0,-0.733197637281127,-0.004749368469708777,0.007506833931138702,-0.72331865631634,-0.7222565143834234,0,0
228.31501027837746,284.7075611688845,31.737482110528177,0.7007722992613643,0.00496171592074201,-0.011796453320360743,-0.01042485131111659,0,0,-0.7111971505724809,-0.00496171592074201,0.011796453320360743,-0.7016206139724682,-0.6999515337921707,0,0
184.22292190812155,218.28532251964043,30.526926956734627,0.6784694862197964,0.005272665448849829,-0.016086072709582785,-0.01042485131111659,0,0,-0.688894337530913,-0.005272665448849829,0.016086072709582785,-0.679619102504906,-0.6773430840772274,0,0
138.92864283985838,196.81893899271049,35.09054457381912,0.6560917301909064,0.005644668928581852,-0.017158477556888284,-0.01042485131111659,0,0,-0.666516581502023,-0.005644668928581852,0.017158477556888284,-0.6573141219136532,-0.6548863689241294,0,0
196.81893899271049,194.9110753588243,40.167981003823776,0.6337889171493385,0.005955618456689671,-0.010724048473055196,-0.01042485131111659,0,0,-0.6442137684604551,-0.005955618456689671,0.010724048473055196,-0.6345539376368647,-0.6330365920184124,0,0
223.1819809443389,528.3325926770696,30.790100524402142,0.6114847574135639,0.006146975863686449,-0.006434429083833154,-0.01042485131111659,0,0,-0.6219096087246805,-0.006146975863686449,0.006434429083833154,-0.6119454879219215,-0.6110350805508502,0,0
163.42873978461637,133.48121220361529,32.44038053928213,0.5893315241228494,0.0061707331075582595,0.004289619389221974,-0.01042485131111659,0,0,-0.599756375433966,-0.0061707331075582595,-0.004289619389221974,-0.5890335690832876,-0.589640507330669,0,0
265.2554052777127,265.2554052777127,36.411556150709906,0.5671031298141348,0.005991945468724701,0.01179645332036056,-0.01042485131111659,0,0,-0.5775279811252514,-0.005991945468724701,-0.01179645332036056,-0.5662733848064991,-0.5679424649867972,0,0
1284.2268420173286,1411.3480414449798,29.25815894523266,0.5445732714971556,0.005641580854671344,0.019303287251499143,-0.01042485131111659,0,0,-0.5549981228082722,-0.005641580854671344,-0.019303287251499143,-0.54320973140602,-0.545940953519235,0,0
808.2350827585409,602.1580731583105,35.09054457381912,0.5224261907097483,0.0051189698755365375,0.027882526029943226,-0.01042485131111659,0,0,-0.5328510420208649,-0.0051189698755365375,-0.027882526029943226,-0.5204495471292314,-0.5243946457372085,0,0
417.22151175368833,248.42442609070224,471.8179059817352,0.5004360645586766,0.004411256150059301,0.03646176480838734,-0.01042485131111659,0,0,-0.5108609158697932,-0.004411256150059301,-0.03646176480838734,-0.4978410974142881,-0.5030000725170273,0,0
1284.2268420173286,624.3377665398167,1180.1265773010464,0.47829668951946913,0.003627430587337879,0.03431695511377632,-0.01042485131111659,0,0,-0.4887215408305857,-0.003627430587337879,-0.03431695511377632,-0.4758395859467258,-0.4806950919257745,0,0
407.8990969411948,734.7683303247097,130.08105893503551,0.4561549073259763,0.002914836077547006,0.030027335724554276,-0.01042485131111659,0,0,-0.4665797586370929,-0.002914836077547006,-0.030027335724554276,-0.45398980904100883,-0.4582383767726764,0,0
288.9697116820819,528.3325926770696,23.435077391437254,0.43385794247052223,0.0023169084809182066,0.023592906640721188,-0.01042485131111659,0,0,-0.4442827937816388,-0.0023169084809182066,-0.023592906640721188,-0.43214003213529184,-0.4354781924958879,0,0
166.09994149545804,218.28532251964043,25.918902602329858,0.41163151658878855,0.001971262582205636,0.007506833931138518,-0.01042485131111659,0,0,-0.42205636789990514,-0.001971262582205636,-0.007506833931138518,-0.4110489280388011,-0.4121110699717183,0,0
152.41788953728954,239.3652489782259,26.446644470518727,0.39380272863903626,0.001999942124871214,-0.01072404847305522,-0.01042485131111659,0,0,-0.40422757995015285,-0.001999942124871214,0.01072404847305522,-0.3945098607976681,-0.3929925151792159,0,0
113.44477390085575,157.11931592309642,19.897191673617044,0.37150190352509455,0.002430474833907109,-0.02788252602994341,-0.01042485131111659,0,0,-0.38192675483621114,-0.002430474833907109,0.02788252602994341,-0.37341875670117736,-0.3694736580932011,0,0
528.3325926770696,170.27879631253745,22.159982088780858,0.3492862901734418,0.0032050727769496684,-0.041823789044915086,-0.01042485131111659,0,0,-0.3597111414845584,-0.0032050727769496684,0.041823789044915086,-0.3521759180428414,-0.3462582701308768,0,0
624.3377665398167,346.8640580657511,22.330509274381335,0.3270824842485473,0.004265488267744153,-0.05362024236527574,-0.01042485131111659,0,0,-0.3375073355596639,-0.004265488267744153,0.05362024236527574,-0.33078134482266014,-0.32319461673039773,0,0
1284.2268420173286,512.8513118946122,23.435077391437254,0.3049598167865865,0.005429057778757855,-0.05147543267066472,-0.01042485131111659,0,0,-0.3153846680977031,-0.005429057778757855,0.05147543267066472,-0.30847636423140734,-0.3011931052628355,0,0
1019.267059271828,340.5824855543227,23.61828058878553,0.2873790989727138,0.0062781311193086786,-0.045041003586831635,-0.01042485131111659,0,0,-0.2978039502838304,-0.0062781311193086786,0.045041003586831635,-0.29041995137182175,-0.28404709977432147,0,0
390.5444991736698,177.7453057985956,26.33993847596105,0.26516701273382515,0.007148018169258933,-0.03324455026647098,-0.01042485131111659,0,0,-0.27559186404494174,-0.007148018169258933,0.03324455026647098,-0.2673562979713427,-0.26265252655414023,0,0
239.3652489782259,176.198566643824,23.389564303261636,0.2430199319464178,0.0076706291483937435,-0.013941263014971745,-0.01042485131111659,0,0,-0.2534447832575344,-0.0076706291483937435,0.013941263014971745,-0.24383744088532786,-0.24186489158134003,0,0
143.82153882231913,340.5824855543227,27.43411484917406,0.22079097521932198,0.007754064083514819,0.006434429083833015,-0.01042485131111659,0,0,-0.23121582653043857,-0.007754064083514819,-0.006434429083833015,-0.22016684923746777,-0.22107725660853983,0,0
228.31501027837746,1411.3480414449798,25.66035938867435,0.19871664639082365,0.007387104718762217,0.02681012118263775,-0.01042485131111659,0,0,-0.20914149770194024,-0.007387104718762217,-0.02681012118263775,-0.19664799215145293,-0.20044135619758488,0,0
265.2554052777127,280.5772654118684,28.771556813350443,0.1766526754511276,0.006617794133692647,0.04289619389222047,-0.01042485131111659,0,0,-0.18707752676224418,-0.006617794133692647,-0.04289619389222047,-0.1734326041891286,-0.17950198666293943,0,0
215.92040254306553,581.6409617069837,27.210360375618606,0.15475668131743353,0.00547791962465227,0.06112707629641419,-0.01042485131111659,0,0,-0.16518153262855012,-0.00547791962465227,-0.06112707629641419,-0.15021721622680426,-0.15886608625198448,0,0
528.3325926770696,242.3065498311679,26.989108340162986,0.13310504911407206,0.004059517535393839,0.06970631507485828,-0.01042485131111659,0,0,-0.14352990042518865,-0.004059517535393839,-0.06970631507485828,-0.12791223563555149,-0.13777498215549375,0,0
360.20900612823414,194.9110753588243,32.583694610362,0.11130997898253758,0.002514309202806297,0.0718511247694693,-0.01042485131111659,0,0,-0.12173483029365417,-0.002514309202806297,-0.0718511247694693,-0.10591072416798922,-0.116076939811622,0,0
459.67991945810627,340.5824855543227,34.93053395250103,0.08928217178339044,0.0010356738856122042,0.06219948114371966,-0.01042485131111659,0,0,-0.09970702309450703,-0.0010356738856122042,-0.06219948114371966,-0.08451615094780798,-0.09331675553483344,0,0
258.2405371440609,215.92040254306553,35.907463519817924,0.0678419751205935,-0.00010352863019995979,0.04396859873952595,-0.01042485131111659,0,0,-0.0782668264317101,0.00010352863019995979,-0.04396859873952595,-0.0643354542223888,-0.07055657125804489,0,0
242.3065498311679,512.8513118946122,45.88875276428319,0.04691074456070999,-0.0006872954992814016,0.011796453320360563,-0.01042485131111659,0,0,-0.05733559587182658,0.0006872954992814016,-0.011796453320360563,-0.04567210311542219,-0.04734118329572057,0,0
900.238757316699,261.6981137825328,103.08353533160607,0.029841021067917403,-0.0005683068196640009,-0.025737716335332388,-0.01042485131111659,0,0,-0.04026587237903399,0.0005683068196640009,0.025737716335332388,-0.031257319740122774,-0.027615690255837155,0,0
528.3325926770696,312.50933522689996,37.81003834541127,0.01718255063381916,-3.177316857979316e-05,-0.058982266601803286,-0.01042485131111659,0,0,-0.02760740194493575,3.177316857979316e-05,0.058982266601803286,-0.020939369534645296,-0.01259396863315671,0,0
137.0639518589543,213.60849807698625,28.414041435834406,0.008480661833231254,0.0005992358350767168,-0.08579238778444112,-0.01042485131111659,0,0,-0.018905513144347845,-0.0005992358350767168,0.08579238778444112,-0.01411131425160873,-0.0019725493039887184,0,0
194.9110753588243,851.4899528953961,26.28680469382479,0.002663997380261021,0.001140360204121936,-0.09973365079941278,-0.01042485131111659,0,0,-0.013088848691377612,-0.001140360204121936,0.09973365079941278,-0.009255808272560506,0.004855505979047847,0,0
157.11931592309642,1411.3480414449798,25.609067445845334,-0.0002793229321181108,0.001442857710280936,-0.10509567503594035,-0.01042485131111659,0,0,-0.01014552837899848,-0.001442857710280936,0.10509567503594035,-0.006676320721191137,0.008193666339643501,0,0
153.56624101955603,220.70517709223105,26.934181235571288,-0.0005056302888456143,0.001467097741682479,-0.10831288957785688,-0.01042485131111659,0,0,-0.009919221022270976,-0.001467097741682479,0.10831288957785688,-0.006676320721191137,0.008648870025179273,0,0
143.82153882231913,150.1726803268919,25.203635736394993,-0.0005056302888456143,0.001467097741682479,-0.10831288957785688,-0.01042485131111659,0,0,-0.009919221022270976,-0.001467097741682479,0.10831288957785688,-0.006676320721191137,0.008648870025179273,0,0
206.97300472647143,1411.3480414449798,26.661827824936275,-0.0005056302888456143,0.001467097741682479,-0.10831288957785688,-0.01042485131111659,0,0,-0.009919221022270976,-0.001467097741682479,0.10831288957785688,-0.006676320721191137,0.008648870025179273,0,0
159.58252707905322,1411.3480414449798,26.446644470518727,-0.0005056302888456143,0.001467097741682479,-0.10831288957785688,-0.01042485131111659,0,0,-0.009919221022270976,-0.001467097741682479,0.10831288957785688,-0.006676320721191137,0.008648870025179273,0,0
133.48121220361529,624.3377665398167,25.66035938867435,-0.0005056302888456143,0.001467097741682479,-0.10831288957785688,-0.01042485131111659,0,0,-0.009919221022270976,-0.001467097741682479,0.10831288957785688,-0.006676320721191137,0.008648870025179273,0,0
261.6981137825328,1411.3480414449798,26.33993847596105,-0.00043020321168805,0.0014589368381749085,-0.10724048473055137,-0.01042485131111659,0,0,-0.00999464809942854,-0.0014589368381749085,0.10724048473055137,-0.006676320721191137,0.008497135463334016,0,0
110.97077873540402,390.5444991736698,25.763358222779125,-0.00043020321168805,0.0014589368381749085,-0.10724048473055137,-0.01042485131111659,0,0,-0.00999464809942854,-0.0014589368381749085,0.10724048473055137,-0.006676320721191137,0.008497135463334016,0,0
220.70517709223105,602.1580731583105,26.60780897647566,-0.00043020321168805,0.0014589368381749085,-0.10724048473055137,0.9995697967883119,0,0,1.0,-0.0014589368381749085,0.10724048473055137,-0.006676320721191137,0.008497135463334016,0,0
293.3703955349555,1411.3480414449798,26.446644470518727,0.0045521549516076825,0.0009603739364186441,-0.09222681686827418,0.9995697967883119,0,0,0.9950176418367043,-0.0009603739364186441,0.09222681686827418,-0.010621419329167818,0.0024277529895237356,0,0
437.33222201576723,218.28532251964043,40.97148724743448,0.025910864288234768,-0.0002778904728152811,-0.023592906640721334,0.9995697967883119,0,0,0.9736589325000772,0.0002778904728152811,0.023592906640721334,-0.027160486570300832,-0.02382232620970573,0,0
312.50933522689996,1411.3480414449798,55.00843338201938,0.048821188976303984,-7.617360225430612e-06,0.0471858132814425,0.9995697967883119,0,0,0.950748607812008,7.617360225430612e-06,-0.0471858132814425,-0.04506516486804116,-0.05174148558923302,0,0
1284.2268420173286,448.2028325964311,57.06386143042885,0.07210661024306536,0.0019447072769725197,0.12010934289821741,0.9995697967883119,0,0,0.9274631865452465,-0.0019447072769725197,-0.12010934289821741,-0.063273312289472,-0.08026758321614134,0,0
251.60762066022812,624.3377665398167,30.658107400064964,0.0907160315113083,0.004719034003549043,0.17587439495810409,0.9995697967883119,0,0,0.9088537652770037,-0.004719034003549043,-0.17587439495810409,-0.07814329935030719,-0.1030277674929299,0,0
1284.2268420173286,703.2691653992177,27.546944329386996,0.11303455447767297,0.009181042622234833,0.2187705888503246,0.9995697967883119,0,0,0.886535242310639,-0.009181042622234833,-0.2187705888503246,-0.0978687923901906,-0.1288226430066236,0,0
1284.2268420173286,280.5772654118684,26.33993847596105,0.13472082481471895,0.014063578585446646,0.22413261308685217,0.9995697967883119,0,0,0.864848971973593,-0.014063578585446646,-0.22413261308685217,-0.1197185692959076,-0.1514310927215669,0,0
1180.1265773010464,562.6000187683081,26.18097245007521,0.1565914113214104,0.018815399008272428,0.2037569209880474,0.9995697967883119,0,0,0.8429783854669015,-0.018815399008272428,-0.2037569209880474,-0.14354089550561294,-0.1723704622562124,0,0
1284.2268420173286,1019.267059271828,26.934181235571288,0.17862490760218708,0.022743171038630116,0.14906427377546624,0.9995697967883119,0,0,0.8209448891861248,-0.022743171038630116,-0.14906427377546624,-0.16979097470484242,-0.19088207880133373,0,0
769.566351540633,242.3065498311679,26.934181235571288,0.19661342677821586,0.025021934068765902,0.10295086534132919,0.9995697967883119,0,0,0.8029563700100961,-0.025021934068765902,-0.10295086534132919,-0.19118554792502365,-0.20575206586216893,0,0
674.6059938250444,459.67991945810627,22.546013685281594,0.2195427818182963,0.0266599170126359,0.03967897935030394,0.9995697967883119,0,0,0.7800270149700156,-0.0266599170126359,-0.03967897935030394,-0.21864950361901517,-0.22426368240729028,0,0
196.81893899271049,512.8513118946122,22.80812501336112,0.23782458604183834,0.026944219611918254,-0.008579238778444152,0.9995697967883119,0,0,0.7617452107464736,-0.026944219611918254,0.008579238778444152,-0.24034754596288693,-0.23913366946812548,0,0
317.7208243859324,206.97300472647143,24.22671386331148,0.2606431456251335,0.0260505813797168,-0.06970631507485842,0.9995697967883119,0,0,0.7389266511631785,-0.0260505813797168,0.06970631507485842,-0.26750803253318794,-0.2576452860132468,0,0
272.6876389629632,239.3652489782259,26.128272755325845,0.2834387491465927,0.023744830968119454,-0.13190579621857815,0.9995697967883119,0,0,0.7161310476417193,-0.023744830968119454,0.13190579621857815,-0.2948202536653342,-0.27615690255836817,0,0
137.98997206957193,581.6409617069837,30.01017807866701,0.30611980530903304,0.020002104417234764,-0.1951776822096034,0.9995697967883119,0,0,0.6934499914792789,-0.020002104417234764,0.1951776822096034,-0.3222842093593257,-0.2946685191034895,0,0
97.14019014961423,1411.3480414449798,25.004130828076164,0.3282554936449064,0.01504332034591122,-0.2455807100329625,0.9995697967883119,0,0,0.6713143031434055,-0.01504332034591122,0.2455807100329625,-0.34853428855855517,-0.3137870738959919,0,0
88.18202887947652,1411.3480414449798,23.344165399617317,0.34984392346220766,0.009435124807271277,-0.2627391875898507,0.9995697967883119,0,0,0.6497258733261042,-0.009435124807271277,0.2627391875898507,-0.37205314564457004,-0.33487817799248265,0,0
90.16911060094986,334.5408252723781,18.714890970363626,0.3707381328014737,0.00417438387801601,-0.23056704217068533,0.9995697967883119,0,0,0.6288316639868382,-0.00417438387801601,0.23056704217068533,-0.3913234349989177,-0.358700504202188,0,0
151.28683687310368,280.5772654118684,24.855878172379555,0.39284523418750006,-0.00018375098151840377,-0.15871591740121593,0.9995697967883119,0,0,0.6067245626008119,0.00018375098151840377,0.15871591740121593,-0.4087729096111222,-0.3863161944580248,0,0
340.5824855543227,142.81538054950164,19.206024670629454,0.4109742612229416,-0.002559371402399524,-0.10187846049402377,0.9995697967883119,0,0,0.5885955355653703,0.002559371402399524,0.10187846049402377,-0.42303595842457636,-0.4086211750492776,0,0
211.34777997197892,196.81893899271049,27.154814473847836,0.43375738445317996,-0.004113252550434286,-0.03431695511377646,0.9995697967883119,0,0,0.565812412335132,0.004113252550434286,0.03431695511377646,-0.44109237128416195,-0.43623686530511435,0,0
151.28683687310368,399.01729906632625,58.880520330140875,0.45204108111445107,-0.004221095188113315,0.022520501793415706,0.9995697967883119,0,0,0.5475287156738609,0.004221095188113315,-0.022520501793415706,-0.4553554200976161,-0.45854184589636715,0,0
225.71785045590883,1411.3480414449798,674.6059938250444,0.4748395578455937,-0.002911626026203438,0.09222681686827403,0.9995697967883119,0,0,0.5247302389427182,0.002911626026203438,-0.09222681686827403,-0.47326009839535643,-0.48630927071404917,0,0
206.97300472647143,484.6780696502813,58.880520330140875,0.49306716679790913,-0.0007117309556841172,0.14799186892816069,0.9995697967883119,0,0,0.5065026299904027,0.0007117309556841172,-0.14799186892816069,-0.4876748817706559,-0.5086142513053019,0,0
1284.2268420173286,528.3325926770696,34.37905456167617,0.5160424864691724,0.0035493840466147195,0.21877058885032455,0.9995697967883119,0,0,0.48352731031913954,-0.0035493840466147195,-0.21877058885032455,-0.506034763753932,-0.5369886143703649,0,0
1284.2268420173286,1411.3480414449798,42.44040737188923,0.5385430522025672,0.009265919703672533,0.2788252602994333,0.9995697967883119,0,0,0.4610267445857448,-0.009265919703672533,-0.2788252602994333,-0.5250015839845891,-0.5644525700643565,0,0
528.3325926770696,1411.3480414449798,56.36420238587991,0.5599956681344614,0.015644604611715334,0.299200952398238,0.9995697967883119,0,0,0.4395741286538505,-0.015644604611715334,-0.299200952398238,-0.5459409535192346,-0.5882748962740618,0,0
1284.2268420173286,1411.3480414449798,43.09587104878454,0.5817803163115054,0.02196974029178969,0.26595640213176713,0.9995697967883119,0,0,0.41778948047680653,-0.02196974029178969,-0.26595640213176713,-0.5709771562237019,-0.6086073275613263,0,0
1019.267059271828,1411.3480414449798,52.153917529280825,0.596575302571628,0.02596597013696095,0.26166678274254507,0.9995697967883119,0,0,0.4029944942166839,-0.02596597013696095,-0.26166678274254507,-0.5866058160937634,-0.6236290491840067,0,0
624.3377665398167,284.7075611688845,51.852303182374264,0.6178797367884328,0.031148146870821243,0.215553374308408,0.9995697967883119,0,0,0.38169005999987915,-0.031148146870821243,-0.215553374308408,-0.611793753360076,-0.6422924002909733,0,0
254.878386734463,236.49825525583836,42.332717273451834,0.6404798295129254,0.03535220675655153,0.15228148831738275,0.9995697967883119,0,0,0.35908996727538656,-0.03535220675655153,-0.15228148831738275,-0.6392577090540675,-0.6608040168360947,0,0
1284.2268420173286,312.50933522689996,44.45675008456414,0.6587669165986786,0.03768872058070984,0.10187846049402363,0.9995697967883119,0,0,0.34080288018963334,-0.03768872058070984,-0.10187846049402363,-0.6612592205216298,-0.6756740038969299,0,0
312.50933522689996,1411.3480414449798,35.33264212856703,0.6814701146523603,0.03929831259382186,0.03967897935030386,0.9995697967883119,0,0,0.31809968213595163,-0.03929831259382186,-0.03967897935030386,-0.6884197070919308,-0.694033885880206,0,0
242.3065498311679,280.5772654118684,37.452770077611675,0.7046088868849814,0.03948442259329024,-0.023592906640721417,0.9995697967883119,0,0,0.29496090990333057,-0.03948442259329024,0.023592906640721417,-0.7160353973477676,-0.7126972369871726,0,0
193.04122344313365,484.6780696502813,43.654616942576325,0.7275616229455901,0.03821547893398172,-0.08686479263174667,0.9995697967883119,0,0,0.2720081738427218,-0.03821547893398172,0.08686479263174667,-0.7434993530417591,-0.7312088535322939,0,0
43.9954973922686,624.3377665398167,45.88875276428319,0.7502404074746796,0.03554003821709506,-0.1479918689281609,0.9995697967883119,0,0,0.24932938931363235,-0.03554003821709506,0.1479918689281609,-0.7706598396120601,-0.7497204700774153,0,0
35.907463519817924,288.9697116820819,40.06929243145368,0.7727858711498422,0.03145860555930637,-0.21019135007188064,0.9995697967883119,0,0,0.22678392563846972,-0.03145860555930637,0.21019135007188064,-0.7979720607442063,-0.7682320866225366,0,0
85.16922919230018,334.5408252723781,37.63074993470196,0.7947566273270877,0.02612682616466285,-0.2659564021317673,0.9995697967883119,0,0,0.2048131694612242,-0.02612682616466285,0.2659564021317673,-0.8245256090671264,-0.7868954377295032,0,0
185.91929651913173,1411.3480414449798,42.44040737188923,0.8159342083532568,0.020162216476064858,-0.2831148796886555,0.9995697967883119,0,0,0.18363558843505512,-0.020162216476064858,0.2831148796886555,-0.8477409970294507,-0.8076830727023034,0,0
170.27879631253745,353.40072554933454,41.279376340133794,0.8378683173299345,0.014085963377929514,-0.25737716335332317,0.9995697967883119,0,0,0.16170147945837743,-0.014085963377929514,0.25737716335332317,-0.8686803665640962,-0.8322640717212351,0,0
163.42873978461637,228.31501027837746,37.276083951504475,0.861355670911681,0.008572505098870288,-0.20375692098804754,0.9995697967883119,0,0,0.13821412587663096,-0.008572505098870288,0.20375692098804754,-0.8890127978513607,-0.8601832311007623,0,0
168.8620920208621,1019.267059271828,36.8399334734816,0.8836403531626122,0.004760034051353989,-0.1351230107604947,0.9995697967883119,0,0,0.11592944362569968,-0.004760034051353989,0.1351230107604947,-0.9067657415872558,-0.8876471867947539,0,0
1284.2268420173286,209.13650375320472,42.44040737188923,0.9063592390320109,0.0024497363216919106,-0.0675615053802474,0.9995697967883119,0,0,0.09321055775630105,-0.0024497363216919106,0.0675615053802474,-0.9248221544468413,-0.9152628770505906,0,0
312.50933522689996,176.198566643824,116.69355260679126,0.9291076453951884,0.0017176186746464886,0.0032172145419164383,0.9995697967883119,0,0,0.0704621513931235,-0.0017176186746464886,-0.0032172145419164383,-0.9425750981827364,-0.9430303018682726,0,0
150.1726803268919,648.3999468665874,75.40573089722304,0.9495003116008575,0.002516252177843135,0.0750683393113858,0.9995697967883119,0,0,0.050069485187454466,-0.002516252177843135,-0.0750683393113858,-0.9579002889291074,-0.9685217082582758,0,0
122.29045980286173,602.1580731583105,59.067719529011335,0.9654116950211019,0.00427233372035896,0.14477465438624412,0.9995697967883119,0,0,0.034158101767210014,-0.00427233372035896,-0.14477465438624412,-0.9689769119438112,-0.9894610777929213,0,0
624.3377665398167,624.3377665398167,57.41934790708907,0.9763195213193463,0.006198704104577247,0.20482932583535285,0.9995697967883119,0,0,0.02325027546896563,-0.006198704104577247,-0.20482932583535285,-0.9758049672268477,-1.0047862685392923,0,0
648.3999468665874,1411.3480414449798,51.55362639757167,0.9842943457253428,0.008079752689525432,0.2584495682006285,0.9995697967883119,0,0,0.015275451062969125,-0.008079752689525432,-0.2584495682006285,-0.9802052695203601,-1.0167732989250675,0,0
528.3325926770696,648.3999468665874,67.28076465107131,0.9876494588854161,0.009040264143273939,0.29920095239823796,0.9995697967883119,0,0,0.011920337902895817,-0.009040264143273939,-0.29920095239823796,-0.9808122077677411,-1.0231461505225683,0,0
512.8513118946122,360.20900612823414,79.6887422048836,0.9878668407078107,0.009107701092520855,0.3024181669401545,0.9995697967883119,0,0,0.011702956080501203,-0.009107701092520855,-0.3024181669401545,-0.9808122077677411,-1.0236013542081042,0,0
171.72011046907937,346.8640580657511,78.73363637499943,0.9879392771670431,0.00913025776976895,0.30134576209284897,0.9995697967883119,0,0,0.01163051962126882,-0.00913025776976895,-0.30134576209284897,-0.9809639423295864,-1.0236013542081042,0,0
459.67991945810627,1411.3480414449798,84.8062010048873,0.9879392771670431,0.00913025776976895,0.30134576209284897,0.9995697967883119,0,0,0.01163051962126882,-0.00913025776976895,-0.30134576209284897,-0.9809639423295864,-1.0236013542081042,0,0
448.2028325964311,1411.3480414449798,82.34399565000513,0.9879392771670431,0.00913025776976895,0.30134576209284897,0.9995697967883119,0,0,0.01163051962126882,-0.00913025776976895,-0.30134576209284897,-0.9809639423295864,-1.0236013542081042,0,0
562.6000187683081,581.6409617069837,79.6887422048836,0.9879392771670431,0.00913025776976895,0.30134576209284897,0.9995697967883119,0,0,0.01163051962126882,-0.00913025776976895,-0.30134576209284897,-0.9809639423295864,-1.0236013542081042,0,0
284.7075611688845,1411.3480414449798,83.38264517783642,0.9879392771670431,0.00913025776976895,0.30134576209284897,0.9995697967883119,0,0,0.01163051962126882,-0.00913025776976895,-0.30134576209284897,-0.9809639423295864,-1.0236013542081042,0,0
1019.267059271828,1411.3480414449798,84.44606393366254,0.9879392771670431,0.00913025776976895,0.30134576209284897,0.9995697967883119,0,0,0.01163051962126882,-0.00913025776976895,-0.30134576209284897,-0.9809639423295864,-1.0236013542081042,0,0
407.8990969411948,1411.3480414449798,85.16922919230018,0.9879392771670431,0.00913025776976895,0.30134576209284897,0.9995697967883119,0,0,0.01163051962126882,-0.00913025776976895,-0.30134576209284897,-0.9809639423295864,-1.0236013542081042,0,0
602.1580731583105,648.3999468665874,75.69750294678715,0.9879392771670431,0.00913025776976895,0.30134576209284897,0.9995697967883119,0,0,0.01163051962126882,-0.00913025776976895,-0.30134576209284897,-0.9809639423295864,-1.0236013542081042,0,0
245.3252030939217,437.33222201576723,80.01189902085736,0.9879392771670431,0.00913025776976895,0.30134576209284897,0.9995697967883119,0,0,0.01163051962126882,-0.00913025776976895,-0.30134576209284897,-0.9809639423295864,-1.0236013542081042,0,0
734.7683303247097,1411.3480414449798,84.08878225753256,0.9879392771670431,0.00913025776976895,0.30134576209284897,0.9995697967883119,0,0,0.01163051962126882,-0.00913025776976895,-0.30134576209284897,-0.9809639423295864,-1.0236013542081042,0,0
562.6000187683081,1411.3480414449798,84.44606393366254,0.9879392771670431,0.00913025776976895,0.30134576209284897,-0.012060722832956894,0,0,-1.0,-0.00913025776976895,-0.30134576209284897,-0.9809639423295864,-1.0236013542081042,0,0
1411.3480414449798,1411.3480414449798,83.03372126641216,0.983223113326081,0.007689341098216677,0.29169411846709936,-0.012060722832956894,0,0,-0.9952838361590379,-0.007689341098216677,-0.29169411846709936,-0.9767153745979192,-1.0179871754198297,0,0
624.3377665398167,624.3377665398167,51.55362639757167,0.9678511329910408,0.0035018651457261324,0.24021868579643474,-0.012060722832956894,0,0,-0.9799118558239976,-0.0035018651457261324,-0.24021868579643474,-0.9644248750884534,-0.9984134169417916,0,0
900.238757316699,1411.3480414449798,60.01951173605402,0.9463958623291389,-0.0010153501273879482,0.17480199011079847,-0.012060722832956894,0,0,-0.9584565851620958,0.0010153501273879482,-0.17480199011079847,-0.9471271350380941,-0.9718598686188716,0,0
159.58252707905322,312.50933522689996,59.445249703111536,0.9245511583644173,-0.0042121549537310725,0.11581972350899526,-0.012060722832956894,0,0,-0.9366118811973742,0.0042121549537310725,-0.11581972350899526,-0.9292224567403538,-0.9456097894196421,0,0
152.41788953728954,288.9697116820819,72.59760196071355,0.9022516001429806,-0.006117949960077591,0.05469264721258103,-0.012060722832956894,0,0,-0.9143123229759375,0.006117949960077591,-0.05469264721258103,-0.9111660438807682,-0.9189045065348769,0,0
163.42873978461637,272.6876389629632,108.6000844939372,0.8794971872977414,-0.0066304774049908335,-0.009651643625749717,-0.012060722832956894,0,0,-0.8915579101306983,0.0066304774049908335,0.009651643625749717,-0.8929578964593373,-0.8915922854027306,0,0
265.2554052777127,1411.3480414449798,34.535278547288506,0.8563021008945844,-0.005659804962138492,-0.07399593446408047,-0.012060722832956894,0,0,-0.8683628237275413,0.005659804962138492,0.07399593446408047,-0.8742945453523707,-0.8638248605850486,0,0
110.36868736531008,288.9697116820819,42.22546365252094,0.8332941862939548,-0.003195401769648289,-0.13941263014971672,-0.012060722832956894,0,0,-0.8453549091269117,0.003195401769648289,0.13941263014971672,-0.8557829288072494,-0.8360574357673666,0,0
146.92774685951784,312.50933522689996,51.405375698086,0.8108724063545917,0.0007148121201723048,-0.2059017306826585,-0.012060722832956894,0,0,-0.8229331291875486,-0.0007148121201723048,0.2059017306826585,-0.8377265159476638,-0.8085934800733751,0,0
130.08105893503551,346.8640580657511,45.52376917564831,0.7887484519568125,0.006058652510599491,-0.26810121182637825,-0.012060722832956894,0,0,-0.8008091747897694,-0.006058652510599491,0.26810121182637825,-0.8193666339643877,-0.781432993503074,0,0
176.198566643824,293.3703955349555,38.63343878442909,0.7669218258847955,0.01251034861516918,-0.30670778632937673,-0.012060722832956894,0,0,-0.7789825487177524,-0.01251034861516918,0.30670778632937673,-0.7993376718008137,-0.7559415871130709,0,0
177.7453057985956,459.67991945810627,42.118643758499466,0.7463464394559455,0.018905413301418133,-0.2959837378563216,-0.012060722832956894,0,0,-0.7584071622889024,-0.018905413301418133,0.2959837378563216,-0.777032691209561,-0.7351539521402707,0,0
79.04963861634155,353.40072554933454,58.14195534124432,0.7284429429289547,0.024176607345459893,-0.2766804506048224,-0.012060722832956894,0,0,-0.7405036657619116,-0.024176607345459893,0.2766804506048224,-0.757003729045987,-0.7178562120899113,0,0
61.19765556235682,448.2028325964311,42.65710812266905,0.7066541697256594,0.02961291287060682,-0.21233615976649162,-0.012060722832956894,0,0,-0.7187148925586163,-0.02961291287060682,0.21233615976649162,-0.7299949770375312,-0.699951533792171,0,0
41.176340005486864,581.6409617069837,39.19797072143669,0.6836607829311226,0.033775433594444286,-0.1458470592335498,-0.012060722832956894,0,0,-0.6957215057640795,-0.033775433594444286,0.1458470592335498,-0.7019240830961587,-0.6812881826852044,0,0
55.174823329569996,1180.1265773010464,38.54058218127202,0.6608199660006282,0.0363706970928413,-0.08043036354791347,-0.012060722832956894,0,0,-0.6728806888335851,-0.0363706970928413,0.08043036354791347,-0.674308392840322,-0.6629283007019283,0,0
248.42442609070224,353.40072554933454,41.279376340133794,0.6379324033296226,0.03742686935574965,-0.01179645332036068,-0.012060722832956894,0,0,-0.6499931261625795,-0.03742686935574965,0.01179645332036068,-0.6465409680226399,-0.6448718878423427,0,0
242.3065498311679,624.3377665398167,37.63074993470196,0.6147218343532823,0.036953872489186204,0.05254783751797007,-0.012060722832956894,0,0,-0.6267825571862392,-0.036953872489186204,-0.05254783751797007,-0.6187735432049579,-0.6262085367353761,0,0
312.50933522689996,624.3377665398167,41.07371114311431,0.5917409008620789,0.035002256735428804,0.11689212835630086,-0.012060722832956894,0,0,-0.6038016236950358,-0.035002256735428804,-0.11689212835630086,-0.5911578529491212,-0.6076969201902548,0,0
769.566351540633,1411.3480414449798,35.99073822658538,0.5691635749173748,0.031574487208019184,0.18445363373654816,-0.012060722832956894,0,0,-0.5812242977503317,-0.031574487208019184,-0.18445363373654816,-0.5635421626932844,-0.5896405073306692,0,0
399.01729906632625,47.787928988589464,51.25784283159802,0.5465178525530212,0.026463176530917735,0.2595219730479341,-0.012060722832956894,0,0,-0.5585785753859781,-0.026463176530917735,-0.2595219730479341,-0.5350160650663761,-0.5717358290329289,0,0
1284.2268420173286,44.34070465302382,64.1112337943502,0.523189438124588,0.019472251393623956,0.32279385903895935,-0.012060722832956894,0,0,-0.5352501609575449,-0.019472251393623956,-0.32279385903895935,-0.5061864983157773,-0.5518586014312001,0,0
1284.2268420173286,42.985502974536416,58.14195534124432,0.5024385985399951,0.012630072839676442,0.3142146202605153,-0.012060722832956894,0,0,-0.514499321372952,-0.012630072839676442,-0.3142146202605153,-0.48494365965744135,-0.5294018862781021,0,0
624.3377665398167,43.09587104878454,49.68085184346885,0.48163054835133884,0.006479455886653338,0.26059437789523965,-0.012060722832956894,0,0,-0.49369127118429573,-0.006479455886653338,-0.26059437789523965,-0.467038981359701,-0.503910479888099,0,0
1284.2268420173286,43.09587104878454,60.40777364647001,0.45991037129523094,0.0014053975673701015,0.1983948967515199,-0.012060722832956894,0,0,-0.47197109412818783,-0.0014053975673701015,-0.1983948967515199,-0.44913430306196067,-0.47720519700333375,0,0
1019.267059271828,44.22514953619365,1093.1463157010076,0.4376863645645448,-0.0023108903628572767,0.1329782010658836,-0.012060722832956894,0,0,-0.4497470873975017,0.0023108903628572767,-0.1329782010658836,-0.43122962476422033,-0.45004471043303274,0,0
245.3252030939217,45.16350334108189,24.41804431856243,0.41534124310491544,-0.004546869437400521,0.06648910053294178,-0.012060722832956894,0,0,-0.42740196593787233,0.004546869437400521,-0.06648910053294178,-0.41347668102832524,-0.4228842238627317,0,0
196.81893899271049,50.96490904549061,25.405269406077494,0.39259206469630054,-0.00525459116688291,-0.004289619389222052,-0.012060722832956894,0,0,-0.40465278752925743,0.00525459116688291,0.004289619389222052,-0.39572373729243016,-0.3951167990450497,0,0
220.70517709223105,65.43626790658098,22.075335325140372,0.369847008124055,-0.004424898549870382,-0.0686339102275528,-0.012060722832956894,0,0,-0.3819077309570119,0.004424898549870382,0.0686339102275528,-0.3775155898709993,-0.36780457791290344,0,0
317.7208243859324,437.33222201576723,24.41804431856243,0.34697967338941715,-0.002074725617404308,-0.13619541560780007,-0.012060722832956894,0,0,-0.35904039622237405,0.002074725617404308,0.13619541560780007,-0.35930744244956847,-0.3400371530952214,0,0
144.84210166738234,459.67991945810627,22.85218781026422,0.32440002426407033,0.0018131362942852658,-0.20482932583535285,-0.012060722832956894,0,0,-0.3364607470970272,-0.0018131362942852658,0.20482932583535285,-0.3412510295899829,-0.3122697282775394,0,0
108.6000844939372,1411.3480414449798,29.31979943667244,0.3022646592417863,0.007109512757832597,-0.26488399728446155,-0.012060722832956894,0,0,-0.3143253820747432,-0.007109512757832597,0.26488399728446155,-0.32273941304486153,-0.28526097626908364,0,0
85.53518482670935,254.878386734463,33.840516440659265,0.28101335442113057,0.013366377232874031,-0.30778019117668204,-0.012060722832956894,0,0,-0.29307407725408746,-0.013366377232874031,0.30778019117668204,-0.3036208582523591,-0.26007303900277096,0,0
62.833136667956715,1284.2268420173286,30.13818450719404,0.25985134052394676,0.019918894112276823,-0.2927665233144049,-0.012060722832956894,0,0,-0.27191206335690365,-0.019918894112276823,0.2927665233144049,-0.2804054702900348,-0.23898193490628022,0,0
110.97077873540402,1411.3480414449798,32.29799013034805,0.23810146983320082,0.025806202162801044,-0.23592906640721273,-0.012060722832956894,0,0,-0.2501621926661577,-0.025806202162801044,0.23592906640721273,-0.25385192196711487,-0.22047031836115888,0,0
194.9110753588243,346.8640580657511,31.056556411796677,0.2155149278172226,0.03047313133923806,-0.17158477556888194,-0.012060722832956894,0,0,-0.22757565065017948,-0.03047313133923806,0.17158477556888194,-0.2262362317112781,-0.20195870181603753,0,0
390.5444991736698,498.3296704628293,32.873131352234964,0.19259819078668458,0.033676345543468614,-0.10616807988324567,-0.012060722832956894,0,0,-0.20465891361964147,-0.033676345543468614,0.10616807988324567,-0.19846880689359608,-0.1834470852709162,0,0
265.2554052777127,288.9697116820819,29.56820969111582,0.16982553745591933,0.0353767899039901,-0.04289619389222042,-0.012060722832956894,0,0,-0.18188626028887622,-0.0353767899039901,0.04289619389222042,-0.17115658576144982,-0.1650872032876401,0,0
471.8179059817352,293.3703955349555,34.69257006062114,0.1513166458774811,0.03569440547544177,0.008579238778444187,-0.012060722832956894,0,0,-0.16337736871043798,-0.03569440547544177,-0.008579238778444187,-0.1490033397320423,-0.1502172162268049,0,0
399.01729906632625,307.4777105974586,30.724001887465562,0.1285753576235477,0.03476715315547525,0.07292352961677494,-0.012060722832956894,0,0,-0.14063608045650458,-0.03476715315547525,-0.07292352961677494,-0.12169111859989604,-0.13200906880537405,0,0
1411.3480414449798,1411.3480414449798,30.074083981884726,0.11007925049430799,0.032926344624656496,0.12547136713474508,-0.012060722832956894,0,0,-0.12213997332726488,-0.032926344624656496,-0.12547136713474508,-0.09938613800864325,-0.11713908174453887,0,0
1284.2268420173286,261.6981137825328,30.856404298200047,0.08745144006032567,0.029329370920012074,0.18981565797307587,-0.012060722832956894,0,0,-0.09951216289328256,-0.029329370920012074,-0.18981565797307587,-0.07192218231465174,-0.09877919976126277,0,0
544.8761250677193,177.7453057985956,26.824785427057037,0.07011751571789143,0.025495042011243058,0.24558071003296253,-0.012060722832956894,0,0,-0.08217823855084833,-0.025495042011243058,-0.24558071003296253,-0.050224139970779985,-0.08497135463334438,0,0
1284.2268420173286,55.84911445261101,30.526926956734627,0.053871893129239776,0.021050857282016104,0.28847690392518305,-0.012060722832956894,0,0,-0.06593261596219667,-0.021050857282016104,-0.28847690392518305,-0.030346912369051314,-0.07116350950542599,0,0
1411.3480414449798,53.548770921812995,36.24233355390543,0.03997340736690338,0.016950729240747035,0.2852596893832665,-0.012060722832956894,0,0,-0.05203413019986027,-0.016950729240747035,-0.2852596893832665,-0.016083863555597152,-0.05644525700643606,0,0
769.566351540633,61.19765556235682,29.946465878260994,0.028983855390624202,0.013995015377904143,0.24021868579643496,-0.012060722832956894,0,0,-0.041044578223581096,-0.013995015377904143,-0.24021868579643496,-0.007890197215953272,-0.04187873906929138,0,0
374.71408913910363,471.8179059817352,41.176340005486864,0.01859147351855929,0.011801172267925665,0.1758743949581042,-0.012060722832956894,0,0,-0.030652196351516184,-0.011801172267925665,-0.1758743949581042,-0.0018208147421429916,-0.02670528288476568,0,0
1284.2268420173286,437.33222201576723,32.72794171450513,0.011608001169863911,0.010794488885763153,0.11045769927246792,-0.012060722832956894,0,0,-0.023668724002820805,-0.010794488885763153,-0.11045769927246792,0.0006069382473811208,-0.015021721622680891,0,0
220.70517709223105,242.3065498311679,83.73432085224402,0.007448970494725652,0.010457008671672131,0.051475432670664706,-0.012060722832956894,0,0,-0.019509693327682546,-0.010457008671672131,-0.051475432670664706,0.0006069382473811208,-0.006676320721191755,0,0
448.2028325964311,284.7075611688845,153.56624101955603,0.004263880333267652,0.01036475882437926,0.006434429083833161,-0.012060722832956894,0,0,-0.016324603166224545,-0.01036475882437926,-0.006434429083833161,0.0006069382473811208,-0.00030346912369096004,0,0
624.3377665398167,272.6876389629632,48.05094550934816,0.0018362669445336857,0.01039079366608906,-0.027882526029943254,-0.012060722832956894,0,0,-0.013896989777490579,-0.01039079366608906,0.027882526029943254,0.0006069382473811208,0.004552036855357265,0,0
1284.2268420173286,900.238757316699,34.37905456167617,-0.00021031210768579067,0.010477538627641596,-0.05683745690719211,-0.012060722832956894,0,0,-0.011850410725271102,-0.010477538627641596,0.05683745690719211,0.0006069382473811208,0.008648870025179205,0,0
1284.2268420173286,1019.267059271828,30.59241608131846,-0.0014215922309507674,0.010556889793474236,-0.07399593446408032,-0.012060722832956894,0,0,-0.010639130602006126,-0.010556889793474236,0.07399593446408032,0.0006069382473811208,0.011076623014703317,0,0
624.3377665398167,254.878386734463,28.592015692053423,-0.0014215922309507674,0.010556889793474236,-0.07399593446408032,-0.012060722832956894,0,0,-0.010639130602006126,-0.010556889793474236,0.07399593446408032,0.0006069382473811208,0.011076623014703317,0,0
448.2028325964311,288.9697116820819,30.074083981884726,-0.0014215922309507674,0.010556889793474236,-0.07399593446408032,-0.012060722832956894,0,0,-0.010639130602006126,-0.010556889793474236,0.07399593446408032,0.0006069382473811208,0.011076623014703317,0,0
528.3325926770696,851.4899528953961,29.756482389147592,-0.0014215922309507674,0.010556889793474236,-0.07399593446408032,-0.012060722832956894,0,0,-0.010639130602006126,-0.010556889793474236,0.07399593446408032,0.0006069382473811208,0.011076623014703317,0,0
1019.267059271828,340.5824855543227,29.013419717033194,-0.001345929560517803,0.010551321614459003,-0.0729235296167748,-0.012060722832956894,0,0,-0.01071479327243909,-0.010551321614459003,0.0729235296167748,0.0006069382473811208,0.01092488845285806,0,0
448.2028325964311,851.4899528953961,30.59241608131846,-0.001345929560517803,0.010551321614459003,-0.0729235296167748,-0.012060722832956894,0,0,-0.01071479327243909,-0.010551321614459003,0.0729235296167748,0.0006069382473811208,0.01092488845285806,0,0
317.7208243859324,448.2028325964311,30.461639058159932,-0.001345929560517803,0.010551321614459003,-0.0729235296167748,-0.012060722832956894,0,0,-0.01071479327243909,-0.010551321614459003,0.0729235296167748,0.0006069382473811208,0.01092488845285806,0,0
528.3325926770696,437.33222201576723,29.882946467274657,-0.001345929560517803,0.010551321614459003,-0.0729235296167748,-0.012060722832956894,0,0,-0.01071479327243909,-0.010551321614459003,0.0729235296167748,0.0006069382473811208,0.01092488845285806,0,0
512.8513118946122,297.9167592848756,28.711534351575374,-0.001345929560517803,0.010551321614459003,-0.0729235296167748,-0.012060722832956894,0,0,-0.01071479327243909,-0.010551321614459003,0.0729235296167748,0.0006069382473811208,0.01092488845285806,0,0
648.3999468665874,307.4777105974586,29.381623897205223,-0.001345929560517803,0.010551321614459003,-0.0729235296167748,-0.012060722832956894,0,0,-0.01071479327243909,-0.010551321614459003,0.0729235296167748,0.0006069382473811208,0.01092488845285806,0,0
360.20900612823414,427.0195773074906,28.592015692053423,-0.001345929560517803,0.010551321614459003,-0.0729235296167748,-0.012060722832956894,0,0,-0.01071479327243909,-0.010551321614459003,0.0729235296167748,0.0006069382473811208,0.01092488845285806,0,0
900.238757316699,228.31501027837746,29.443633183885872,-0.001345929560517803,0.010551321614459003,-0.0729235296167748,-0.012060722832956894,0,0,-0.01071479327243909,-0.010551321614459003,0.0729235296167748,0.0006069382473811208,0.01092488845285806,0,0
459.67991945810627,206.97300472647143,30.01017807866701,-0.001345929560517803,0.010551321614459003,-0.0729235296167748,-0.012060722832956894,0,0,-0.01071479327243909,-0.010551321614459003,0.0729235296167748,0.0006069382473811208,0.01092488845285806,0,0
288.9697116820819,239.3652489782259,30.59241608131846,-0.001345929560517803,0.010551321614459003,-0.0729235296167748,-0.012060722832956894,0,0,-0.01071479327243909,-0.010551321614459003,0.0729235296167748,0.0006069382473811208,0.01092488845285806,0,0
251.60762066022812,340.5824855543227,29.25815894523266,-0.001345929560517803,0.010551321614459003,-0.0729235296167748,-0.012060722832956894,0,0,-0.01071479327243909,-0.010551321614459003,0.0729235296167748,0.0006069382473811208,0.01092488845285806,0,0
317.7208243859324,471.8179059817352,29.25815894523266,-0.0012702609622518212,0.010545834579644598,-0.07185112476946928,-0.012060722832956894,0,0,-0.010790461870705072,-0.010545834579644598,0.07185112476946928,0.0006069382473811208,0.010773153891012804,0,0
602.1580731583105,512.8513118946122,28.473193408840125,-0.0012702609622518212,0.010545834579644598,-0.07185112476946928,-0.012060722832956894,0,0,-0.010790461870705072,-0.010545834579644598,0.07185112476946928,0.0006069382473811208,0.010773153891012804,0,0
1093.1463157010076,602.1580731583105,30.074083981884726,-0.0012702609622518212,0.010545834579644598,-0.07185112476946928,-0.012060722832956894,0,0,-0.010790461870705072,-0.010545834579644598,0.07185112476946928,0.0006069382473811208,0.010773153891012804,0,0
236.49825525583836,498.3296704628293,29.381623897205223,-0.0012702609622518212,0.010545834579644598,-0.07185112476946928,-0.012060722832956894,0,0,-0.010790461870705072,-0.010545834579644598,0.07185112476946928,0.0006069382473811208,0.010773153891012804,0,0
900.238757316699,346.8640580657511,29.81961893815634,-0.0012702609622518212,0.010545834579644598,-0.07185112476946928,-0.012060722832956894,0,0,-0.010790461870705072,-0.010545834579644598,0.07185112476946928,0.0006069382473811208,0.010773153891012804,0,0
