FDist,LDist,RDist,XEst,YEst,ThetaEst,XDes,YDes,ThetaDes,XError,YError,ThetaError,SL,SR,RW,LW
228.31501027837746,185.91929651913173,19.493498319736666,0.0,0.0,0.0,0,0,0,0.0,0.0,0.0,0.0,0.0,0,0
162.1258003695371,143.82153882231913,19.241682753275676,0.0,0.0,0.0,0,0,0,0.0,0.0,0.0,0.0,0.0,0,0
228.31501027837746,211.34777997197892,19.712466909449226,0.0,0.0,0.0,0,0,0,0.0,0.0,0.0,0.0,0.0,0,0
179.3202830877122,196.81893899271049,19.639152619200075,0.0,0.0,0.0,0,0,0,0.0,0.0,0.0,0.0,0.0,0,0
130.91477695173097,213.60849807698625,19.639152619200075,0.0,0.0,0.0,0,0,0,0.0,0.0,0.0,0.0,0.0,0,0
144.84210166738234,136.15031850713706,19.749246828391648,0.0,0.0,0.0,0,0,0,0.0,0.0,0.0,0.0,0.0,0,0
185.91929651913173,157.11931592309642,19.712466909449226,0.0,0.0,0.0,0,0,0,0.0,0.0,0.0,0.0,0.0,0,0
218.28532251964043,151.28683687310368,19.93438562175379,0.0,0.0,0.0,0,0,0,0.0,0.0,0.0,0.0,0.0,0,0
248.42442609070224,184.22292190812155,19.897191673617044,0.0,0.0,0.0,0,0,0,0.0,0.0,0.0,0.0,0.0,0,0
191.20821604693444,159.58252707905322,19.93438562175379,0.0,0.0,0.0,0,0,0,0.0,0.0,0.0,0.0,0.0,0,0
124.52854747504531,194.9110753588243,19.134942493208065,0.0,0.0,0.0,0,0,0,0.0,0.0,0.0,0.0,0.0,0,0
144.84210166738234,134.3591943699604,19.602617680935374,0.0,0.0,0.0,0,0,0,0.0,0.0,0.0,0.0,0.0,0,0
211.34777997197892,209.13650375320472,19.566163838158445,0.0,0.0,0.0,0,0,0,0.0,0.0,0.0,0.0,0.0,0,0
187.6483042942066,184.22292190812155,19.67576893443448,0.0,0.0,0.0,0,0,0,0.0,0.0,0.0,0.0,0.0,0,0
177.7453057985956,171.72011046907937,19.421153838355984,0.0,0.0,0.0,0,0,0,0.0,0.0,0.0,0.0,0.0,0,0
167.46934895889862,170.27879631253745,19.529790810708228,0.0,0.0,0.0,0,0,0,0.0,0.0,0.0,0.0,0.0,0,0
162.1258003695371,151.28683687310368,19.602617680935374,0.0,0.0,0.0,0,0,0,0.0,0.0,0.0,0.0,0.0,0,0
170.27879631253745,159.58252707905322,19.529790810708228,0.0,0.0,0.0,0.3,0,0,0.3,0.0,0.0,0.0,0.0,0,0
198.76603234393832,284.7075611688845,19.421153838355984,0.0052916170578176745,5.698257660772379e-06,0.002153691544928897,0.3,0,0,0.2947083829421823,-5.698257660772379e-06,-0.002153691544928897,-0.005140430979436299,-0.005442809272344316,0,0
196.81893899271049,168.8620920208621,18.818881403249385,0.024416819534622984,9.837600353247213e-05,0.0075379204072511235,0.3,0,0,0.275583180465377,-9.837600353247213e-05,-0.0075379204072511235,-0.02388788513973339,-0.02494620916491145,0,0
147.99350743133397,407.8990969411948,18.680376763728233,0.05132659962109075,0.0004171454248115312,0.01615268658696676,0.3,0,0,0.24867340037890923,-0.0004171454248115312,-0.01615268658696676,-0.050194796622730915,-0.052462633819541055,0,0
115.37236097408694,284.7075611688845,18.373059168895537,0.07951836887141836,0.0009484766047706593,0.021536915449289012,0.3,0,0,0.22048163112858163,-0.0009484766047706593,-0.021536915449289012,-0.07801359957026853,-0.08103738249934872,0,0
100.02692680886574,185.91929651913173,17.939411375632368,0.10680259473812465,0.0014920952330174605,0.018306378131895652,0.3,0,0,0.19319740526187534,-0.0014920952330174605,-0.018306378131895652,-0.10553002422489813,-0.1081002397146163,0,0
145.87739303694283,174.67928447558052,17.326465780453077,0.1336362370965578,0.0018533132284517338,0.008614766179715594,0.3,0,0,0.16636376290344218,-0.0018533132284517338,-0.008614766179715594,-0.13304644887952774,-0.1342559620511598,0,0
151.28683687310368,160.8439044330725,17.775756517532926,0.1594136839131215,0.0019782267120179386,0.001076845772464476,0.3,0,0,0.1405863160868785,-0.0019782267120179386,-0.001076845772464476,-0.15935336036252526,-0.15950454950897927,0,0
159.58252707905322,176.198566643824,17.841013239325363,0.18420864642714854,0.0019248259283301196,-0.005384228862322221,0.3,0,0,0.11579135357285145,-0.0019248259283301196,0.005384228862322221,-0.18460194782034473,-0.1838460020880747,0,0
145.87739303694283,166.09994149545804,17.678380057162876,0.2077183917210754,0.0018362182143602107,-0.0021536915449289094,0.3,0,0,0.09228160827892459,-0.0018362182143602107,0.0021536915449289094,-0.20788507637426207,-0.20758269808135407,0,0
126.06628950603962,145.87739303694283,17.939411375632368,0.2297164093415294,0.001848062451643348,0.003230537317393367,0.3,0,0,0.07028359065847059,-0.001848062451643348,-0.003230537317393367,-0.22950512431718534,-0.22995869175654737,0,0
128.44498763419128,159.58252707905322,17.613798941900477,0.24906851910430136,0.0019105803818892056,0.003230537317393367,0.3,0,0,0.05093148089569863,-0.0019105803818892056,-0.003230537317393367,-0.24885733506329846,-0.2493109025026605,0,0
105.22351709380416,153.56624101955603,17.613798941900477,0.26396047518307864,0.0019827444765007666,0.006461074634786715,0.3,0,0,0.03603952481692135,-0.0019827444765007666,-0.006461074634786715,-0.26352268226933734,-0.26442981714806135,0,0
114.0802412881919,176.198566643824,17.775756517532926,0.27552616156238946,0.0020636997917262766,0.007537920407251185,0.3,0,0,0.02447383843761053,-0.0020636997917262766,-0.007537920407251185,-0.275013057399842,-0.27607138142502,0,0
112.19442975602797,160.8439044330725,17.743230101200233,0.2834634525378227,0.002110710151675391,0.00430738308985783,0.3,0,0,0.01653654746217731,-0.002110710151675391,-0.00430738308985783,-0.28317727130835846,-0.28378202789417445,0,0
105.22351709380416,143.82153882231913,18.204859322179495,0.28852828233671923,0.002118891219626238,-0.0010768457724644152,0.3,0,0,0.011471717663280756,-0.002118891219626238,0.0010768457724644152,-0.28862008058070276,-0.2884688914342487,0,0
100.02692680886574,218.28532251964043,18.03843055896276,0.2893598080579551,0.002113966324774426,-0.010768457724644468,0.3,0,0,0.010640191942044908,-0.002113966324774426,0.010768457724644468,-0.2901319720452428,-0.2886200805807027,0,0
144.84210166738234,127.64222867598318,17.07547639886051,0.2893598080579551,0.002113966324774426,-0.010768457724644468,0.3,0,0,0.010640191942044908,-0.002113966324774426,0.010768457724644468,-0.2901319720452428,-0.2886200805807027,0,0
167.46934895889862,245.3252030939217,17.939411375632368,0.2893598080579551,0.002113966324774426,-0.010768457724644468,0.3,0,0,0.010640191942044908,-0.002113966324774426,0.010768457724644468,-0.2901319720452428,-0.2886200805807027,0,0
146.92774685951784,194.9110753588243,17.106626529125542,0.2893598080579551,0.002113966324774426,-0.010768457724644468,0.3,0,0,0.010640191942044908,-0.002113966324774426,0.010768457724644468,-0.2901319720452428,-0.2886200805807027,0,0
133.48121220361529,168.8620920208621,17.137840123031808,0.2893598080579551,0.002113966324774426,-0.010768457724644468,0.3,0,0,0.010640191942044908,-0.002113966324774426,0.010768457724644468,-0.2901319720452428,-0.2886200805807027,0,0
151.28683687310368,158.34116103748556,17.169117382297486,0.2893598080579551,0.002113966324774426,-0.010768457724644468,0.3,0,0,0.010640191942044908,-0.002113966324774426,0.010768457724644468,-0.2901319720452428,-0.2886200805807027,0,0
120.13062066766372,242.3065498311679,17.137840123031808,0.2893598080579551,0.002113966324774426,-0.010768457724644468,0.3,0,0,0.010640191942044908,-0.002113966324774426,0.010768457724644468,-0.2901319720452428,-0.2886200805807027,0,0
139.88023555455067,185.91929651913173,18.238356668915443,0.2893598080579551,0.002113966324774426,-0.010768457724644468,0.3,0,0,0.010640191942044908,-0.002113966324774426,0.010768457724644468,-0.2901319720452428,-0.2886200805807027,0,0
154.7323071690459,280.5772654118684,18.204859322179495,0.2893598080579551,0.002113966324774426,-0.010768457724644468,0.3,0,0,0.010640191942044908,-0.002113966324774426,0.010768457724644468,-0.2901319720452428,-0.2886200805807027,0,0
154.7323071690459,177.7453057985956,18.138076919253407,0.2893598080579551,0.002113966324774426,-0.010768457724644468,0.3,0,0,0.010640191942044908,-0.002113966324774426,0.010768457724644468,-0.2901319720452428,-0.2886200805807027,0,0
129.25786434407527,141.82331249922515,18.138076919253407,0.2893598080579551,0.002113966324774426,-0.010768457724644468,0.3,0,0,0.010640191942044908,-0.002113966324774426,0.010768457724644468,-0.2901319720452428,-0.2886200805807027,0,0
129.25786434407527,144.84210166738234,18.406914256574545,0.2893598080579551,0.002113966324774426,-0.010768457724644468,0.3,0,0,0.010640191942044908,-0.002113966324774426,0.010768457724644468,-0.2901319720452428,-0.2886200805807027,0,0
144.84210166738234,170.27879631253745,18.138076919253407,0.2893598080579551,0.002113966324774426,-0.010768457724644468,0.3,0,0,0.010640191942044908,-0.002113966324774426,0.010768457724644468,-0.2901319720452428,-0.2886200805807027,0,0
138.92864283985838,149.07502982648927,17.51742772173086,0.2893598080579551,0.002113966324774426,-0.010768457724644468,0.3,0,0,0.010640191942044908,-0.002113966324774426,0.010768457724644468,-0.2901319720452428,-0.2886200805807027,0,0
153.56624101955603,223.1819809443389,18.138076919253407,0.2893598080579551,0.002113966324774426,-0.010768457724644468,0.3,0,0,0.010640191942044908,-0.002113966324774426,0.010768457724644468,-0.2901319720452428,-0.2886200805807027,0,0
