FDist,LDist,RDist,XEst,YEst,ThetaEst,XDes,YDes,ThetaDes,XError,YError,ThetaError,SL,SR,RW,LW
1093.1463157010076,353.40072554933454,45.283073634897775,0.0,0.0,0.0,0,0,0,0.0,0.0,0.0,0.0,0.0,0,0
1284.2268420173286,346.8640580657511,45.283073634897775,0.0,0.0,0.0,0,0,0,0.0,0.0,0.0,0.0,0.0,0,0
769.566351540633,448.2028325964311,34.69257006062114,0.0,0.0,0.0,0,0,0,0.0,0.0,0.0,0.0,0.0,0,0
220.70517709223105,323.12240163650586,47.397845831374006,0.0,0.0,0.0,0,0,0,0.0,0.0,0.0,0.0,0.0,0,0
220.70517709223105,239.3652489782259,34.535278547288506,0.0,0.0,0.0,0,0,0,0.0,0.0,0.0,0.0,0.0,0,0
1284.2268420173286,239.3652489782259,36.8399334734816,0.0,0.0,0.0,0,0,0,0.0,0.0,0.0,0.0,0.0,0,0
1411.3480414449798,390.5444991736698,44.69032492014681,0.0,0.0,0.0,0,0,0,0.0,0.0,0.0,0.0,0.0,0,0
353.40072554933454,851.4899528953961,35.495445821510074,0.0,0.0,0.0,0,0,0,0.0,0.0,0.0,0.0,0.0,0,0
284.7075611688845,328.72509627198025,41.07371114311431,0.0,0.0,0.0,0,0,0,0.0,0.0,0.0,0.0,0.0,0,0
512.8513118946122,211.34777997197892,33.613559426012365,0.0,0.0,0.0,0,0,0,0.0,0.0,0.0,0.0,0.0,0,0
1284.2268420173286,399.01729906632625,46.01147903511478,0.0,0.0,0.0,0,0,0,0.0,0.0,0.0,0.0,0.0,0,0
1093.1463157010076,448.2028325964311,38.91410827618916,0.0,0.0,0.0,0,0,0,0.0,0.0,0.0,0.0,0.0,0,0
1284.2268420173286,346.8640580657511,47.26898596692454,0.0,0.0,0.0,0,0,0,0.0,0.0,0.0,0.0,0.0,0,0
1019.267059271828,624.3377665398167,51.702600387636146,0.0,0.0,0.0,0,0,0,0.0,0.0,0.0,0.0,0.0,0,0
242.3065498311679,265.2554052777127,43.654616942576325,0.0,0.0,0.0,0,0,0,0.0,0.0,0.0,0.0,0.0,0,0
1093.1463157010076,734.7683303247097,45.88875276428319,0.0,0.0,0.0,0,0,0,0.0,0.0,0.0,0.0,0.0,0,0
1284.2268420173286,390.5444991736698,47.397845831374006,0.0,0.0,0.0,0,0,0,0.0,0.0,0.0,0.0,0.0,0,0
1284.2268420173286,448.2028325964311,48.854583701372256,0.0,0.0,0.0,0,0,0,0.0,0.0,0.0,0.0,0.0,0,0
544.8761250677193,284.7075611688845,52.153917529280825,0.0,0.0,0.0,0,0,0,0.0,0.0,0.0,0.0,0.0,0,0
648.3999468665874,407.8990969411948,52.611946269889565,0.0,0.0,0.0,0,0,0,0.0,0.0,0.0,0.0,0.0,0,0
218.28532251964043,268.9169663380496,49.12744338052328,0.0,0.0,0.0,0,0,0,0.0,0.0,0.0,0.0,0.0,0,0
1284.2268420173286,323.12240163650586,46.63326386384414,0.0,0.0,0.0,-0.5,0,0,-0.5,0.0,0.0,0.0,0.0,0,0
1093.1463157010076,734.7683303247097,55.34207932623348,-0.009179939671961715,4.92230637283438e-06,-0.0010724048473055104,-0.5,0,0,-0.49082006032803827,-4.92230637283438e-06,0.0010724048473055104,0.009104073710715421,0.009255808272560678,0,0
1284.2268420173286,187.6483042942066,230.97580043058096,-0.052500150851219056,2.815071082645751e-05,1.235990476633475e-17,-0.5,0,0,-0.44749984914878094,-2.815071082645751e-05,-1.235990476633475e-17,0.05250015839845893,0.05250015839845893,0,0
900.238757316699,544.8761250677193,360.20900612823414,-0.10097777529923495,-0.00036176499297779205,0.016086072709582656,-0.5,0,0,-0.39902222470076504,0.00036176499297779205,-0.016086072709582656,0.10211736012185797,0.09984134169417913,0,0
512.8513118946122,302.6164596847404,28.532517899129083,-0.1496744592299883,-0.0013541309679246359,0.024665311488026788,-0.5,0,0,-0.3503255407700117,0.0013541309679246359,-0.024665311488026788,0.15143109272156652,0.14794119779912562,0,0
353.40072554933454,624.3377665398167,28.473193408840125,-0.1975301908839644,-0.002611777979333569,0.027882526029943355,-0.5,0,0,-0.3024698091160356,0.002611777979333569,-0.027882526029943355,0.199530948826513,0.19558585021853633,0,0
624.3377665398167,437.33222201576723,22.245039036567718,-0.24424336876212727,-0.004014871975232112,0.032172145419165396,-0.5,0,0,-0.25575663123787273,0.004014871975232112,-0.032172145419165396,0.2465686629985427,0.24201662614318498,0,0
209.13650375320472,346.8640580657511,23.756904125116755,-0.2892145003508113,-0.005293238517186801,0.024665311488026836,-0.5,0,0,-0.2107854996491887,0.005293238517186801,-0.024665311488026836,0.291026889619203,0.2875369946967621,0,0
284.7075611688845,851.4899528953961,25.609067445845334,-0.32364951178993984,-0.00606886338382218,0.020375692098804795,-0.5,0,0,-0.17635048821006016,0.00606886338382218,-0.020375692098804795,0.3251671660343858,0.32228420935932595,0,0
471.8179059817352,471.8179059817352,33.46350991438838,-0.3649921810921407,-0.0067117883490042714,0.010724048473055189,-0.5,0,0,-0.1350078189078593,0.0067117883490042714,-0.010724048473055189,0.36583202860891467,0.36431468299046216,0,0
1411.3480414449798,407.8990969411948,31.737482110528177,-0.40338067204614836,-0.00687646137416516,-0.002144809694610986,-0.5,0,0,-0.09661932795385164,0.00687646137416516,0.002144809694610986,0.4033104653846932,0.40361393450838373,0,0
900.238757316699,204.85569342211394,41.38282267374021,-0.4394173766378566,-0.006741199960572977,-0.005362024236527505,-0.5,0,0,-0.06058262336214337,0.006741199960572977,0.005362024236527505,0.43911982198017385,0.43987849478940017,0,0
459.67991945810627,261.6981137825328,30.526926956734627,-0.46862476397791636,-0.006443629299604056,-0.015013667862277088,-0.5,0,0,-0.03137523602208364,0.006443629299604056,0.015013667862277088,0.4676459196070822,0.4697702034729158,0,0
118.0448484665879,166.09994149545804,68.97275209823704,-0.4910768176282325,-0.005986089846980591,-0.025737716335332214,-0.5,0,0,-0.00892318237176748,0.005986089846980591,0.025737716335332214,0.4893439619509539,0.4929855914352401,0,0
146.92774685951784,312.50933522689996,63.043003529206196,-0.5103384201948776,-0.005407541348671778,-0.03431695511377632,-0.5,0,0,0.010338420194877629,0.005407541348671778,0.03431695511377632,0.5080073130579206,0.5128628190369688,0,0
144.84210166738234,209.13650375320472,78.419964244608,-0.5195127861182564,-0.005087656191306081,-0.03538935996108183,-0.5,0,0,0.019512786118256353,0.005087656191306081,0.03538935996108183,0.517111386768636,0.5221186273095295,0,0
134.3591943699604,194.9110753588243,54.842902515546676,-0.5225458005390415,-0.004986787828288074,-0.031099740571859776,-0.5,0,0,0.02254580053904154,0.004986787828288074,0.031099740571859776,0.5204495471292316,0.5248498494227442,0,0
114.0802412881919,204.85569342211394,69.22073170815571,-0.5225458005390415,-0.004986787828288074,-0.031099740571859776,-0.5,0,0,0.02254580053904154,0.004986787828288074,0.031099740571859776,0.5204495471292316,0.5248498494227442,0,0
157.11931592309642,239.3652489782259,54.842902515546676,-0.5225458005390415,-0.004986787828288074,-0.031099740571859776,-0.5,0,0,0.02254580053904154,0.004986787828288074,0.031099740571859776,0.5204495471292316,0.5248498494227442,0,0
144.84210166738234,245.3252030939217,67.99665713203012,-0.5225458005390415,-0.004986787828288074,-0.031099740571859776,-0.5,0,0,0.02254580053904154,0.004986787828288074,0.031099740571859776,0.5204495471292316,0.5248498494227442,0,0
145.87739303694283,209.13650375320472,57.2411266723497,-0.5225458005390415,-0.004986787828288074,-0.031099740571859776,-0.5,0,0,0.02254580053904154,0.004986787828288074,0.031099740571859776,0.5204495471292316,0.5248498494227442,0,0
110.97077873540402,280.5772654118684,66.11723490259166,-0.5225458005390415,-0.004986787828288074,-0.031099740571859776,-0.5,0,0,0.02254580053904154,0.004986787828288074,0.031099740571859776,0.5204495471292316,0.5248498494227442,0,0
129.25786434407527,312.50933522689996,56.0199058821893,-0.5225458005390415,-0.004986787828288074,-0.031099740571859776,-0.5,0,0,0.02254580053904154,0.004986787828288074,0.031099740571859776,0.5204495471292316,0.5248498494227442,0,0
140.84502956740286,312.50933522689996,85.16922919230018,-0.5225458005390415,-0.004986787828288074,-0.031099740571859776,-0.5,0,0,0.02254580053904154,0.004986787828288074,0.031099740571859776,0.5204495471292316,0.5248498494227442,0,0
132.61463364415852,328.72509627198025,52.0027403531362,-0.5225458005390415,-0.004986787828288074,-0.031099740571859776,-0.5,0,0,0.02254580053904154,0.004986787828288074,0.031099740571859776,0.5204495471292316,0.5248498494227442,0,0
