FDist,LDist,RDist,XEst,YEst,ThetaEst,XDes,YDes,ThetaDes,XError,YError,ThetaError,SL,SR,RW,LW
30.658107400064964,43.76776822876407,64.767717284378,0.0,0.0,0.0,0,0,0,0.0,0.0,0.0,0.0,0.0,0,0
31.530946491144263,45.04444673804966,91.40254728973653,0.0,0.0,0.0,0,0,0,0.0,0.0,0.0,0.0,0.0,0,0
31.87626906490098,44.34070465302382,81.6648832554738,0.0,0.0,0.0,0,0,0,0.0,0.0,0.0,0.0,0.0,0,0
32.015943449964496,44.92590039496099,80.66556470717478,0.0,0.0,0.0,0,0,0,0.0,0.0,0.0,0.0,0.0,0,0
31.806765208853015,44.80786091202521,80.66556470717478,0.0,0.0,0.0,0,0,0,0.0,0.0,0.0,0.0,0.0,0,0
31.737482110528177,44.92590039496099,62.624502623767405,0.0,0.0,0.0,0,0,0,0.0,0.0,0.0,0.0,0.0,0,0
31.945994776763527,44.80786091202521,72.05879380612686,0.0,0.0,0.0,0,0,0,0.0,0.0,0.0,0.0,0.0,0,0
31.945994776763527,44.92590039496099,80.01189902085736,0.0,0.0,0.0,0,0,0,0.0,0.0,0.0,0.0,0.0,0,0
30.724001887465562,43.42972555805186,62.417090148203904,0.0,0.0,0.0,0,0,0,0.0,0.0,0.0,0.0,0.0,0,0
31.530946491144263,44.92590039496099,75.69750294678715,0.0,0.0,0.0,0,0,0,0.0,0.0,0.0,0.0,0.0,0,0
31.462535589252198,44.92590039496099,65.43626790658098,0.0,0.0,0.0,0,0,0,0.0,0.0,0.0,0.0,0.0,0,0
29.505828159201656,43.54193707016939,70.74309622023037,0.0,0.0,0.0,0,0,0,0.0,0.0,0.0,0.0,0.0,0,0
31.462535589252198,45.283073634897775,80.66556470717478,0.0,0.0,0.0,0,0,0,0.0,0.0,0.0,0.0,0.0,0,0
27.43411484917406,43.20669553443567,73.41971802386729,0.0,0.0,0.0,0,0,0,0.0,0.0,0.0,0.0,0.0,0,0
31.806765208853015,45.16350334108189,65.21205562750623,0.0,0.0,0.0,0,0,0,0.0,0.0,0.0,0.0,0.0,0,0
31.87626906490098,45.04444673804966,60.99849051546361,0.0,0.0,0.0,0,0,0,0.0,0.0,0.0,0.0,0.0,0,0
28.6516875778294,43.76776822876407,60.01951173605402,0.0,0.0,0.0,0,0,0,0.0,0.0,0.0,0.0,0.0,0,0
31.056556411796677,43.20669553443567,61.397967211159504,0.0,0.0,0.0,0,0,0,0.0,0.0,0.0,0.0,0.0,0,0
31.806765208853015,44.80786091202521,58.14195534124432,0.0,0.0,0.0,0,0,0,0.0,0.0,0.0,0.0,0.0,0,0
24.22671386331148,43.9954973922686,65.21205562750623,0.0,0.0,0.0,0,0,0,0.0,0.0,0.0,0.0,0.0,0,0
38.44807213279861,46.3829042936969,22.416395940132503,0.0,0.0,0.0,0,0,0,0.0,0.0,0.0,0.0,0.0,0,0
35.17096471366344,1411.3480414449798,46.50780728590231,0.0,0.0,0.0,0,0,0,0.0,0.0,0.0,0.0,0.0,0,0
41.38282267374021,648.3999468665874,59.635598880684206,0.0,0.0,0.0,0,0,0,0.0,0.0,0.0,0.0,0.0,0,0
63.254114597104426,562.6000187683081,17.421651905480985,0.0,0.0,0.0,0,0,0,0.0,0.0,0.0,0.0,0.0,0,0
85.90410486184942,1411.3480414449798,21.05064198016546,0.0,0.0,0.0,0,0,0,0.0,0.0,0.0,0.0,0.0,0,0
95.30295822324965,427.0195773074906,18.373059168895537,0.0,0.0,0.0,0,0,0,0.0,0.0,0.0,0.0,0.0,0,0
648.3999468665874,293.3703955349555,17.07547639886051,0.0,0.0,0.0,0,0,0,0.0,0.0,0.0,0.0,0.0,0,0
851.4899528953961,734.7683303247097,17.358129317117793,0.0,0.0,0.0,0.3,0,0,0.3,0.0,0.0,0.0,0.0,0,0
176.198566643824,471.8179059817352,16.081854319978405,0.0071058898833384135,0.0,0.0,0.3,0,0,0.29289411011666155,0.0,0.0,-0.0071058898833384135,-0.0071058898833384135,0,0
1284.2268420173286,276.5725757314533,17.326465780453077,0.035680489454931394,9.231163137864848e-05,0.006461074634786697,0.3,0,0,0.2643195105450686,-9.231163137864848e-05,-0.006461074634786697,-0.03522707112378405,-0.0361342060025081,0,0
236.49825525583836,225.71785045590883,16.67620967286077,0.06621982939172513,0.0003225191052769865,0.008614766179715587,0.3,0,0,0.23378017060827486,-0.0003225191052769865,-0.008614766179715587,-0.06561608956103981,-0.06682560273267188,0,0
648.3999468665874,374.71408913910363,16.585544074897697,0.09055987067091104,0.0005846339424706949,0.012922149269573344,0.3,0,0,0.20944012932908895,-0.0005846339424706949,-0.012922149269573344,-0.08965516384722721,-0.09146943360467531,0,0
407.8990969411948,399.01729906632625,17.485436577305137,0.11996305239954894,0.0010121103979005555,0.01615268658696668,0.3,0,0,0.18003694760045105,-0.0010121103979005555,-0.01615268658696668,-0.11883466911285091,-0.12110250630966103,0,0
648.3999468665874,703.2691653992177,17.358129317117793,0.14838184936481208,0.001532413764457145,0.020460069676824486,0.3,0,0,0.1516181506351879,-0.001532413764457145,-0.020460069676824486,-0.14695585035329656,-0.1498284441359227,0,0
448.2028325964311,390.5444991736698,16.797948232360334,0.17029919156202267,0.002004518706007227,0.022613761221753376,0.3,0,0,0.12970080843797732,-0.002004518706007227,-0.022613761221753376,-0.1687270874426738,-0.17190205951820797,0,0
1411.3480414449798,1019.267059271828,17.263333182539768,0.19659803477630702,0.002656007282082861,0.026921144311611182,0.3,0,0,0.10340196522369297,-0.002656007282082861,-0.026921144311611182,-0.19473162063276334,-0.19851134929411351,0,0
276.5725757314533,512.8513118946122,16.951506510099684,0.21692469589216445,0.003236214779393994,0.030151681629004543,0.3,0,0,0.08307530410783553,-0.003236214779393994,-0.030151681629004543,-0.2148397771111465,-0.2190730732118587,0,0
1284.2268420173286,340.5824855543227,17.263333182539768,0.24019567593389066,0.003988254110693863,0.03445906471886235,0.3,0,0,0.05980432406610933,-0.003988254110693863,-0.03445906471886235,-0.2378205273721558,-0.24265858005868407,0,0
1284.2268420173286,1284.2268420173286,17.421651905480985,0.2578729513076591,0.004635757235888499,0.038766447808720184,0.3,0,0,0.04212704869234091,-0.004635757235888499,-0.038766447808720184,-0.2552072792143668,-0.2606500884867111,0,0
1093.1463157010076,276.5725757314533,17.326465780453077,0.2753969735019842,0.005334341700857154,0.0409201393536491,0.3,0,0,0.024603026498015768,-0.005334341700857154,-0.0409201393536491,-0.2725940310565778,-0.27833921862183014,0,0
769.566351540633,346.8640580657511,17.421651905480985,0.28823671959308805,0.005873889572376322,0.04307383089857801,0.3,0,0,0.011763280406911936,-0.005873889572376322,-0.04307383089857801,-0.28529391935871456,-0.2913414852168749,0,0
265.2554052777127,162.1258003695371,17.013365726712266,0.2957888103545394,0.006207536308506717,0.04522752244350692,0.3,0,0,0.004211189645460578,-0.006207536308506717,-0.04522752244350692,-0.292702187534961,-0.29905213168602934,0,0
1284.2268420173286,808.2350827585409,17.453511375747283,0.3018301920319424,0.0064809594910031805,0.04522752244350692,0.3,0,0,-0.0018301920319424014,-0.0064809594910031805,-0.04522752244350692,-0.2987497533931214,-0.3050996975441897,0,0
648.3999468665874,374.71408913910363,17.51742772173086,0.30439777924483863,0.006597164343564177,0.04522752244350692,0.3,0,0,-0.00439777924483864,-0.006597164343564177,-0.04522752244350692,-0.3013199688828395,-0.30766991303390784,0,0
1284.2268420173286,382.4520830402873,17.54948502152684,0.30439777924483863,0.006597164343564177,0.04522752244350692,0.3,0,0,-0.00439777924483864,-0.006597164343564177,-0.04522752244350692,-0.3013199688828395,-0.30766991303390784,0,0
648.3999468665874,602.1580731583105,17.453511375747283,0.30439777924483863,0.006597164343564177,0.04522752244350692,0.3,0,0,-0.00439777924483864,-0.006597164343564177,-0.04522752244350692,-0.3013199688828395,-0.30766991303390784,0,0
955.6520228707801,390.5444991736698,17.485436577305137,0.30439777924483863,0.006597164343564177,0.04522752244350692,0.3,0,0,-0.00439777924483864,-0.006597164343564177,-0.04522752244350692,-0.3013199688828395,-0.30766991303390784,0,0
544.8761250677193,254.878386734463,17.646055992159724,0.30439777924483863,0.006597164343564177,0.04522752244350692,0.3,0,0,-0.00439777924483864,-0.006597164343564177,-0.04522752244350692,-0.3013199688828395,-0.30766991303390784,0,0
581.6409617069837,302.6164596847404,17.29486713793426,0.30439777924483863,0.006597164343564177,0.04522752244350692,0.3,0,0,-0.00439777924483864,-0.006597164343564177,-0.04522752244350692,-0.3013199688828395,-0.30766991303390784,0,0
808.2350827585409,194.9110753588243,17.389857955850943,0.30439777924483863,0.006597164343564177,0.04522752244350692,0.3,0,0,-0.00439777924483864,-0.006597164343564177,-0.04522752244350692,-0.3013199688828395,-0.30766991303390784,0,0
399.01729906632625,213.60849807698625,17.169117382297486,0.30439777924483863,0.006597164343564177,0.04522752244350692,0.3,0,0,-0.00439777924483864,-0.006597164343564177,-0.04522752244350692,-0.3013199688828395,-0.30766991303390784,0,0
498.3296704628293,104.68049512451793,16.706552743931482,0.30439777924483863,0.006597164343564177,0.04522752244350692,0.3,0,0,-0.00439777924483864,-0.006597164343564177,-0.04522752244350692,-0.3013199688828395,-0.30766991303390784,0,0
1284.2268420173286,26.661827824936275,17.453511375747283,0.30439777924483863,0.006597164343564177,0.04522752244350692,0.3,0,0,-0.00439777924483864,-0.006597164343564177,-0.04522752244350692,-0.3013199688828395,-0.30766991303390784,0,0
1284.2268420173286,25.506895622634566,17.485436577305137,0.30439777924483863,0.006597164343564177,0.04522752244350692,0.3,0,0,-0.00439777924483864,-0.006597164343564177,-0.04522752244350692,-0.3013199688828395,-0.30766991303390784,0,0
459.67991945810627,25.456014597653017,17.613798941900477,0.30439777924483863,0.006597164343564177,0.04522752244350692,0.3,0,0,-0.00439777924483864,-0.006597164343564177,-0.04522752244350692,-0.3013199688828395,-0.30766991303390784,0,0
1284.2268420173286,29.81961893815634,17.646055992159724,0.30439777924483863,0.006597164343564177,0.04522752244350692,0.3,0,0,-0.00439777924483864,-0.006597164343564177,-0.04522752244350692,-0.3013199688828395,-0.30766991303390784,0,0
769.566351540633,27.154814473847836,17.710771354120418,0.30439777924483863,0.006597164343564177,0.04522752244350692,0.3,0,0,-0.00439777924483864,-0.006597164343564177,-0.04522752244350692,-0.3013199688828395,-0.30766991303390784,0,0
