FDist,LDist,RDist,XEst,YEst,ThetaEst,XDes,YDes,ThetaDes,XError,YError,ThetaError,SL,SR,RW,LW
34.06976434240545,43.76776822876407,69.47032576649053,0.0,0.0,0.0,0,0,0,0.0,0.0,0.0,0.0,0.0,0,0
33.99309161106534,43.88139400932728,69.7215507122142,0.0,0.0,0.0,0,0,0,0.0,0.0,0.0,0.0,0.0,0,0
33.092704166817725,42.985502974536416,68.72637072202204,0.0,0.0,0.0,0,0,0,0.0,0.0,0.0,0.0,0.0,0,0
33.91667609118619,43.654616942576325,71.00273031673345,0.0,0.0,0.0,0,0,0,0.0,0.0,0.0,0.0,0.0,0,0
34.37905456167617,43.654616942576325,69.7215507122142,0.0,0.0,0.0,0,0,0,0.0,0.0,0.0,0.0,0.0,0,0
31.737482110528177,42.5485367221777,64.98920973082122,0.0,0.0,0.0,0,0,0,0.0,0.0,0.0,0.0,0.0,0,0
33.99309161106534,43.42972555805186,71.00273031673345,0.0,0.0,0.0,0,0,0,0.0,0.0,0.0,0.0,0.0,0,0
30.461639058159932,42.118643758499466,66.34704544306035,0.0,0.0,0.0,0,0,0,0.0,0.0,0.0,0.0,0.0,0,0
34.1466956368953,43.88139400932728,31.530946491144263,0.0,0.0,0.0,0,0,0,0.0,0.0,0.0,0.0,0.0,0,0
34.30133937049984,43.654616942576325,71.527220004475,0.0,0.0,0.0,0,0,0,0.0,0.0,0.0,0.0,0.0,0,0
33.388857821495826,41.906294265999335,44.34070465302382,0.0,0.0,0.0,0,0,0,0.0,0.0,0.0,0.0,0.0,0,0
34.22388685589026,43.76776822876407,69.47032576649053,0.0,0.0,0.0,0,0,0,0.0,0.0,0.0,0.0,0.0,0,0
33.99309161106534,43.654616942576325,69.7215507122142,0.0,0.0,0.0,0,0,0,0.0,0.0,0.0,0.0,0.0,0,0
33.99309161106534,43.54193707016939,69.7215507122142,0.0,0.0,0.0,0,0,0,0.0,0.0,0.0,0.0,0.0,0,0
34.30133937049984,43.654616942576325,71.00273031673345,0.0,0.0,0.0,0,0,0,0.0,0.0,0.0,0.0,0.0,0,0
33.91667609118619,43.54193707016939,69.22073170815571,0.0,0.0,0.0,0,0,0,0.0,0.0,0.0,0.0,0.0,0,0
34.06976434240545,43.76776822876407,70.74309622023037,0.0,0.0,0.0,0,0,0,0.0,0.0,0.0,0.0,0.0,0,0
30.074083981884726,42.22546365252094,69.7215507122142,0.0,0.0,0.0,0,0,0,0.0,0.0,0.0,0.0,0.0,0,0
20.046470706490737,40.66722061663911,57.2411266723497,0.0,0.0,0.0,0,0,0,0.0,0.0,0.0,0.0,0.0,0,0
36.581988162777755,43.654616942576325,60.213094273732246,0.0,0.0,0.0,0,0,0,0.0,0.0,0.0,0.0,0.0,0,0
43.88139400932728,1411.3480414449798,20.931683493242176,0.0,0.0,0.0,0,0,0,0.0,0.0,0.0,0.0,0.0,0,0
46.63326386384414,1570.544100534677,68.48157158520587,0.0,0.0,0.0,0,0,0,0.0,0.0,0.0,0.0,0.0,0,0
76.28731360165042,528.3325926770696,19.457286087701,0.0,0.0,0.0,0,0,0,0.0,0.0,0.0,0.0,0.0,0,0
50.24476518910293,544.8761250677193,17.200458509512664,0.0,0.0,0.0,0,0,0,0.0,0.0,0.0,0.0,0.0,0,0
353.40072554933454,302.6164596847404,19.028900223129533,0.0,0.0,0.0,0,0,0,0.0,0.0,0.0,0.0,0.0,0,0
1019.267059271828,334.5408252723781,20.65731111090045,0.0,0.0,0.0,0,0,0,0.0,0.0,0.0,0.0,0.0,0,0
1284.2268420173286,703.2691653992177,20.89221469509625,0.0,0.0,0.0,0,0,0,0.0,0.0,0.0,0.0,0.0,0,0
448.2028325964311,297.9167592848756,19.786108976753717,0.0,0.0,0.0,0,0,0,0.0,0.0,0.0,0.0,0.0,0,0
276.5725757314533,528.3325926770696,21.05064198016546,0.0,0.0,0.0,0,0,0,0.0,0.0,0.0,0.0,0.0,0,0
1284.2268420173286,512.8513118946122,21.949127558551538,0.0,0.0,0.0,0.3,0,0,0.3,0.0,0.0,0.0,0.0,0,0
1284.2268420173286,624.3377665398167,21.99109567138421,0.0069547007368844045,0.0,0.0,0.3,0,0,0.29304529926311557,0.0,0.0,-0.0069547007368844045,-0.0069547007368844045,0,0
648.3999468665874,648.3999468665874,21.130411066922797,0.035302562971416984,7.631587338016652e-05,0.005384228862322251,0.3,0,0,0.264697437028583,-7.631587338016652e-05,-0.005384228862322251,-0.03492469283087603,-0.03568063856314607,0,0
1284.2268420173286,1411.3480414449798,22.202459096284322,0.06553927023105818,0.000336804480482577,0.01184530349710895,0.3,0,0,0.2344607297689418,-0.000336804480482577,-0.01184530349710895,-0.06470895468231576,-0.06637203529330986,0,0
1411.3480414449798,437.33222201576723,21.949127558551538,0.0955471446430614,0.000773072225484262,0.0172295323594312,0.3,0,0,0.20445285535693858,-0.000773072225484262,-0.0172295323594312,-0.09434202738730148,-0.09676105373056562,0,0
1284.2268420173286,602.1580731583105,22.28772229885734,0.12472054264044755,0.0013700452840617575,0.023690606994217895,0.3,0,0,0.17527945735955244,-0.0013700452840617575,-0.023690606994217895,-0.12306796521356314,-0.12639412643555134,0,0
1284.2268420173286,808.2350827585409,22.159982088780858,0.14731545418270375,0.001966298887706123,0.029074835856540145,0.3,0,0,0.15268454581729624,-0.001966298887706123,-0.029074835856540145,-0.14529276974230243,-0.1493748766965607,0,0
624.3377665398167,353.40072554933454,21.09047995583375,0.1743641907247102,0.0028404225260351924,0.035535910491326844,0.3,0,0,0.12563580927528978,-0.0028404225260351924,-0.035535910491326844,-0.17190205951820797,-0.1768913013511903,0,0
276.5725757314533,258.2405371440609,21.658147754059783,0.20050133807864684,0.003825987919585965,0.0398432935811846,0.3,0,0,0.09949866192135315,-0.003825987919585965,-0.0398432935811846,-0.19775540356184348,-0.20334940198064183,0,0
1284.2268420173286,1019.267059271828,22.202459096284322,0.225349457346595,0.004883550690266574,0.045227522443506876,0.3,0,0,0.07465054265340498,-0.004883550690266574,-0.045227522443506876,-0.2222480452873929,-0.2285979894384613,0,0
1284.2268420173286,624.3377665398167,22.28772229885734,0.2483805111472597,0.005963179305163693,0.048458059760900264,0.3,0,0,0.051619488852740286,-0.005963179305163693,-0.048458059760900264,-0.24507760640194823,-0.25188111799237867,0,0
1284.2268420173286,581.6409617069837,22.459496422942998,0.26506597190779774,0.006799374853526377,0.051688597078293624,0.3,0,0,0.03493402809220225,-0.006799374853526377,-0.051688597078293624,-0.2615572233654352,-0.26881430239522763,0,0
648.3999468665874,1411.3480414449798,21.371972721925673,0.28076775935760306,0.00762865639108382,0.05384228862322253,0.3,0,0,0.019232240642396925,-0.00762865639108382,-0.05384228862322253,-0.2771297054501981,-0.2846891627728986,0,0
648.3999468665874,417.22151175368833,21.823825552140526,0.29239177191980564,0.008267679683552085,0.05599598016815144,0.3,0,0,0.007608228080194346,-0.008267679683552085,-0.05599598016815144,-0.28862008058070276,-0.29648191619631126,0,0
265.2554052777127,382.4520830402873,21.90726008446299,0.30031652092273353,0.008716178561175885,0.0570728259406159,0.3,0,0,-0.00031652092273354304,-0.008716178561175885,-0.0570728259406159,-0.2964819161963112,-0.3044949409583737,0,0
1284.2268420173286,1180.1265773010464,22.37340035638271,0.3051469906134229,0.008986948509573238,0.054919134395687,0.3,0,0,-0.005146990613422886,-0.008986948509573238,-0.054919134395687,-0.3014711580292935,-0.30918180449844795,0,0
1284.2268420173286,512.8513118946122,22.245039036567718,0.30658124751113586,0.009063472436278001,0.051688597078293645,0.3,0,0,-0.006581247511135868,-0.009063472436278001,-0.051688597078293645,-0.30313423864028755,-0.31039131767008005,0,0
1284.2268420173286,1180.1265773010464,22.202459096284322,0.30658124751113586,0.009063472436278001,0.051688597078293645,0.3,0,0,-0.006581247511135868,-0.009063472436278001,-0.051688597078293645,-0.30313423864028755,-0.31039131767008005,0,0
1284.2268420173286,808.2350827585409,22.330509274381335,0.30658124751113586,0.009063472436278001,0.051688597078293645,0.3,0,0,-0.006581247511135868,-0.009063472436278001,-0.051688597078293645,-0.30313423864028755,-0.31039131767008005,0,0
1284.2268420173286,1411.3480414449798,22.37340035638271,0.30658124751113586,0.009063472436278001,0.051688597078293645,0.3,0,0,-0.006581247511135868,-0.009063472436278001,-0.051688597078293645,-0.30313423864028755,-0.31039131767008005,0,0
276.5725757314533,382.4520830402873,21.865492873548824,0.30658124751113586,0.009063472436278001,0.051688597078293645,0.3,0,0,-0.006581247511135868,-0.009063472436278001,-0.051688597078293645,-0.30313423864028755,-0.31039131767008005,0,0
1284.2268420173286,512.8513118946122,22.28772229885734,0.30658124751113586,0.009063472436278001,0.051688597078293645,0.3,0,0,-0.006581247511135868,-0.009063472436278001,-0.051688597078293645,-0.30313423864028755,-0.31039131767008005,0,0
1411.3480414449798,562.6000187683081,22.117607626819968,0.30658124751113586,0.009063472436278001,0.051688597078293645,0.3,0,0,-0.006581247511135868,-0.009063472436278001,-0.051688597078293645,-0.30313423864028755,-0.31039131767008005,0,0
1284.2268420173286,1180.1265773010464,22.159982088780858,0.30650575180691475,0.009059607446558784,0.05061175130582919,0.3,0,0,-0.006505751806914761,-0.009059607446558784,-0.05061175130582919,-0.30313423864028755,-0.31024012852362604,0,0
1284.2268420173286,1411.3480414449798,22.416395940132503,0.30650575180691475,0.009059607446558784,0.05061175130582919,0.3,0,0,-0.006505751806914761,-0.009059607446558784,-0.05061175130582919,-0.30313423864028755,-0.31024012852362604,0,0
1180.1265773010464,624.3377665398167,22.416395940132503,0.30650575180691475,0.009059607446558784,0.05061175130582919,0.3,0,0,-0.006505751806914761,-0.009059607446558784,-0.05061175130582919,-0.30313423864028755,-0.31024012852362604,0,0
