FDist,LDist,RDist,XEst,YEst,ThetaEst,XDes,YDes,ThetaDes,XError,YError,ThetaError,SL,SR,RW,LW
151.28683687310368,1570.544100534677,54.18923313555184,0.0,0.0,0.0,0,0,0,0.0,0.0,0.0,0.0,0.0,0,0
118.73212177360972,512.8513118946122,52.766140948375714,0.0,0.0,0.0,0,0,0,0.0,0.0,0.0,0.0,0.0,0,0
140.84502956740286,1570.544100534677,70.74309622023037,0.0,0.0,0.0,0,0,0,0.0,0.0,0.0,0.0,0.0,0,0
112.81620876492863,602.1580731583105,53.867377246779164,0.0,0.0,0.0,0,0,0,0.0,0.0,0.0,0.0,0.0,0,0
99.04654639912101,769.566351540633,60.01951173605402,0.0,0.0,0.0,0,0,0,0.0,0.0,0.0,0.0,0.0,0,0
122.29045980286173,484.6780696502813,49.40285364503735,0.0,0.0,0.0,0,0,0,0.0,0.0,0.0,0.0,0.0,0,0
118.73212177360972,1411.3480414449798,68.23833891011859,0.0,0.0,0.0,0,0,0,0.0,0.0,0.0,0.0,0.0,0,0
138.92864283985838,734.7683303247097,57.2411266723497,0.0,0.0,0.0,0,0,0,0.0,0.0,0.0,0.0,0.0,0,0
128.44498763419128,1411.3480414449798,61.397967211159504,0.0,0.0,0.0,0,0,0,0.0,0.0,0.0,0.0,0.0,0,0
128.44498763419128,1411.3480414449798,57.41934790708907,0.0,0.0,0.0,0,0,0,0.0,0.0,0.0,0.0,0.0,0,0
124.52854747504531,900.238757316699,63.043003529206196,0.0,0.0,0.0,0,0,0,0.0,0.0,0.0,0.0,0.0,0,0
130.08105893503551,1411.3480414449798,58.14195534124432,0.0,0.0,0.0,0,0,0,0.0,0.0,0.0,0.0,0.0,0,0
130.91477695173097,1284.2268420173286,55.174823329569996,0.0,0.0,0.0,0,0,0,0.0,0.0,0.0,0.0,0.0,0,0
97.6101426547749,734.7683303247097,70.2289601667081,0.0,0.0,0.0,0,0,0,0.0,0.0,0.0,0.0,0.0,0,0
98.56325615049124,648.3999468665874,57.95982861765,0.0,0.0,0.0,0,0,0,0.0,0.0,0.0,0.0,0.0,0,0
114.72272976706012,340.5824855543227,50.819497486764014,0.0,0.0,0.0,0,0,0,0.0,0.0,0.0,0.0,0.0,0,0
140.84502956740286,399.01729906632625,54.18923313555184,0.0,0.0,0.0,0,0,0,0.0,0.0,0.0,0.0,0.0,0,0
124.52854747504531,1570.544100534677,63.043003529206196,0.0,0.0,0.0,0,0,0,0.0,0.0,0.0,0.0,0.0,0,0
130.08105893503551,900.238757316699,59.255959637469736,0.0,0.0,0.0,0,0,0,0.0,0.0,0.0,0.0,0.0,0,0
135.24881572421333,1411.3480414449798,55.34207932623348,0.0,0.0,0.0,0,0,0,0.0,0.0,0.0,0.0,0.0,0,0
128.44498763419128,1411.3480414449798,55.00843338201938,0.0,0.0,0.0,0,0,0,0.0,0.0,0.0,0.0,0.0,0,0
120.13062066766372,734.7683303247097,65.43626790658098,0.0,0.0,0.0,0,0,0,0.0,0.0,0.0,0.0,0.0,0,0
140.84502956740286,562.6000187683081,49.68085184346885,0.0,0.0,0.0,0,0,0,0.0,0.0,0.0,0.0,0.0,0,0
119.42733126216413,40.76824443801301,60.01951173605402,0.0,0.0,0.0,0,0,0,0.0,0.0,0.0,0.0,0.0,0,0
139.88023555455067,35.7417900319635,76.88563626605912,0.0,0.0,0.0,0,0,0,0.0,0.0,0.0,0.0,0.0,0,0
134.3591943699604,34.06976434240545,72.32728403086773,0.0,0.0,0.0,0,0,0,0.0,0.0,0.0,0.0,0.0,0,0
136.15031850713706,32.583694610362,72.86976705815192,0.0,0.0,0.0,0,0,0,0.0,0.0,0.0,0.0,0.0,0,0
152.41788953728954,33.01927315595455,75.99135610686974,0.0,0.0,0.0,0,0,0,0.0,0.0,0.0,0.0,0.0,0,0
128.44498763419128,33.5384100204288,57.2411266723497,0.0,0.0,0.0,0,0,0,0.0,0.0,0.0,0.0,0.0,0,0
135.24881572421333,34.85094051287913,54.18923313555184,0.0,0.0,0.0,0,0,0,0.0,0.0,0.0,0.0,0.0,0,0
124.52854747504531,33.5384100204288,66.81098138696464,0.0,0.0,0.0,0,0,0,0.0,0.0,0.0,0.0,0.0,0,0
110.97077873540402,33.99309161106534,49.820833293006025,0.0,0.0,0.0,0,0,0,0.0,0.0,0.0,0.0,0.0,0,0
119.42733126216413,34.30133937049984,51.405375698086,0.0,0.0,0.0,0,0,0,0.0,0.0,0.0,0.0,0.0,0,0
134.3591943699604,34.85094051287913,56.0199058821893,0.0,0.0,0.0,0,0,0,0.0,0.0,0.0,0.0,0.0,0,0
123.77355272308415,34.85094051287913,80.33749690282312,0.0,0.0,0.0,0,0,0,0.0,0.0,0.0,0.0,0.0,0,0
141.82331249922515,36.411556150709906,71.00273031673345,0.0,0.0,0.0,0,0,0,0.0,0.0,0.0,0.0,0.0,0,0
116.69355260679126,36.326794512671405,48.9906970233985,0.0,0.0,0.0,0,0,0,0.0,0.0,0.0,0.0,0.0,0,0
123.77355272308415,38.26408367033017,77.18804967871625,0.0,0.0,0.0,0,0,0,0.0,0.0,0.0,0.0,0.0,0,0
128.44498763419128,42.985502974536416,71.00273031673345,0.0,0.0,0.0,0,0,0,0.0,0.0,0.0,0.0,0.0,0,0
134.3591943699604,47.14070323672423,54.67822383804812,0.0,0.0,0.0,0,0,0,0.0,0.0,0.0,0.0,0.0,0,0
119.42733126216413,46.50780728590231,59.067719529011335,0.0,0.0,0.0,0,0,0,0.0,0.0,0.0,0.0,0.0,0,0
159.58252707905322,49.264827372609226,78.419964244608,0.0,0.0,0.0,0,0,0,0.0,0.0,0.0,0.0,0.0,0,0
136.15031850713706,47.397845831374006,64.3287418393918,0.0,0.0,0.0,0,0,0,0.0,0.0,0.0,0.0,0.0,0,0
147.99350743133397,43.54193707016939,57.2411266723497,0.0,0.0,0.0,0.3,0,0,0.3,0.0,0.0,0.0,0.0,0,0
159.58252707905322,42.332717273451834,60.213094273732246,0.0023498536810170785,-3.8060548620754522e-06,-0.0032393944904136216,0.3,0,0,0.2976501463189829,3.8060548620754522e-06,0.0032393944904136216,-0.0025772622565730765,-0.002122451270119004,0,0
128.44498763419128,40.26705290654683,60.40777364647001,0.026833813002582124,-4.3462691005635624e-05,1.5178830414797062e-17,0.3,0,0,0.27316618699741785,4.3462691005635624e-05,-1.5178830414797062e-17,-0.026833848200790263,-0.026833848200790267,0,0
145.87739303694283,41.07371114311431,33.31445246435527,0.055865910073268785,-2.7788286933329773e-05,0.0010797981634712275,0.3,0,0,0.2441340899267312,2.7788286933329773e-05,-0.0010797981634712275,-0.05579014767169953,-0.05594175133385089,0,0
139.88023555455067,40.869665833746936,33.76461132687016,0.08588327768227391,6.945014844580699e-05,0.005398990817356052,0.3,0,0,0.21411672231772608,-6.945014844580699e-05,-0.005398990817356052,-0.08550446545336558,-0.08626248376412238,0,0
146.92774685951784,42.5485367221777,34.37905456167617,0.10915402943196095,0.00020765420579818425,0.00647878898082724,0.3,0,0,0.19084597056803904,-0.00020765420579818425,-0.00647878898082724,-0.10869982576252327,-0.10960944773543142,0,0
135.24881572421333,42.012254864281495,30.790100524402142,0.13727558655293717,0.00043540122778466404,0.009718183471240852,0.3,0,0,0.16272441344706282,-0.00043540122778466404,-0.009718183471240852,-0.13659489959837304,-0.13795933255773526,0,0
115.37236097408694,42.22546365252094,25.203635736394993,0.15970716026831314,-7.333898574213684e-05,-0.05506970633703157,0.3,0,0,0.14029283973168685,7.333898574213684e-05,0.05506970633703157,-0.16358035146131467,-0.15584856469159544,0,0
126.84939257625024,42.65710812266905,34.93053395250103,0.17628052822270146,-0.0019242539537134215,-0.1673687153380371,0.3,0,0,0.12371947177729853,0.0019242539537134215,0.1673687153380371,-0.18814014472983456,-0.16464157709637417,0,0
137.0639518589543,43.42972555805186,24.70878894042906,0.20053990172920036,-0.005753907001264269,-0.14577275206861295,0.3,0,0,0.09946009827079963,0.005753907001264269,0.14577275206861295,-0.2111839013768409,-0.19071740698640766,0,0
82.34399565000513,40.56659194626288,25.10361938144616,0.22461294118459374,-0.008732284587848662,-0.10042122920282229,0.3,0,0,0.07538705881540625,0.008732284587848662,0.10042122920282229,-0.2322568104158796,-0.21815766983580334,0,0
81.6648832554738,44.573289080576004,26.87940715229901,0.2398770259169716,-0.010679394094650796,-0.15333133921291142,0.3,0,0,0.060122974083028385,0.010679394094650796,0.15333133921291142,-0.2513588718469506,-0.22983115182145786,0,0
68.72637072202204,45.88875276428319,30.396551423726756,0.25664030301053337,-0.01285454400618898,-0.10474042185670712,0.3,0,0,0.04335969698946662,0.01285454400618898,0.10474042185670712,-0.26485159777842143,-0.25014604254973977,0,0
76.88563626605912,40.56659194626288,22.28772229885734,0.2734510068846597,-0.013617458142978168,0.014037376125125636,0.3,0,0,0.026548993115340314,0.013617458142978168,-0.014037376125125636,-0.27334140285889746,-0.2753122504668651,0,0
116.02925942608664,42.118643758499466,19.206024670629454,0.28435300812102693,-0.013075502166667582,0.08530405491422528,0.3,0,0,0.01564699187897306,0.013075502166667582,-0.08530405491422528,-0.27925394568280043,-0.2912306349927576,0,0
276.5725757314533,39.67832560006777,19.602617680935374,0.2915876016468212,-0.01229126172728463,0.13065557778001596,0.3,0,0,0.008412398353178807,0.01229126172728463,-0.13065557778001596,-0.28334724456088706,-0.30169128768120124,0,0
284.7075611688845,41.80075928277381,19.67576893443448,0.29563812647288606,-0.011701054696847383,0.15873033003026735,0.3,0,0,0.004361873527113924,0.011701054696847383,-0.15873033003026735,-0.28546969583100607,-0.30775543416725554,0,0
118.0448484665879,41.48668155431983,19.712466909449226,0.29638595776989124,-0.011577199496463436,0.16952831166497942,0.3,0,0,0.0036140422301087494,0.011577199496463436,-0.16952831166497942,-0.28546969583100607,-0.3092714707887691,0,0
168.8620920208621,43.09587104878454,20.65731111090045,0.29638595776989124,-0.011577199496463436,0.16952831166497942,0.3,0,0,0.0036140422301087494,0.011577199496463436,-0.16952831166497942,-0.28546969583100607,-0.3092714707887691,0,0
198.76603234393832,39.29331088815539,20.502503202851024,0.29638595776989124,-0.011577199496463436,0.16952831166497942,0.3,0,0,0.0036140422301087494,0.011577199496463436,-0.16952831166497942,-0.28546969583100607,-0.3092714707887691,0,0
204.85569342211394,37.72022963544492,20.541072037014736,0.29638595776989124,-0.011577199496463436,0.16952831166497942,0.3,0,0,0.0036140422301087494,0.011577199496463436,-0.16952831166497942,-0.28546969583100607,-0.3092714707887691,0,0
258.2405371440609,35.65938806674725,20.89221469509625,0.29638595776989124,-0.011577199496463436,0.16952831166497942,0.3,0,0,0.0036140422301087494,0.011577199496463436,-0.16952831166497942,-0.28546969583100607,-0.3092714707887691,0,0
427.0195773074906,39.87305607130267,18.958589644962572,0.2974332936120941,-0.011406063637729301,0.1544111373763825,0.3,0,0,0.0025667063879059038,0.011406063637729301,-0.1544111373763825,-0.2875921471011251,-0.3092714707887691,0,0
307.4777105974586,323.12240163650586,19.421153838355984,0.29938475551213745,-0.011130316023939171,0.12633638512613113,0.3,0,0,0.0006152444878625429,0.011130316023939171,-0.12633638512613113,-0.29153384231706037,-0.3092714707887691,0,0
184.22292190812155,437.33222201576723,20.23497444201862,0.3014945970708268,-0.010899300891843914,0.09178284389505251,0.3,0,0,-0.0014945970708268308,0.010899300891843914,-0.09178284389505251,-0.2960819521816011,-0.3089682634644664,0,0
80.01189902085736,198.76603234393832,19.06417053152061,0.3021753098269521,-0.010854029832691627,0.04103233021190579,0.3,0,0,-0.002175309826952132,0.010854029832691627,-0.04103233021190579,-0.3003268547218391,-0.3060877938835906,0,0
76.88563626605912,187.6483042942066,21.575898614386084,0.30384239015226316,-0.010810817511960766,0.010797981634712,0.3,0,0,-0.0038423901522631754,0.010810817511960766,-0.010797981634712,-0.3041169462756231,-0.30563298289713653,0,0
