FDist,LDist,RDist,XEst,YEst,ThetaEst,XDes,YDes,ThetaDes,XError,YError,ThetaError,SL,SR,RW,LW
106.88588226030939,1411.3480414449798,26.989108340162986,0.0,0.0,0.0,0,0,0,0.0,0.0,0.0,0.0,0.0,0,0
129.25786434407527,581.6409617069837,26.934181235571288,0.0,0.0,0.0,0,0,0,0.0,0.0,0.0,0.0,0.0,0,0
84.08878225753256,1411.3480414449798,26.023303163846677,0.0,0.0,0.0,0,0,0,0.0,0.0,0.0,0.0,0.0,0,0
104.1428794944386,1411.3480414449798,26.989108340162986,0.0,0.0,0.0,0,0,0,0.0,0.0,0.0,0.0,0.0,0,0
89.76495072901147,1411.3480414449798,26.28680469382479,0.0,0.0,0.0,0,0,0,0.0,0.0,0.0,0.0,0.0,0,0
74.54267433246892,427.0195773074906,26.446644470518727,0.0,0.0,0.0,0,0,0,0.0,0.0,0.0,0.0,0.0,0,0
90.57673222463723,1411.3480414449798,26.770315400455452,0.0,0.0,0.0,0,0,0,0.0,0.0,0.0,0.0,0.0,0,0
105.22351709380416,1411.3480414449798,27.154814473847836,0.0,0.0,0.0,0,0,0,0.0,0.0,0.0,0.0,0.0,0,0
100.52415418066585,1411.3480414449798,27.210360375618606,0.0,0.0,0.0,0,0,0,0.0,0.0,0.0,0.0,0.0,0,0
106.88588226030939,1411.3480414449798,26.87940715229901,0.0,0.0,0.0,0,0,0,0.0,0.0,0.0,0.0,0.0,0,0
108.02276929750369,1411.3480414449798,26.87940715229901,0.0,0.0,0.0,0,0,0,0.0,0.0,0.0,0.0,0.0,0,0
99.04654639912101,512.8513118946122,27.26606267467261,0.0,0.0,0.0,0,0,0,0.0,0.0,0.0,0.0,0.0,0,0
95.30295822324965,1411.3480414449798,26.87940715229901,0.0,0.0,0.0,1.0,0,0,1.0,0.0,0.0,0.0,0.0,0,0
82.68751571021457,624.3377665398167,26.28680469382479,0.005007237661599867,5.369787998422669e-06,0.002144809694611027,1.0,0,0,0.9949927623384002,-5.369787998422669e-06,-0.002144809694611027,-0.004855505979048225,-0.005158975102738739,0,0
89.36420701132127,851.4899528953961,30.202480579810853,0.0265533472089085,9.779496417567911e-05,0.006434429083833068,1.0,0,0,0.9734466527910915,-9.779496417567911e-05,-0.006434429083833068,-0.026098344637384207,-0.027008752008455747,0,0
91.82083615681199,407.8990969411948,41.279376340133794,0.048781051283365406,0.00034809506778915404,0.01608607270958265,1.0,0,0,0.9512189487166346,-0.00034809506778915404,-0.01608607270958265,-0.04764465241941071,-0.04992067084708955,0,0
100.52415418066585,734.7683303247097,69.47032576649053,0.07085309514417673,0.0008334116762764118,0.027882526029943275,1.0,0,0,0.9291469048558233,-0.0008334116762764118,-0.027882526029943275,-0.0688874910777467,-0.07283258968572336,0,0
110.97077873540402,284.7075611688845,48.9906970233985,0.09284165280558813,0.0015882883735322331,0.0407513841976094,1.0,0,0,0.9071583471944119,-0.0015882883735322331,-0.0407513841976094,-0.08997859517423742,-0.09574450852435716,0,0
145.87739303694283,703.2691653992177,29.31979943667244,0.11474452806429418,0.0025872520368790744,0.05040302782335901,1.0,0,0,0.8852554719357059,-0.0025872520368790744,-0.05040302782335901,-0.11122143383257341,-0.11835295823930045,0,0
225.71785045590883,146.92774685951784,46.63326386384414,0.13655491550590773,0.0038986446082742224,0.06970631507485825,1.0,0,0,0.8634450844940923,-0.0038986446082742224,-0.06970631507485825,-0.1317055996816831,-0.14156834620162478,0,0
399.01729906632625,353.40072554933454,32.369070457727666,0.15749947157867655,0.005620779715938828,0.09437162656288506,1.0,0,0,0.8425005284213234,-0.005620779715938828,-0.09437162656288506,-0.15097588903603074,-0.16432853047841334,0,0
528.3325926770696,230.97580043058096,28.06270908445,0.17816042147375818,0.007912267703101895,0.12654377198205044,1.0,0,0,0.8218395785262418,-0.007912267703101895,-0.12654377198205044,-0.16948750558115208,-0.1873921838788924,0,0
245.3252030939217,512.8513118946122,27.377939217964773,0.19835363579166232,0.010867389690340042,0.1640779416377434,1.0,0,0,0.8016463642083377,-0.010867389690340042,-0.1640779416377434,-0.18724044931704714,-0.21045583727937145,0,0
624.3377665398167,51.852303182374264,23.435077391437254,0.21841774451406668,0.014599706882622045,0.20375692098804737,1.0,0,0,0.7815822554859333,-0.014599706882622045,-0.20375692098804737,-0.20484165849109695,-0.23367122524169578,0,0
624.3377665398167,180.92431015592842,23.572306256804332,0.2377355484661793,0.018948996597291955,0.23914628094912932,1.0,0,0,0.7622644515338207,-0.018948996597291955,-0.23914628094912932,-0.22213939854145626,-0.25597620583294856,0,0
624.3377665398167,1411.3480414449798,32.369070457727666,0.25740378739319536,0.024103425718071506,0.27346323606290573,1.0,0,0,0.7425962126068046,-0.024103425718071506,-0.27346323606290573,-0.2400440768391966,-0.2787363901097371,0,0
1019.267059271828,1411.3480414449798,36.411556150709906,0.2770984924091001,0.030005421706254105,0.3088525960239876,1.0,0,0,0.7229015075908999,-0.030005421706254105,-0.3088525960239876,-0.2581004896987822,-0.30180004351021616,0,0
1284.2268420173286,1411.3480414449798,42.332717273451834,0.29249556831597234,0.03515563526970143,0.33673512205393097,1.0,0,0,0.7075044316840277,-0.03515563526970143,-0.33673512205393097,-0.2723635385122363,-0.320008190931647,0,0
1284.2268420173286,31.737482110528177,51.25784283159802,0.31058596908064817,0.04179502168515427,0.3667624577784853,1.0,0,0,0.6894140309193518,-0.04179502168515427,-0.3667624577784853,-0.28950954400075035,-0.34140276415182824,0,0
544.8761250677193,27.546944329386996,164.75326598182954,0.3309198959497653,0.04999656367922593,0.4000070080449562,1.0,0,0,0.6690801040502348,-0.04999656367922593,-0.4000070080449562,-0.3090833024787885,-0.36568029404706937,0,0
900.238757316699,288.9697116820819,198.76603234393832,0.3513120253509917,0.05903388726864115,0.4343239631587326,1.0,0,0,0.6486879746490083,-0.05903388726864115,-0.4343239631587326,-0.3289605300805172,-0.39041302762784624,0,0
69.22073170815571,185.91929651913173,119.42733126216413,0.37138207594027267,0.0687655484074122,0.46864091827250903,1.0,0,0,0.6286179240597274,-0.0687655484074122,-0.46864091827250903,-0.34883775768224584,-0.4151457612086231,0,0
143.82153882231913,471.8179059817352,54.351395854975586,0.39110641447357813,0.07918008769629703,0.5029578733862854,1.0,0,0,0.6088935855264219,-0.07918008769629703,-0.5029578733862854,-0.3687149852839745,-0.4398784947894,0,0
102.04483787812359,1411.3480414449798,75.69750294678715,0.41039005365911463,0.0902378785392068,0.5383472333473673,1.0,0,0,0.5896099463408854,-0.0902378785392068,-0.5383472333473673,-0.3884404783238579,-0.4646112283701769,0,0
118.73212177360972,581.6409617069837,52.611946269889565,0.42935372405416655,0.1019805939118961,0.5705193787665327,1.0,0,0,0.5706462759458335,-0.1019805939118961,-0.5705193787665327,-0.40846944048743183,-0.4891922273891085,0,0
1093.1463157010076,1411.3480414449798,44.45675008456414,0.4479166067017039,0.11434714343025079,0.6048363338803091,1.0,0,0,0.552083393298296,-0.11434714343025079,-0.6048363338803091,-0.4283466680891605,-0.5139249609698854,0,0
65.6618596686084,211.34777997197892,211.34777997197892,0.4660442610671116,0.12734330849477957,0.6391532889940855,1.0,0,0,0.5339557389328884,-0.12734330849477957,-0.6391532889940855,-0.44822389569088916,-0.5386576945506623,0,0
140.84502956740286,35.495445821510074,198.76603234393832,0.48378276711051915,0.14099057030165688,0.6723978392605564,1.0,0,0,0.5162172328894808,-0.14099057030165688,-0.6723978392605564,-0.4682528578544631,-0.5633904281314391,0,0
47.26898596692454,26.934181235571288,674.6059938250444,0.5010578582424151,0.1552198913628371,0.7056423895270273,1.0,0,0,0.4989421417575849,-0.1552198913628371,-0.7056423895270273,-0.488281820018037,-0.588123161712216,0,0
63.043003529206196,26.60780897647566,407.8990969411948,0.5178504437883142,0.17001554687927564,0.7388869397934982,1.0,0,0,0.48214955621168576,-0.17001554687927564,-0.7388869397934982,-0.508310782181611,-0.6128558952929929,0,0
126.84939257625024,25.25384320516452,284.7075611688845,0.5341584136566372,0.18534370626816932,0.769986680365358,1.0,0,0,0.4658415863433628,-0.18534370626816932,-0.769986680365358,-0.5284914789070302,-0.6374368943119245,0,0
284.7075611688845,25.506895622634566,562.6000187683081,0.5500269936033988,0.201233710231058,0.8021588257845234,1.0,0,0,0.4499730063966012,-0.201233710231058,-0.8021588257845234,-0.5486721756324494,-0.6621696278927014,0,0
