FDist,LDist,RDist,XEst,YEst,ThetaEst,XDes,YDes,ThetaDes,XError,YError,ThetaError,SL,SR,RW,LW
1284.2268420173286,40.36651046494504,18.57727846314466,0.0,0.0,0.0,0,0,0,0.0,0.0,0.0,0.0,0.0,0,0
1284.2268420173286,448.2028325964311,18.03843055896276,0.0,0.0,0.0,0,0,0,0.0,0.0,0.0,0.0,0.0,0,0
1180.1265773010464,448.2028325964311,18.238356668915443,0.0,0.0,0.0,0,0,0,0.0,0.0,0.0,0.0,0.0,0,0
528.3325926770696,1284.2268420173286,18.958589644962572,0.0,0.0,0.0,0,0,0,0.0,0.0,0.0,0.0,0.0,0,0
417.22151175368833,437.33222201576723,17.678380057162876,0.0,0.0,0.0,0,0,0,0.0,0.0,0.0,0.0,0.0,0,0
459.67991945810627,437.33222201576723,18.9235488562729,0.0,0.0,0.0,0,0,0,0.0,0.0,0.0,0.0,0.0,0,0
512.8513118946122,293.3703955349555,18.373059168895537,0.0,0.0,0.0,0,0,0,0.0,0.0,0.0,0.0,0.0,0,0
769.566351540633,302.6164596847404,19.134942493208065,0.0,0.0,0.0,0,0,0,0.0,0.0,0.0,0.0,0.0,0,0
674.6059938250444,512.8513118946122,19.028900223129533,0.0,0.0,0.0,0,0,0,0.0,0.0,0.0,0.0,0.0,0,0
261.6981137825328,340.5824855543227,18.714890970363626,0.0,0.0,0.0,0,0,0,0.0,0.0,0.0,0.0,0.0,0,0
261.6981137825328,703.2691653992177,19.897191673617044,0.0,0.0,0.0,0,0,0,0.0,0.0,0.0,0.0,0.0,0,0
459.67991945810627,851.4899528953961,19.786108976753717,0.0,0.0,0.0,0,0,0,0.0,0.0,0.0,0.0,0.0,0,0
471.8179059817352,340.5824855543227,20.387324852120102,0.0,0.0,0.0,0,0,0,0.0,0.0,0.0,0.0,0.0,0,0
399.01729906632625,390.5444991736698,20.579729421340247,0.0,0.0,0.0,0,0,0,0.0,0.0,0.0,0.0,0.0,0,0
353.40072554933454,367.3069052663625,20.121616418144527,0.0,0.0,0.0,0,0,0,0.0,0.0,0.0,0.0,0.0,0,0
288.9697116820819,512.8513118946122,19.786108976753717,0.0,0.0,0.0,0,0,0,0.0,0.0,0.0,0.0,0.0,0,0
674.6059938250444,1284.2268420173286,19.97166324722388,0.0,0.0,0.0,0,0,0,0.0,0.0,0.0,0.0,0.0,0,0
223.1819809443389,528.3325926770696,20.197102771620948,0.0,0.0,0.0,0,0,0,0.0,0.0,0.0,0.0,0.0,0,0
353.40072554933454,1019.267059271828,20.121616418144527,0.0,0.0,0.0,0,0,0,0.0,0.0,0.0,0.0,0.0,0,0
1284.2268420173286,340.5824855543227,20.387324852120102,0.0,0.0,0.0,0,0,0,0.0,0.0,0.0,0.0,0.0,0,0
448.2028325964311,284.7075611688845,20.618475673047115,0.0,0.0,0.0,0,0,0,0.0,0.0,0.0,0.0,0.0,0,0
648.3999468665874,390.5444991736698,20.931683493242176,0.0,0.0,0.0,0,0,0,0.0,0.0,0.0,0.0,0.0,0,0
769.566351540633,703.2691653992177,20.89221469509625,0.0,0.0,0.0,0.3,0,0,0.3,0.0,0.0,0.0,0.0,0,0
261.6981137825328,334.5408252723781,21.09047995583375,0.002343431430357642,1.2617572363479463e-06,0.0010768457724644484,0.3,0,0,0.29765656856964234,-1.2617572363479463e-06,-0.0010768457724644484,-0.002267837196810132,-0.0024190263432641405,0,0
648.3999468665874,602.1580731583105,21.130411066922797,0.029481564589144624,0.0001327689144218826,0.00861476617971559,0.3,0,0,0.27051843541085535,-0.0001327689144218826,-0.00861476617971559,-0.028877126972715682,-0.03008664014434775,0,0
312.50933522689996,297.9167592848756,20.618475673047115,0.05933871594571109,0.0005346875290600173,0.018306378131895625,0.3,0,0,0.24066128405428888,-0.0005346875290600173,-0.018306378131895625,-0.05805663223833938,-0.06062684772805753,0,0
562.6000187683081,624.3377665398167,21.130411066922797,0.08934314527440161,0.0011648279352415893,0.023690606994217878,0.3,0,0,0.21065685472559836,-0.0011648279352415893,-0.023690606994217878,-0.0876897049433251,-0.09101586616531329,0,0
399.01729906632625,512.8513118946122,20.931683493242176,0.11866560922069644,0.0018596248932995843,0.023690606994217878,0.3,0,0,0.18133439077930355,-0.0018596248932995843,-0.023690606994217878,-0.11702039935540282,-0.120346560577391,0,0
157.11931592309642,437.33222201576723,20.931683493242176,0.1470044978262299,0.002576918406259147,0.026921144311611238,0.3,0,0,0.1529955021737701,-0.002576918406259147,-0.026921144311611238,-0.14514158059584845,-0.14892130925719865,0,0
448.2028325964311,220.70517709223105,20.931683493242176,0.16907011478718023,0.0031710936141589583,0.026921144311611238,0.3,0,0,0.13092988521281976,-0.0031710936141589583,-0.026921144311611238,-0.16721519597813372,-0.17099492463948393,0,0
459.67991945810627,427.0195773074906,20.696236055220425,0.1954418795806161,0.003923853527027307,0.030151681629004598,0.3,0,0,0.1045581204193839,-0.003923853527027307,-0.030151681629004598,-0.19337091831467723,-0.19760421441538947,0,0
265.2554052777127,528.3325926770696,20.579729421340247,0.22075413634559043,0.004700933320605308,0.03122852740146902,0.3,0,0,0.07924586365440955,-0.004700933320605308,-0.03122852740146902,-0.2186195057724967,-0.22300399101966295,0,0
448.2028325964311,602.1580731583105,20.121616418144527,0.24009816801015985,0.005263516400791561,0.026921144311611214,0.3,0,0,0.05990183198984014,-0.005263516400791561,-0.026921144311611214,-0.23827409481151784,-0.24205382347286805,0,0
459.67991945810627,512.8513118946122,19.67576893443448,0.26148515312668136,0.00578180372568304,0.021536915449288964,0.3,0,0,0.03851484687331863,-0.00578180372568304,-0.021536915449288964,-0.2600453319008951,-0.26306911482997525,0,0
276.5725757314533,437.33222201576723,19.93438562175379,0.2759211529304684,0.0060538794773511186,0.01615268658696671,0.3,0,0,0.02407884706953156,-0.0060538794773511186,-0.01615268658696671,-0.274861868253388,-0.27712970545019805,0,0
769.566351540633,261.6981137825328,20.735250827891868,0.28877132881445583,0.006206100830209096,0.0075379204072510975,0.3,0,0,0.011228671185544159,-0.006206100830209096,-0.0075379204072510975,-0.28831770228779474,-0.28937602631297277,0,0
213.60849807698625,239.3652489782259,19.241682753275676,0.29776707129309293,0.006220631383733734,-0.004307383089857852,0.3,0,0,0.002232928706907056,-0.006220631383733734,0.004307383089857852,-0.29814499680730533,-0.2975402402214892,0,0
399.01729906632625,367.3069052663625,20.121616418144527,0.3032093472554125,0.0061444400123331485,-0.02369060699421795,0.3,0,0,-0.003209347255412498,-0.0061444400123331485,0.02369060699421795,-0.30494850839773574,-0.3016223471757475,0,0
328.72509627198025,382.4520830402873,20.774355752373964,0.305702793444201,0.006067891853562778,-0.037689602036255807,0.3,0,0,-0.005702793444200993,-0.006067891853562778,0.037689602036255807,-0.30842585876617795,-0.30313423864028755,0,0
459.67991945810627,317.7208243859324,20.65731111090045,0.305702793444201,0.006067891853562778,-0.037689602036255807,0.3,0,0,-0.005702793444200993,-0.006067891853562778,0.037689602036255807,-0.30842585876617795,-0.30313423864028755,0,0
769.566351540633,624.3377665398167,20.65731111090045,0.305702793444201,0.006067891853562778,-0.037689602036255807,0.3,0,0,-0.005702793444200993,-0.006067891853562778,0.037689602036255807,-0.30842585876617795,-0.30313423864028755,0,0
233.7026839645806,367.3069052663625,20.23497444201862,0.305702793444201,0.006067891853562778,-0.037689602036255807,0.3,0,0,-0.005702793444200993,-0.006067891853562778,0.037689602036255807,-0.30842585876617795,-0.30313423864028755,0,0
399.01729906632625,302.6164596847404,20.121616418144527,0.305702793444201,0.006067891853562778,-0.037689602036255807,0.3,0,0,-0.005702793444200993,-0.006067891853562778,0.037689602036255807,-0.30842585876617795,-0.30313423864028755,0,0
284.7075611688845,562.6000187683081,20.197102771620948,0.305702793444201,0.006067891853562778,-0.037689602036255807,0.3,0,0,-0.005702793444200993,-0.006067891853562778,0.037689602036255807,-0.30842585876617795,-0.30313423864028755,0,0
353.40072554933454,1411.3480414449798,20.774355752373964,0.305702793444201,0.006067891853562778,-0.037689602036255807,0.3,0,0,-0.005702793444200993,-0.006067891853562778,0.037689602036255807,-0.30842585876617795,-0.30313423864028755,0,0
448.2028325964311,323.12240163650586,20.121616418144527,0.3056272510331712,0.006070699635103406,-0.03661275626379135,0.3,0,0,-0.005627251033171188,-0.006070699635103406,0.03661275626379135,-0.30827466961972394,-0.30313423864028755,0,0
734.7683303247097,390.5444991736698,20.774355752373964,0.3056272510331712,0.006070699635103406,-0.03661275626379135,0.3,0,0,-0.005627251033171188,-0.006070699635103406,0.03661275626379135,-0.30827466961972394,-0.30313423864028755,0,0
624.3377665398167,399.01729906632625,20.735250827891868,0.3056272510331712,0.006070699635103406,-0.03661275626379135,0.3,0,0,-0.005627251033171188,-0.006070699635103406,0.03661275626379135,-0.30827466961972394,-0.30313423864028755,0,0
390.5444991736698,307.4777105974586,19.67576893443448,0.3056272510331712,0.006070699635103406,-0.03661275626379135,0.3,0,0,-0.005627251033171188,-0.006070699635103406,0.03661275626379135,-0.30827466961972394,-0.30313423864028755,0,0
769.566351540633,498.3296704628293,20.696236055220425,0.3056272510331712,0.006070699635103406,-0.03661275626379135,0.3,0,0,-0.005627251033171188,-0.006070699635103406,0.03661275626379135,-0.30827466961972394,-0.30313423864028755,0,0
648.3999468665874,340.5824855543227,20.89221469509625,0.3056272510331712,0.006070699635103406,-0.03661275626379135,0.3,0,0,-0.005627251033171188,-0.006070699635103406,0.03661275626379135,-0.30827466961972394,-0.30313423864028755,0,0
448.2028325964311,448.2028325964311,20.502503202851024,0.3056272510331712,0.006070699635103406,-0.03661275626379135,0.3,0,0,-0.005627251033171188,-0.006070699635103406,0.03661275626379135,-0.30827466961972394,-0.30313423864028755,0,0
407.8990969411948,734.7683303247097,20.931683493242176,0.30555170564239365,0.00607342606750585,-0.0355359104913269,0.3,0,0,-0.005551705642393656,-0.00607342606750585,0.0355359104913269,-0.30812348047326993,-0.30313423864028755,0,0
254.878386734463,254.878386734463,20.15931686442059,0.30555170564239365,0.00607342606750585,-0.0355359104913269,0.3,0,0,-0.005551705642393656,-0.00607342606750585,0.0355359104913269,-0.30812348047326993,-0.30313423864028755,0,0
448.2028325964311,284.7075611688845,20.735250827891868,0.30555170564239365,0.00607342606750585,-0.0355359104913269,0.3,0,0,-0.005551705642393656,-0.00607342606750585,0.0355359104913269,-0.30812348047326993,-0.30313423864028755,0,0
448.2028325964311,427.0195773074906,20.89221469509625,0.30555170564239365,0.00607342606750585,-0.0355359104913269,0.3,0,0,-0.005551705642393656,-0.00607342606750585,0.0355359104913269,-0.30812348047326993,-0.30313423864028755,0,0
276.5725757314533,196.81893899271049,19.97166324722388,0.30555170564239365,0.00607342606750585,-0.0355359104913269,0.3,0,0,-0.005551705642393656,-0.00607342606750585,0.0355359104913269,-0.30812348047326993,-0.30313423864028755,0,0
