FDist,LDist,RDist,XEst,YEst,ThetaEst,XDes,YDes,ThetaDes,XError,YError,ThetaError,SL,SR,RW,LW
1411.3480414449798,101.02616679983112,97.14019014961423,0.0,0.0,0.0,0,0,0,0.0,0.0,0.0,0.0,0.0,0,0
1284.2268420173286,97.6101426547749,96.67455639633857,0.0,0.0,0.0,0,0,0,0.0,0.0,0.0,0.0,0.0,0,0
1284.2268420173286,97.14019014961423,97.6101426547749,0.0,0.0,0.0,0,0,0,0.0,0.0,0.0,0.0,0.0,0,0
1284.2268420173286,99.04654639912101,97.14019014961423,0.0,0.0,0.0,0,0,0,0.0,0.0,0.0,0.0,0.0,0,0
1180.1265773010464,97.6101426547749,97.6101426547749,0.0,0.0,0.0,0,0,0,0.0,0.0,0.0,0.0,0.0,0,0
1284.2268420173286,100.52415418066585,97.14019014961423,0.0,0.0,0.0,0,0,0,0.0,0.0,0.0,0.0,0.0,0,0
1284.2268420173286,87.79450977305973,92.2427776670329,0.0,0.0,0.0,0,0,0,0.0,0.0,0.0,0.0,0.0,0,0
1284.2268420173286,98.08447665807216,97.14019014961423,0.0,0.0,0.0,0,0,0,0.0,0.0,0.0,0.0,0.0,0,0
1284.2268420173286,96.67455639633857,96.67455639633857,0.0,0.0,0.0,0,0,0,0.0,0.0,0.0,0.0,0.0,0,0
624.3377665398167,90.57673222463723,28.771556813350443,0.0,0.0,0.0,0,0,0,0.0,0.0,0.0,0.0,0.0,0,0
1284.2268420173286,101.02616679983112,52.153917529280825,0.0,0.0,0.0,0,0,0,0.0,0.0,0.0,0.0,0.0,0,0
1284.2268420173286,100.52415418066585,76.88563626605912,7.586727001621252e-05,4.0680217957309024e-08,0.001072404847305513,0,0,0,-7.586727001621252e-05,-4.0680217957309024e-08,-0.001072404847305513,0.0,-0.00015173456184525703,0,0
159.58252707905322,92.2427776670329,67.51788505098841,7.586727001621252e-05,4.0680217957309024e-08,0.001072404847305513,0,0,0,-7.586727001621252e-05,-4.0680217957309024e-08,-0.001072404847305513,0.0,-0.00015173456184525703,0,0
1284.2268420173286,90.16911060094986,86.2760268879407,7.586727001621252e-05,4.0680217957309024e-08,0.001072404847305513,0,0,0,-7.586727001621252e-05,-4.0680217957309024e-08,-0.001072404847305513,0.0,-0.00015173456184525703,0,0
624.3377665398167,86.65098914560704,67.28076465107131,7.586727001621252e-05,4.0680217957309024e-08,0.001072404847305513,0,0,0,-7.586727001621252e-05,-4.0680217957309024e-08,-0.001072404847305513,0.0,-0.00015173456184525703,0,0
1411.3480414449798,93.09781934285294,76.88563626605912,7.586727001621252e-05,4.0680217957309024e-08,0.001072404847305513,0,0,0,-7.586727001621252e-05,-4.0680217957309024e-08,-0.001072404847305513,0.0,-0.00015173456184525703,0,0
1284.2268420173286,88.96683466233691,88.5727896902875,7.586727001621252e-05,4.0680217957309024e-08,0.001072404847305513,0,0,0,-7.586727001621252e-05,-4.0680217957309024e-08,-0.001072404847305513,0.0,-0.00015173456184525703,0,0
1411.3480414449798,90.16911060094986,80.01189902085736,7.586727001621252e-05,4.0680217957309024e-08,0.001072404847305513,0,0,0,-7.586727001621252e-05,-4.0680217957309024e-08,-0.001072404847305513,0.0,-0.00015173456184525703,0,0
1284.2268420173286,91.82083615681199,73.9772983740448,7.586727001621252e-05,4.0680217957309024e-08,0.001072404847305513,0,0,0,-7.586727001621252e-05,-4.0680217957309024e-08,-0.001072404847305513,0.0,-0.00015173456184525703,0,0
251.60762066022812,96.67455639633857,80.66556470717478,7.586727001621252e-05,4.0680217957309024e-08,0.001072404847305513,0,0,0,-7.586727001621252e-05,-4.0680217957309024e-08,-0.001072404847305513,0.0,-0.00015173456184525703,0,0
1284.2268420173286,97.6101426547749,64.767717284378,7.586727001621252e-05,4.0680217957309024e-08,0.001072404847305513,0,0,0,-7.586727001621252e-05,-4.0680217957309024e-08,-0.001072404847305513,0.0,-0.00015173456184525703,0,0
1284.2268420173286,94.40905615911757,77.18804967871625,7.586727001621252e-05,4.0680217957309024e-08,0.001072404847305513,0,0,0,-7.586727001621252e-05,-4.0680217957309024e-08,-0.001072404847305513,0.0,-0.00015173456184525703,0,0
215.92040254306553,85.90410486184942,63.254114597104426,7.586727001621252e-05,4.0680217957309024e-08,0.001072404847305513,0,0,0,-7.586727001621252e-05,-4.0680217957309024e-08,-0.001072404847305513,0.0,-0.00015173456184525703,0,0
1284.2268420173286,94.8539958627646,72.59760196071355,7.586727001621252e-05,4.0680217957309024e-08,0.001072404847305513,0,0,0,-7.586727001621252e-05,-4.0680217957309024e-08,-0.001072404847305513,0.0,-0.00015173456184525703,0,0
251.60762066022812,91.82083615681199,70.48517871055273,7.586727001621252e-05,4.0680217957309024e-08,0.001072404847305513,0,0,0,-7.586727001621252e-05,-4.0680217957309024e-08,-0.001072404847305513,0.0,-0.00015173456184525703,0,0
1284.2268420173286,93.09781934285294,77.18804967871625,7.586727001621252e-05,4.0680217957309024e-08,0.001072404847305513,0,0,0,-7.586727001621252e-05,-4.0680217957309024e-08,-0.001072404847305513,0.0,-0.00015173456184525703,0,0
215.92040254306553,79.36799805452281,61.599435781669065,7.586727001621252e-05,4.0680217957309024e-08,0.001072404847305513,0,0,0,-7.586727001621252e-05,-4.0680217957309024e-08,-0.001072404847305513,0.0,-0.00015173456184525703,0,0
1284.2268420173286,97.14019014961423,76.58539900875073,7.586727001621252e-05,4.0680217957309024e-08,0.001072404847305513,0,0,0,-7.586727001621252e-05,-4.0680217957309024e-08,-0.001072404847305513,0.0,-0.00015173456184525703,0,0
251.60762066022812,90.57673222463723,68.48157158520587,7.586727001621252e-05,4.0680217957309024e-08,0.001072404847305513,0,0,0,-7.586727001621252e-05,-4.0680217957309024e-08,-0.001072404847305513,0.0,-0.00015173456184525703,0,0
624.3377665398167,96.67455639633857,72.32728403086773,7.586727001621252e-05,4.0680217957309024e-08,0.001072404847305513,0,0,0,-7.586727001621252e-05,-4.0680217957309024e-08,-0.001072404847305513,0.0,-0.00015173456184525703,0,0
302.6164596847404,91.82083615681199,72.05879380612686,7.586727001621252e-05,4.0680217957309024e-08,0.001072404847305513,0,0,0,-7.586727001621252e-05,-4.0680217957309024e-08,-0.001072404847305513,0.0,-0.00015173456184525703,0,0
144.84210166738234,97.6101426547749,76.58539900875073,7.586727001621252e-05,4.0680217957309024e-08,0.001072404847305513,0,0,0,-7.586727001621252e-05,-4.0680217957309024e-08,-0.001072404847305513,0.0,-0.00015173456184525703,0,0
1284.2268420173286,95.30295822324965,67.99665713203012,7.586727001621252e-05,4.0680217957309024e-08,0.001072404847305513,0,0,0,-7.586727001621252e-05,-4.0680217957309024e-08,-0.001072404847305513,0.0,-0.00015173456184525703,0,0
228.31501027837746,88.96683466233691,65.88884418534775,7.586727001621252e-05,4.0680217957309024e-08,0.001072404847305513,0,0,0,-7.586727001621252e-05,-4.0680217957309024e-08,-0.001072404847305513,0.0,-0.00015173456184525703,0,0
1284.2268420173286,95.30295822324965,66.5782896093539,7.586727001621252e-05,4.0680217957309024e-08,0.001072404847305513,0,0,0,-7.586727001621252e-05,-4.0680217957309024e-08,-0.001072404847305513,0.0,-0.00015173456184525703,0,0
1284.2268420173286,98.56325615049124,67.04513494735056,7.586727001621252e-05,4.0680217957309024e-08,0.001072404847305513,0,0,0,-7.586727001621252e-05,-4.0680217957309024e-08,-0.001072404847305513,0.0,-0.00015173456184525703,0,0
1284.2268420173286,97.6101426547749,76.28731360165042,7.586727001621252e-05,4.0680217957309024e-08,0.001072404847305513,0,0,0,-7.586727001621252e-05,-4.0680217957309024e-08,-0.001072404847305513,0.0,-0.00015173456184525703,0,0
1284.2268420173286,96.67455639633857,72.59760196071355,7.586727001621252e-05,4.0680217957309024e-08,0.001072404847305513,0,0,0,-7.586727001621252e-05,-4.0680217957309024e-08,-0.001072404847305513,0.0,-0.00015173456184525703,0,0
215.92040254306553,87.79450977305973,56.19159937776923,7.586727001621252e-05,4.0680217957309024e-08,0.001072404847305513,0,0,0,-7.586727001621252e-05,-4.0680217957309024e-08,-0.001072404847305513,0.0,-0.00015173456184525703,0,0
1284.2268420173286,94.8539958627646,22.502702204181062,7.586727001621252e-05,4.0680217957309024e-08,0.001072404847305513,0,0,0,-7.586727001621252e-05,-4.0680217957309024e-08,-0.001072404847305513,0.0,-0.00015173456184525703,0,0
251.60762066022812,92.2427776670329,61.19765556235682,7.586727001621252e-05,4.0680217957309024e-08,0.001072404847305513,0,0,0,-7.586727001621252e-05,-4.0680217957309024e-08,-0.001072404847305513,0.0,-0.00015173456184525703,0,0
1284.2268420173286,94.40905615911757,105.77203060255431,7.586727001621252e-05,4.0680217957309024e-08,0.001072404847305513,0,0,0,-7.586727001621252e-05,-4.0680217957309024e-08,-0.001072404847305513,0.0,-0.00015173456184525703,0,0
251.60762066022812,89.76495072901147,95.7560002023429,7.586727001621252e-05,4.0680217957309024e-08,0.001072404847305513,0,0,0,-7.586727001621252e-05,-4.0680217957309024e-08,-0.001072404847305513,0.0,-0.00015173456184525703,0,0
1284.2268420173286,98.08447665807216,103.61058678886198,7.586727001621252e-05,4.0680217957309024e-08,0.001072404847305513,0,0,0,-7.586727001621252e-05,-4.0680217957309024e-08,-0.001072404847305513,0.0,-0.00015173456184525703,0,0
1284.2268420173286,97.6101426547749,102.56164513946942,7.586727001621252e-05,4.0680217957309024e-08,0.001072404847305513,0,0,0,-7.586727001621252e-05,-4.0680217957309024e-08,-0.001072404847305513,0.0,-0.00015173456184525703,0,0
624.3377665398167,97.14019014961423,90.16911060094986,7.586727001621252e-05,4.0680217957309024e-08,0.001072404847305513,0,0,0,-7.586727001621252e-05,-4.0680217957309024e-08,-0.001072404847305513,0.0,-0.00015173456184525703,0,0
1284.2268420173286,98.56325615049124,105.22351709380416,7.586727001621252e-05,4.0680217957309024e-08,0.001072404847305513,0,0,0,-7.586727001621252e-05,-4.0680217957309024e-08,-0.001072404847305513,0.0,-0.00015173456184525703,0,0
1284.2268420173286,97.14019014961423,103.08353533160607,7.586727001621252e-05,4.0680217957309024e-08,0.001072404847305513,0,0,0,-7.586727001621252e-05,-4.0680217957309024e-08,-0.001072404847305513,0.0,-0.00015173456184525703,0,0
1284.2268420173286,95.7560002023429,103.61058678886198,7.586727001621252e-05,4.0680217957309024e-08,0.001072404847305513,0,0,0,-7.586727001621252e-05,-4.0680217957309024e-08,-0.001072404847305513,0.0,-0.00015173456184525703,0,0
1284.2268420173286,97.14019014961423,105.77203060255431,7.586727001621252e-05,4.0680217957309024e-08,0.001072404847305513,0,0,0,-7.586727001621252e-05,-4.0680217957309024e-08,-0.001072404847305513,0.0,-0.00015173456184525703,0,0
236.49825525583836,92.66842176880655,99.04654639912101,7.586727001621252e-05,4.0680217957309024e-08,0.001072404847305513,0,0,0,-7.586727001621252e-05,-4.0680217957309024e-08,-0.001072404847305513,0.0,-0.00015173456184525703,0,0
624.3377665398167,90.98786202822609,91.82083615681199,7.586727001621252e-05,4.0680217957309024e-08,0.001072404847305513,0,0,0,-7.586727001621252e-05,-4.0680217957309024e-08,-0.001072404847305513,0.0,-0.00015173456184525703,0,0
213.60849807698625,84.8062010048873,89.36420701132127,7.586727001621252e-05,4.0680217957309024e-08,0.001072404847305513,0,0,0,-7.586727001621252e-05,-4.0680217957309024e-08,-0.001072404847305513,0.0,-0.00015173456184525703,0,0
1284.2268420173286,97.14019014961423,105.22351709380416,7.586727001621252e-05,4.0680217957309024e-08,0.001072404847305513,0,0,0,-7.586727001621252e-05,-4.0680217957309024e-08,-0.001072404847305513,0.0,-0.00015173456184525703,0,0
1284.2268420173286,97.6101426547749,102.56164513946942,7.586727001621252e-05,4.0680217957309024e-08,0.001072404847305513,0,0,0,-7.586727001621252e-05,-4.0680217957309024e-08,-0.001072404847305513,0.0,-0.00015173456184525703,0,0
1284.2268420173286,98.56325615049124,105.77203060255431,7.586727001621252e-05,4.0680217957309024e-08,0.001072404847305513,0,0,0,-7.586727001621252e-05,-4.0680217957309024e-08,-0.001072404847305513,0.0,-0.00015173456184525703,0,0
1411.3480414449798,98.56325615049124,106.32612268515561,7.586727001621252e-05,4.0680217957309024e-08,0.001072404847305513,0,0,0,-7.586727001621252e-05,-4.0680217957309024e-08,-0.001072404847305513,0.0,-0.00015173456184525703,0,0
1284.2268420173286,97.6101426547749,106.32612268515561,7.586727001621252e-05,4.0680217957309024e-08,0.001072404847305513,0,0,0,-7.586727001621252e-05,-4.0680217957309024e-08,-0.001072404847305513,0.0,-0.00015173456184525703,0,0
213.60849807698625,84.8062010048873,84.44606393366254,7.586727001621252e-05,4.0680217957309024e-08,0.001072404847305513,0,0,0,-7.586727001621252e-05,-4.0680217957309024e-08,-0.001072404847305513,0.0,-0.00015173456184525703,0,0
1284.2268420173286,98.08447665807216,105.77203060255431,7.586727001621252e-05,4.0680217957309024e-08,0.001072404847305513,0,0,0,-7.586727001621252e-05,-4.0680217957309024e-08,-0.001072404847305513,0.0,-0.00015173456184525703,0,0
251.60762066022812,91.40254728973653,99.53441397948464,7.586727001621252e-05,4.0680217957309024e-08,0.001072404847305513,0,0,0,-7.586727001621252e-05,-4.0680217957309024e-08,-0.001072404847305513,0.0,-0.00015173456184525703,0,0
1284.2268420173286,97.6101426547749,106.32612268515561,7.586727001621252e-05,4.0680217957309024e-08,0.001072404847305513,0,0,0,-7.586727001621252e-05,-4.0680217957309024e-08,-0.001072404847305513,0.0,-0.00015173456184525703,0,0
417.22151175368833,84.44606393366254,85.16922919230018,7.586727001621252e-05,4.0680217957309024e-08,0.001072404847305513,0,0,0,-7.586727001621252e-05,-4.0680217957309024e-08,-0.001072404847305513,0.0,-0.00015173456184525703,0,0
251.60762066022812,91.40254728973653,99.04654639912101,7.586727001621252e-05,4.0680217957309024e-08,0.001072404847305513,0,0,0,-7.586727001621252e-05,-4.0680217957309024e-08,-0.001072404847305513,0.0,-0.00015173456184525703,0,0
