FDist,LDist,RDist,XEst,YEst,ThetaEst,XDes,YDes,ThetaDes,XError,YError,ThetaError,SL,SR,RW,LW
512.8513118946122,1411.3480414449798,22.159982088780858,0.0,0.0,0.0,0,0,0,0.0,0.0,0.0,0.0,0.0,0,0
268.9169663380496,674.6059938250444,21.494038780723614,0.0,0.0,0.0,0,0,0,0.0,0.0,0.0,0.0,0.0,0,0
353.40072554933454,1411.3480414449798,22.075335325140372,0.0,0.0,0.0,0,0,0,0.0,0.0,0.0,0.0,0.0,0,0
251.60762066022812,1284.2268420173286,22.58943126976108,0.0,0.0,0.0,0,0,0,0.0,0.0,0.0,0.0,0.0,0,0
459.67991945810627,340.5824855543227,22.117607626819968,0.0,0.0,0.0,0,0,0,0.0,0.0,0.0,0.0,0.0,0,0
1284.2268420173286,1411.3480414449798,22.459496422942998,0.0,0.0,0.0,0,0,0,0.0,0.0,0.0,0.0,0.0,0,0
399.01729906632625,1411.3480414449798,22.117607626819968,0.0,0.0,0.0,0,0,0,0.0,0.0,0.0,0.0,0.0,0,0
236.49825525583836,581.6409617069837,21.534920213973493,0.0,0.0,0.0,0,0,0,0.0,0.0,0.0,0.0,0.0,0,0
317.7208243859324,602.1580731583105,21.616974340849836,0.0,0.0,0.0,0,0,0,0.0,0.0,0.0,0.0,0.0,0,0
769.566351540633,1411.3480414449798,22.117607626819968,0.0,0.0,0.0,0,0,0,0.0,0.0,0.0,0.0,0.0,0,0
544.8761250677193,1411.3480414449798,21.99109567138421,0.0,0.0,0.0,0,0,0,0.0,0.0,0.0,0.0,0.0,0,0
498.3296704628293,268.9169663380496,21.616974340849836,0.0,0.0,0.0,0,0,0,0.0,0.0,0.0,0.0,0.0,0,0
648.3999468665874,1019.267059271828,22.075335325140372,0.0,0.0,0.0,0,0,0,0.0,0.0,0.0,0.0,0.0,0,0
407.8990969411948,382.4520830402873,21.05064198016546,0.0,0.0,0.0,0,0,0,0.0,0.0,0.0,0.0,0.0,0,0
353.40072554933454,1411.3480414449798,22.37340035638271,0.0,0.0,0.0,0.3,0,0,0.3,0.0,0.0,0.0,0.0,0,0
353.40072554933454,1411.3480414449798,22.075335325140372,0.007408263880944745,7.977560725081355e-06,0.0021536915449289033,0.3,0,0,0.29259173611905526,-7.977560725081355e-06,-0.0021536915449289033,-0.007257079029792422,-0.00755945732270044,0,0
284.7075611688845,353.40072554933454,22.459496422942998,0.035831559735752624,0.00013040834182421164,0.00646107463478671,0.3,0,0,0.26416844026424735,-0.00013040834182421164,-0.00646107463478671,-0.035378260270238056,-0.03628539514896211,0,0
284.7075611688845,851.4899528953961,22.117607626819968,0.0659925309530148,0.00040648512381582114,0.011845303497108961,0.3,0,0,0.2340074690469852,-0.00040648512381582114,-0.011845303497108961,-0.06516252212167778,-0.06682560273267188,0,0
346.8640580657511,1019.267059271828,22.075335325140372,0.0953203514166258,0.0008170719585856405,0.016152686586966766,0.3,0,0,0.20467964858337417,-0.0008170719585856405,-0.016152686586966766,-0.09419083824084747,-0.0964586754376576,0,0
312.50933522689996,230.97580043058096,21.616974340849836,0.12441966817418096,0.0013341617326793837,0.019383223904360126,0.3,0,0,0.17558033182581903,-0.0013341617326793837,-0.019383223904360126,-0.12306796521356314,-0.1257893698497353,0,0
602.1580731583105,562.6000187683081,21.17043565318336,0.15260957383253082,0.001956564544248118,0.02476745276668238,0.3,0,0,0.14739042616746917,-0.001956564544248118,-0.02476745276668238,-0.15088676816110075,-0.15436411852954296,0,0
459.67991945810627,258.2405371440609,22.416395940132503,0.17936035603861444,0.002676900241496521,0.02907483585654021,0.3,0,0,0.12063964396138555,-0.002676900241496521,-0.02907483585654021,-0.17734486879055228,-0.18142697574481054,0,0
544.8761250677193,390.5444991736698,22.330509274381335,0.20452149485275312,0.003449340752724804,0.03230537317393352,0.3,0,0,0.09547850514724687,-0.003449340752724804,-0.03230537317393352,-0.20229107795546372,-0.20682675234908401,0,0
248.42442609070224,624.3377665398167,21.949127558551538,0.22862315845452946,0.004241215633005513,0.033382218946397965,0.3,0,0,0.07137684154547053,-0.004241215633005513,-0.033382218946397965,-0.22633015224165112,-0.23101701578172543,0,0
544.8761250677193,284.7075611688845,22.159982088780858,0.2465281015072955,0.004868099617344615,0.036612756263791325,0.3,0,0,0.05347189849270448,-0.004868099617344615,-0.036612756263791325,-0.24401928237677015,-0.24915971335620649,0,0
674.6059938250444,437.33222201576723,22.330509274381335,0.26692414134996284,0.0056371824389015775,0.03876644780872024,0.3,0,0,0.03307585865003715,-0.0056371824389015775,-0.03876644780872024,-0.26427862800160734,-0.2697214372739517,0,0
209.13650375320472,581.6409617069837,21.534920213973493,0.2824842645052688,0.00625747726555478,0.04092013935364912,0.3,0,0,0.017515735494731177,-0.00625747726555478,-0.04092013935364912,-0.27969992093991625,-0.28544510850516863,0,0
544.8761250677193,1093.1463157010076,22.159982088780858,0.2942666197418112,0.006752591782948841,0.043073830898578,0.3,0,0,0.005733380258188814,-0.006752591782948841,-0.043073830898578,-0.2913414852168749,-0.2973890510750353,0,0
293.3703955349555,272.6876389629632,21.699419216529087,0.3018190654105806,0.007078105890193396,0.043073830898578,0.3,0,0,-0.0018190654105806336,-0.007078105890193396,-0.043073830898578,-0.29890094253957533,-0.30494850839773574,0,0
239.3652489782259,471.8179059817352,21.699419216529087,0.3054444054833629,0.007230448818622337,0.0409201393536491,0.3,0,0,-0.005444405483362891,-0.007230448818622337,-0.0409201393536491,-0.30268067120092557,-0.30842585876617795,0,0
544.8761250677193,900.238757316699,22.117607626819968,0.30710623658091973,0.007294904399122093,0.0366127562637913,0.3,0,0,-0.007106236580919745,-0.007294904399122093,-0.0366127562637913,-0.30464613010482766,-0.30978656108426406,0,0
471.8179059817352,851.4899528953961,22.117607626819968,0.30703069416988993,0.007292096617581465,0.03768960203625575,0.3,0,0,-0.0070306941698899394,-0.007292096617581465,-0.03768960203625575,-0.30449494095837365,-0.30978656108426406,0,0
399.01729906632625,581.6409617069837,21.949127558551538,0.30703069416988993,0.007292096617581465,0.03768960203625575,0.3,0,0,-0.0070306941698899394,-0.007292096617581465,-0.03768960203625575,-0.30449494095837365,-0.30978656108426406,0,0
312.50933522689996,674.6059938250444,21.17043565318336,0.30703069416988993,0.007292096617581465,0.03768960203625575,0.3,0,0,-0.0070306941698899394,-0.007292096617581465,-0.03768960203625575,-0.30449494095837365,-0.30978656108426406,0,0
459.67991945810627,624.3377665398167,21.412565389122804,0.30703069416988993,0.007292096617581465,0.03768960203625575,0.3,0,0,-0.0070306941698899394,-0.007292096617581465,-0.03768960203625575,-0.30449494095837365,-0.30978656108426406,0,0
346.8640580657511,624.3377665398167,22.075335325140372,0.30703069416988993,0.007292096617581465,0.03768960203625575,0.3,0,0,-0.0070306941698899394,-0.007292096617581465,-0.03768960203625575,-0.30449494095837365,-0.30978656108426406,0,0
1093.1463157010076,900.238757316699,22.416395940132503,0.30703069416988993,0.007292096617581465,0.03768960203625575,0.3,0,0,-0.0070306941698899394,-0.007292096617581465,-0.03768960203625575,-0.30449494095837365,-0.30978656108426406,0,0
769.566351540633,312.50933522689996,22.502702204181062,0.3069551517588601,0.007289288836040837,0.0366127562637913,0.3,0,0,-0.006955151758860134,-0.007289288836040837,-0.0366127562637913,-0.30449494095837365,-0.30963537193781004,0,0
769.566351540633,390.5444991736698,22.416395940132503,0.3069551517588601,0.007289288836040837,0.0366127562637913,0.3,0,0,-0.006955151758860134,-0.007289288836040837,-0.0366127562637913,-0.30449494095837365,-0.30963537193781004,0,0
346.8640580657511,284.7075611688845,22.117607626819968,0.3069551517588601,0.007289288836040837,0.0366127562637913,0.3,0,0,-0.006955151758860134,-0.007289288836040837,-0.0366127562637913,-0.30449494095837365,-0.30963537193781004,0,0
900.238757316699,1411.3480414449798,22.159982088780858,0.3069551517588601,0.007289288836040837,0.0366127562637913,0.3,0,0,-0.006955151758860134,-0.007289288836040837,-0.0366127562637913,-0.30449494095837365,-0.30963537193781004,0,0
346.8640580657511,1019.267059271828,22.075335325140372,0.3069551517588601,0.007289288836040837,0.0366127562637913,0.3,0,0,-0.006955151758860134,-0.007289288836040837,-0.0366127562637913,-0.30449494095837365,-0.30963537193781004,0,0
900.238757316699,1019.267059271828,22.28772229885734,0.3069551517588601,0.007289288836040837,0.0366127562637913,0.3,0,0,-0.006955151758860134,-0.007289288836040837,-0.0366127562637913,-0.30449494095837365,-0.30963537193781004,0,0
230.97580043058096,340.5824855543227,21.699419216529087,0.3069551517588601,0.007289288836040837,0.0366127562637913,0.3,0,0,-0.006955151758860134,-0.007289288836040837,-0.0366127562637913,-0.30449494095837365,-0.30963537193781004,0,0
769.566351540633,1180.1265773010464,22.117607626819968,0.3069551517588601,0.007289288836040837,0.0366127562637913,0.3,0,0,-0.006955151758860134,-0.007289288836040837,-0.0366127562637913,-0.30449494095837365,-0.30963537193781004,0,0
484.6780696502813,528.3325926770696,22.37340035638271,0.3069551517588601,0.007289288836040837,0.0366127562637913,0.3,0,0,-0.006955151758860134,-0.007289288836040837,-0.0366127562637913,-0.30449494095837365,-0.30963537193781004,0,0
769.566351540633,437.33222201576723,22.459496422942998,0.3069551517588601,0.007289288836040837,0.0366127562637913,0.3,0,0,-0.006955151758860134,-0.007289288836040837,-0.0366127562637913,-0.30449494095837365,-0.30963537193781004,0,0
417.22151175368833,1180.1265773010464,22.416395940132503,0.3069551517588601,0.007289288836040837,0.0366127562637913,0.3,0,0,-0.006955151758860134,-0.007289288836040837,-0.0366127562637913,-0.30449494095837365,-0.30963537193781004,0,0
1093.1463157010076,1019.267059271828,22.37340035638271,0.3069551517588601,0.007289288836040837,0.0366127562637913,0.3,0,0,-0.006955151758860134,-0.007289288836040837,-0.0366127562637913,-0.30449494095837365,-0.30963537193781004,0,0
769.566351540633,382.4520830402873,22.245039036567718,0.3069551517588601,0.007289288836040837,0.0366127562637913,0.3,0,0,-0.006955151758860134,-0.007289288836040837,-0.0366127562637913,-0.30449494095837365,-0.30963537193781004,0,0
459.67991945810627,1284.2268420173286,22.330509274381335,0.3069551517588601,0.007289288836040837,0.0366127562637913,0.3,0,0,-0.006955151758860134,-0.007289288836040837,-0.0366127562637913,-0.30449494095837365,-0.30963537193781004,0,0
544.8761250677193,280.5772654118684,22.502702204181062,0.3069551517588601,0.007289288836040837,0.0366127562637913,0.3,0,0,-0.006955151758860134,-0.007289288836040837,-0.0366127562637913,-0.30449494095837365,-0.30963537193781004,0,0
