FDist,LDist,RDist,XEst,YEst,ThetaEst,XDes,YDes,ThetaDes,XError,YError,ThetaError,SL,SR,RW,LW
134.3591943699604,215.92040254306553,20.618475673047115,0.0,0.0,0.0,0,0,0,0.0,0.0,0.0,0.0,0.0,0,0
124.52854747504531,512.8513118946122,21.05064198016546,0.0,0.0,0.0,0,0,0,0.0,0.0,0.0,0.0,0.0,0,0
128.44498763419128,437.33222201576723,21.09047995583375,0.0,0.0,0.0,0,0,0,0.0,0.0,0.0,0.0,0.0,0,0
120.13062066766372,448.2028325964311,21.130411066922797,0.0,0.0,0.0,0,0,0,0.0,0.0,0.0,0.0,0.0,0,0
139.88023555455067,1180.1265773010464,21.09047995583375,0.0,0.0,0.0,0,0,0,0.0,0.0,0.0,0.0,0.0,0,0
153.56624101955603,851.4899528953961,21.05064198016546,0.0,0.0,0.0,0,0,0,0.0,0.0,0.0,0.0,0.0,0,0
129.25786434407527,512.8513118946122,20.97124408445338,0.0,0.0,0.0,0,0,0,0.0,0.0,0.0,0.0,0.0,0,0
139.88023555455067,346.8640580657511,20.931683493242176,0.0,0.0,0.0,0,0,0,0.0,0.0,0.0,0.0,0.0,0,0
129.25786434407527,512.8513118946122,20.852837358537094,0.0,0.0,0.0,0,0,0,0.0,0.0,0.0,0.0,0.0,0,0
135.24881572421333,437.33222201576723,20.97124408445338,0.0,0.0,0.0,0,0,0,0.0,0.0,0.0,0.0,0.0,0,0
136.15031850713706,1180.1265773010464,21.05064198016546,0.0,0.0,0.0,0,0,0,0.0,0.0,0.0,0.0,0.0,0,0
317.7208243859324,367.3069052663625,20.387324852120102,0.0,0.0,0.0,0,0,0,0.0,0.0,0.0,0.0,0.0,0,0
407.8990969411948,602.1580731583105,20.65731111090045,0.0,0.0,0.0,0,0,0,0.0,0.0,0.0,0.0,0.0,0,0
134.3591943699604,261.6981137825328,19.823053641380127,0.0,0.0,0.0,0,0,0,0.0,0.0,0.0,0.0,0.0,0,0
179.3202830877122,390.5444991736698,20.97124408445338,0.0,0.0,0.0,0,0,0,0.0,0.0,0.0,0.0,0.0,0,0
105.77203060255431,280.5772654118684,21.210554056051848,0.0,0.0,0.0,0,0,0,0.0,0.0,0.0,0.0,0.0,0,0
145.87739303694283,390.5444991736698,20.774355752373964,0.0,0.0,0.0,0,0,0,0.0,0.0,0.0,0.0,0.0,0,0
110.97077873540402,236.49825525583836,20.387324852120102,0.0,0.0,0.0,0,0,0,0.0,0.0,0.0,0.0,0.0,0,0
145.87739303694283,437.33222201576723,20.97124408445338,0.0,0.0,0.0,0,0,0,0.0,0.0,0.0,0.0,0.0,0,0
139.88023555455067,437.33222201576723,20.97124408445338,0.0,0.0,0.0,0,0,0,0.0,0.0,0.0,0.0,0.0,0,0
154.7323071690459,528.3325926770696,20.81355115370998,0.0,0.0,0.0,0,0,0,0.0,0.0,0.0,0.0,0.0,0,0
110.97077873540402,471.8179059817352,20.272932179340643,0.0,0.0,0.0,0,0,0,0.0,0.0,0.0,0.0,0.0,0,0
209.13650375320472,1411.3480414449798,20.618475673047115,0.0,0.0,0.0,0,0,0,0.0,0.0,0.0,0.0,0.0,0,0
146.92774685951784,1411.3480414449798,20.97124408445338,0.0,0.0,0.0,0,0,0,0.0,0.0,0.0,0.0,0.0,0,0
184.22292190812155,1411.3480414449798,21.010896801842307,0.0,0.0,0.0,0,0,0,0.0,0.0,0.0,0.0,0.0,0,0
134.3591943699604,703.2691653992177,20.89221469509625,0.0,0.0,0.0,0,0,0,0.0,0.0,0.0,0.0,0.0,0,0
154.7323071690459,390.5444991736698,20.89221469509625,0.0,0.0,0.0,0,0,0,0.0,0.0,0.0,0.0,0.0,0,0
123.77355272308415,68.72637072202204,19.93438562175379,0.0,0.0,0.0,0,0,0,0.0,0.0,0.0,0.0,0.0,0,0
153.56624101955603,78.73363637499943,19.786108976753717,0.0,0.0,0.0,0,0,0,0.0,0.0,0.0,0.0,0.0,0,0
184.22292190812155,105.77203060255431,20.65731111090045,0.0,0.0,0.0,0,0,0,0.0,0.0,0.0,0.0,0.0,0,0
151.28683687310368,103.61058678886198,20.931683493242176,0.0,0.0,0.0,0,0,0,0.0,0.0,0.0,0.0,0.0,0,0
177.7453057985956,127.64222867598318,20.852837358537094,0.0,0.0,0.0,0,0,0,0.0,0.0,0.0,0.0,0.0,0,0
160.8439044330725,173.18670720903205,20.696236055220425,0.0,0.0,0.0,0,0,0,0.0,0.0,0.0,0.0,0.0,0,0
129.25786434407527,151.28683687310368,20.65731111090045,0.0,0.0,0.0,0.3,0,0,0.3,0.0,0.0,0.0,0.0,0,0
140.84502956740286,233.7026839645806,20.464022603165645,0.002343431430357642,1.2617572363479463e-06,0.0010768457724644484,0.3,0,0,0.29765656856964234,-1.2617572363479463e-06,-0.0010768457724644484,-0.002267837196810132,-0.0024190263432641405,0,0
147.99350743133397,138.92864283985838,19.639152619200075,0.02917903425206051,0.00016020154563573357,0.010768457724644506,0.3,0,0,0.27082096574793946,-0.00016020154563573357,-0.010768457724644506,-0.028423559533353654,-0.029935450997893742,0,0
139.88023555455067,213.60849807698625,20.084001131964996,0.058959410692762934,0.0006412764724236141,0.02153691544928901,0.3,0,0,0.24104058930723704,-0.0006412764724236141,-0.02153691544928901,-0.05745187565252334,-0.06047565858160352,0,0
152.41788953728954,471.8179059817352,20.009024843758404,0.08873199955224076,0.0014750669974506986,0.034459064718862405,0.3,0,0,0.21126800044775923,-0.0014750669974506986,-0.034459064718862405,-0.08632900262523902,-0.0911670553117673,0,0
198.76603234393832,512.8513118946122,20.735250827891868,0.11788443983369075,0.0027315514514146804,0.05168859707829361,0.3,0,0,0.18211556016630925,-0.0027315514514146804,-0.05168859707829361,-0.11429899471923063,-0.12155607374902307,0,0
187.6483042942066,437.33222201576723,20.579729421340247,0.14052304805332644,0.004073927330744773,0.0667644378927959,0.3,0,0,0.15947695194667355,-0.004073927330744773,-0.0667644378927959,-0.13591904266215388,-0.14529276974230243,0,0
187.6483042942066,624.3377665398167,20.735250827891868,0.16817940406201387,0.00626745946434969,0.09153189065947825,0.3,0,0,0.13182059593798612,-0.00626745946434969,-0.09153189065947825,-0.1619235758522434,-0.17477465330083414,0,0
153.56624101955603,353.40072554933454,20.618475673047115,0.19487071382443874,0.009051130390807354,0.1162993434261606,0.3,0,0,0.10512928617556125,-0.009051130390807354,-0.1162993434261606,-0.18702097416360886,-0.2033494019806418,0,0
115.37236097408694,334.5408252723781,20.084001131964996,0.21989454486936325,0.012412536116129936,0.15075840814502303,0.3,0,0,0.08010545513063674,-0.012412536116129936,-0.15075840814502303,-0.2098505352781642,-0.2310170157817254,0,0
152.41788953728954,382.4520830402873,20.696236055220425,0.24348303192388132,0.016635288587243797,0.2035238509957811,0.3,0,0,0.05651696807611867,-0.016635288587243797,-0.2035238509957811,-0.23010988090300136,-0.258684629582809,0,0
184.22292190812155,512.8513118946122,20.774355752373964,0.26458088548865083,0.021693102259981216,0.26705775157118367,0.3,0,0,0.03541911451134916,-0.021693102259981216,-0.26705775157118367,-0.24734544359875837,-0.28484035191935253,0,0
209.13650375320472,851.4899528953961,20.696236055220425,0.28086698072318916,0.026854392949689644,0.346744338733553,0.3,0,0,0.019133019276810825,-0.026854392949689644,-0.346744338733553,-0.25883581872926303,-0.3075187238874538,0,0
167.46934895889862,512.8513118946122,20.735250827891868,0.2921437896574377,0.03162995102540008,0.454428915979998,0.3,0,0,0.007856210342562286,-0.03162995102540008,-0.454428915979998,-0.2635226822693373,-0.32732450207292896,0,0
239.3652489782259,703.2691653992177,20.735250827891868,0.2985552750264301,0.035188174954780334,0.5588829559090497,0.3,0,0,0.0014447249735698997,-0.035188174954780334,-0.5588829559090497,-0.2635226822693373,-0.3419898492789678,0,0
158.34116103748556,323.12240163650586,20.81355115370998,0.3057328964294208,0.04035616123858797,0.6891812943772482,0.3,0,0,-0.0057328964294208196,-0.04035616123858797,-0.6891812943772482,-0.26322030397642926,-0.35998135770699485,0,0
225.71785045590883,1411.3480414449798,20.618475673047115,0.3121004321655482,0.046385201973200244,0.8270175532526978,0.3,0,0,-0.012100432165548236,-0.046385201973200244,-0.8270175532526978,-0.2623131690977052,-0.37842643357438394,0,0
177.7453057985956,1411.3480414449798,20.618475673047115,0.3151420457741216,0.050435035855942154,1.026234021158621,0.3,0,0,-0.015142045774121593,-0.050435035855942154,-1.026234021158621,-0.25339300945691867,-0.39747626602758906,0,0
