FDist,LDist,RDist,XEst,YEst,ThetaEst,XDes,YDes,ThetaDes,XError,YError,ThetaError,SL,SR,RW,LW
1284.2268420173286,340.5824855543227,24.41804431856243,0.0,0.0,0.0,0,0,0,0.0,0.0,0.0,0.0,0.0,0,0
1411.3480414449798,769.566351540633,24.32213184643946,0.0,0.0,0.0,0,0,0,0.0,0.0,0.0,0.0,0.0,0,0
1411.3480414449798,808.2350827585409,24.08450540165466,0.0,0.0,0.0,0,0,0,0.0,0.0,0.0,0.0,0.0,0,0
353.40072554933454,239.3652489782259,24.131786407761517,0.0,0.0,0.0,0,0,0,0.0,0.0,0.0,0.0,0.0,0,0
808.2350827585409,340.5824855543227,24.41804431856243,0.0,0.0,0.0,0,0,0,0.0,0.0,0.0,0.0,0.0,0,0
674.6059938250444,427.0195773074906,24.41804431856243,0.0,0.0,0.0,0,0,0,0.0,0.0,0.0,0.0,0.0,0,0
1284.2268420173286,955.6520228707801,24.17918906549187,0.0,0.0,0.0,0,0,0,0.0,0.0,0.0,0.0,0.0,0,0
528.3325926770696,360.20900612823414,24.131786407761517,0.0,0.0,0.0,0,0,0,0.0,0.0,0.0,0.0,0.0,0,0
648.3999468665874,512.8513118946122,24.131786407761517,0.0,0.0,0.0,0,0,0,0.0,0.0,0.0,0.0,0.0,0,0
1284.2268420173286,280.5772654118684,24.131786407761517,0.0,0.0,0.0,0,0,0,0.0,0.0,0.0,0.0,0.0,0,0
239.3652489782259,211.34777997197892,22.202459096284322,0.0,0.0,0.0,0,0,0,0.0,0.0,0.0,0.0,0.0,0,0
312.50933522689996,340.5824855543227,23.80334702660077,0.0,0.0,0.0,0,0,0,0.0,0.0,0.0,0.0,0.0,0,0
1284.2268420173286,1284.2268420173286,24.70878894042906,0.0,0.0,0.0,0,0,0,0.0,0.0,0.0,0.0,0.0,0,0
280.5772654118684,427.0195773074906,23.80334702660077,0.0,0.0,0.0,0,0,0,0.0,0.0,0.0,0.0,0.0,0,0
648.3999468665874,307.4777105974586,23.253708365120502,0.0,0.0,0.0,0,0,0,0.0,0.0,0.0,0.0,0.0,0,0
1411.3480414449798,1411.3480414449798,24.274361292354016,0.0,0.0,0.0,0.3,0,0,0.3,0.0,0.0,0.0,0.0,0,0
955.6520228707801,265.2554052777127,24.660015279911583,0.0071058898833384135,0.0,0.0,0.3,0,0,0.29289411011666155,0.0,0.0,-0.0071058898833384135,-0.0071058898833384135,0,0
1284.2268420173286,602.1580731583105,24.41804431856243,0.035226810250329185,0.00012112832598105408,0.008614766179715587,0.3,0,0,0.2647731897496708,-0.00012112832598105408,-0.008614766179715587,-0.03462231453796802,-0.035831827709600084,0,0
648.3999468665874,272.6876389629632,24.08450540165466,0.06500815371080015,0.0005380644417009215,0.019383223904360092,0.3,0,0,0.23499184628919983,-0.0005380644417009215,-0.019383223904360092,-0.0636506306571377,-0.06637203529330986,0,0
1411.3480414449798,382.4520830402873,24.905165748622878,0.09463213802114345,0.001271925136590718,0.030151681629004595,0.3,0,0,0.20536786197885654,-0.001271925136590718,-0.030151681629004595,-0.09252775762985338,-0.09676105373056562,0,0
1284.2268420173286,448.2028325964311,24.61136879396949,0.12311275034426758,0.002299790152311824,0.041996985126113544,0.3,0,0,0.1768872496557324,-0.002299790152311824,-0.041996985126113544,-0.12019537143093699,-0.12609174814264332,0,0
955.6520228707801,346.8640580657511,24.32213184643946,0.15074931334298264,0.0036102248374316978,0.05276544285075804,0.3,0,0,0.14925068665701735,-0.0036102248374316978,-0.05276544285075804,-0.14710703949975057,-0.15451530767599697,0,0
648.3999468665874,512.8513118946122,24.514455284677474,0.17754086393985213,0.0051554294439176505,0.0624570548029381,0.3,0,0,0.12245913606014786,-0.0051554294439176505,-0.0624570548029381,-0.17326276183629408,-0.18203173233062658,0,0
648.3999468665874,624.3377665398167,23.074145052998297,0.20303490425137793,0.006860058256635107,0.07107182098265369,0.3,0,0,0.09696509574862205,-0.006860058256635107,-0.07107182098265369,-0.19820897100120552,-0.2081874546671701,0,0
360.20900612823414,648.3999468665874,23.526447916444262,0.22685495574641418,0.008659003287178401,0.07968658716236925,0.3,0,0,0.07314504425358581,-0.008659003287178401,-0.07968658716236925,-0.2214920995551229,-0.23268009639271953,0,0
1093.1463157010076,261.6981137825328,24.17918906549187,0.24952972953138414,0.01055574448310578,0.08722450756962044,0.3,0,0,0.05047027046861585,-0.01055574448310578,-0.08722450756962044,-0.24371690408386218,-0.25596322494663687,0,0
624.3377665398167,276.5725757314533,22.85218781026422,0.2695537108610172,0.012393713108966559,0.09583927374933605,0.3,0,0,0.030446289138982785,-0.012393713108966559,-0.09583927374933605,-0.2632203039764293,-0.27667613801083607,0,0
1284.2268420173286,734.7683303247097,23.99030640367822,0.284975433954474,0.013918173463957578,0.1012235026116583,0.3,0,0,0.015024566045525989,-0.013918173463957578,-0.1012235026116583,-0.2783392186218302,-0.292550998388507,0,0
399.01729906632625,512.8513118946122,24.466187237839733,0.29655484781808306,0.015119503306181658,0.1055308857015161,0.3,0,0,0.003445152181916933,-0.015119503306181658,-0.1055308857015161,-0.28967840460588085,-0.3044949409583737,0,0
1284.2268420173286,437.33222201576723,24.5628489666094,0.3040713884063913,0.01592387423929886,0.107684577246445,0.3,0,0,-0.004071388406391319,-0.01592387423929886,-0.107684577246445,-0.2970866727821273,-0.31220558742752813,0,0
1411.3480414449798,261.6981137825328,24.08450540165466,0.30775470497573004,0.016316032871527174,0.10445403992905167,0.3,0,0,-0.0077547049757300535,-0.016316032871527174,-0.10445403992905167,-0.30101759058993155,-0.31568293779597034,0,0
268.9169663380496,239.3652489782259,23.572306256804332,0.30775470497573004,0.016316032871527174,0.10445403992905167,0.3,0,0,-0.0077547049757300535,-0.016316032871527174,-0.10445403992905167,-0.30101759058993155,-0.31568293779597034,0,0
648.3999468665874,602.1580731583105,23.435077391437254,0.30775470497573004,0.016316032871527174,0.10445403992905167,0.3,0,0,-0.0077547049757300535,-0.016316032871527174,-0.10445403992905167,-0.30101759058993155,-0.31568293779597034,0,0
624.3377665398167,624.3377665398167,22.330509274381335,0.30775470497573004,0.016316032871527174,0.10445403992905167,0.3,0,0,-0.0077547049757300535,-0.016316032871527174,-0.10445403992905167,-0.30101759058993155,-0.31568293779597034,0,0
399.01729906632625,382.4520830402873,24.131786407761517,0.30775470497573004,0.016316032871527174,0.10445403992905167,0.3,0,0,-0.0077547049757300535,-0.016316032871527174,-0.10445403992905167,-0.30101759058993155,-0.31568293779597034,0,0
1284.2268420173286,390.5444991736698,24.131786407761517,0.30775470497573004,0.016316032871527174,0.10445403992905167,0.3,0,0,-0.0077547049757300535,-0.016316032871527174,-0.10445403992905167,-0.30101759058993155,-0.31568293779597034,0,0
648.3999468665874,562.6000187683081,23.572306256804332,0.30775470497573004,0.016316032871527174,0.10445403992905167,0.3,0,0,-0.0077547049757300535,-0.016316032871527174,-0.10445403992905167,-0.30101759058993155,-0.31568293779597034,0,0
1411.3480414449798,346.8640580657511,24.32213184643946,0.30775470497573004,0.016316032871527174,0.10445403992905167,0.3,0,0,-0.0077547049757300535,-0.016316032871527174,-0.10445403992905167,-0.30101759058993155,-0.31568293779597034,0,0
1284.2268420173286,280.5772654118684,24.131786407761517,0.30775470497573004,0.016316032871527174,0.10445403992905167,0.3,0,0,-0.0077547049757300535,-0.016316032871527174,-0.10445403992905167,-0.30101759058993155,-0.31568293779597034,0,0
230.97580043058096,427.0195773074906,22.85218781026422,0.30775470497573004,0.016316032871527174,0.10445403992905167,0.3,0,0,-0.0077547049757300535,-0.016316032871527174,-0.10445403992905167,-0.30101759058993155,-0.31568293779597034,0,0
900.238757316699,448.2028325964311,23.896588216502984,0.30767952667515774,0.016308110584960938,0.10553088570151611,0.3,0,0,-0.007679526675157755,-0.016308110584960938,-0.10553088570151611,-0.30086640144347754,-0.31568293779597034,0,0
648.3999468665874,340.5824855543227,22.202459096284322,0.30767952667515774,0.016308110584960938,0.10553088570151611,0.3,0,0,-0.007679526675157755,-0.016308110584960938,-0.10553088570151611,-0.30086640144347754,-0.31568293779597034,0,0
1284.2268420173286,317.7208243859324,23.80334702660077,0.30767952667515774,0.016308110584960938,0.10553088570151611,0.3,0,0,-0.007679526675157755,-0.016308110584960938,-0.10553088570151611,-0.30086640144347754,-0.31568293779597034,0,0
955.6520228707801,353.40072554933454,24.08450540165466,0.30767952667515774,0.016308110584960938,0.10553088570151611,0.3,0,0,-0.007679526675157755,-0.016308110584960938,-0.10553088570151611,-0.30086640144347754,-0.31568293779597034,0,0
1093.1463157010076,390.5444991736698,24.22671386331148,0.30767952667515774,0.016308110584960938,0.10553088570151611,0.3,0,0,-0.007679526675157755,-0.016308110584960938,-0.10553088570151611,-0.30086640144347754,-0.31568293779597034,0,0
