FDist,LDist,RDist,XEst,YEst,ThetaEst,XDes,YDes,ThetaDes,XError,YError,ThetaError,SL,SR,RW,LW
147.99350743133397,1411.3480414449798,86.65098914560704,0.0,0.0,0.0,0,0,0,0.0,0.0,0.0,0.0,0.0,0,0
106.32612268515561,528.3325926770696,90.16911060094986,0.0,0.0,0.0,0,0,0,0.0,0.0,0.0,0.0,0.0,0,0
135.24881572421333,1411.3480414449798,76.28731360165042,0.0,0.0,0.0,0,0,0,0.0,0.0,0.0,0.0,0.0,0,0
159.58252707905322,323.12240163650586,84.08878225753256,0.0,0.0,0.0,0,0,0,0.0,0.0,0.0,0.0,0.0,0,0
146.92774685951784,900.238757316699,78.419964244608,0.0,0.0,0.0,0,0,0,0.0,0.0,0.0,0.0,0.0,0,0
140.84502956740286,602.1580731583105,62.417090148203904,0.0,0.0,0.0,0,0,0,0.0,0.0,0.0,0.0,0.0,0,0
152.41788953728954,734.7683303247097,64.767717284378,0.0,0.0,0.0,0,0,0,0.0,0.0,0.0,0.0,0.0,0,0
131.75922954059277,1411.3480414449798,141.82331249922515,0.0,0.0,0.0,0,0,0,0.0,0.0,0.0,0.0,0.0,0,0
152.41788953728954,1411.3480414449798,93.96808322544976,0.0,0.0,0.0,0,0,0,0.0,0.0,0.0,0.0,0.0,0,0
98.08447665807216,648.3999468665874,88.18202887947652,0.0,0.0,0.0,0,0,0,0.0,0.0,0.0,0.0,0.0,0,0
144.84210166738234,459.67991945810627,106.32612268515561,0.0,0.0,0.0,0,0,0,0.0,0.0,0.0,0.0,0.0,0,0
147.99350743133397,1411.3480414449798,76.58539900875073,0.0,0.0,0.0,0,0,0,0.0,0.0,0.0,0.0,0.0,0,0
158.34116103748556,1411.3480414449798,72.32728403086773,0.0,0.0,0.0,0,0,0,0.0,0.0,0.0,0.0,0.0,0,0
140.84502956740286,459.67991945810627,75.69750294678715,0.0,0.0,0.0,0,0,0,0.0,0.0,0.0,0.0,0.0,0,0
153.56624101955603,312.50933522689996,69.22073170815571,0.0,0.0,0.0,0,0,0,0.0,0.0,0.0,0.0,0.0,0,0
152.41788953728954,1411.3480414449798,80.99613175561399,0.0,0.0,0.0,0,0,0,0.0,0.0,0.0,0.0,0.0,0,0
154.7323071690459,1411.3480414449798,93.96808322544976,0.0,0.0,0.0,0,0,0,0.0,0.0,0.0,0.0,0.0,0,0
106.88588226030939,674.6059938250444,137.0639518589543,0.0,0.0,0.0,0,0,0,0.0,0.0,0.0,0.0,0.0,0,0
145.87739303694283,1570.544100534677,102.56164513946942,0.0,0.0,0.0,0,0,0,0.0,0.0,0.0,0.0,0.0,0,0
103.08353533160607,624.3377665398167,78.10859556029456,0.0,0.0,0.0,0.3,0,0,0.3,0.0,0.0,0.0,0.0,0,0
146.92774685951784,1411.3480414449798,72.86976705815192,0.00627434866837691,3.378253245705801e-06,0.0010768457724644517,0.3,0,0,0.2937256513316231,-3.378253245705801e-06,-0.0010768457724644517,-0.0061987550046143595,-0.0063499441510683685,0,0
145.87739303694283,648.3999468665874,52.0027403531362,0.03431973614119641,0.00010908070302974537,0.006461074634786703,0.3,0,0,0.26568026385880356,-0.00010908070302974537,-0.006461074634786703,-0.03386636880569797,-0.03477350368442202,0,0
261.6981137825328,528.3325926770696,31.258590930792266,0.06455581226440871,0.00043468919643808003,0.015075840814502316,0.3,0,0,0.23544418773559128,-0.00043468919643808003,-0.015075840814502316,-0.0634994415106837,-0.06561608956103981,0,0
228.31501027837746,648.3999468665874,30.331663097801872,0.09425858446832996,0.0010264956255267035,0.024767452766682373,0.3,0,0,0.20574141553167002,-0.0010264956255267035,-0.024767452766682373,-0.09252775762985338,-0.09600510799829558,0,0
1284.2268420173286,900.238757316699,37.452770077611675,0.1223660546409347,0.0019045359743299227,0.037689602036255765,0.3,0,0,0.1776339453590653,-0.0019045359743299227,-0.037689602036255765,-0.11974180399157497,-0.12503342411746526,0,0
242.3065498311679,1019.267059271828,27.774536019956848,0.1490268026700706,0.0030392461811696056,0.047381213988435825,0.3,0,0,0.1509731973299294,-0.0030392461811696056,-0.047381213988435825,-0.1457463371816645,-0.15239865962564086,0,0
484.6780696502813,191.20821604693444,20.81355115370998,0.17295199727891006,0.0043932856498052715,0.0656875921203315,0.3,0,0,0.12704800272108993,-0.0043932856498052715,-0.0656875921203315,-0.16842470914976582,-0.17764724708346033,0,0
123.02757911911826,144.84210166738234,23.943387448052704,0.1951172439963376,0.00601925437528515,0.08076343293483383,0.3,0,0,0.1048827560036624,-0.00601925437528515,-0.08076343293483383,-0.18959118965332705,-0.2009303756373777,0,0
900.238757316699,437.33222201576723,24.32213184643946,0.2163518593226957,0.00789918821688122,0.09583927374933617,0.3,0,0,0.08364814067730428,-0.00789918821688122,-0.09583927374933617,-0.20985053527816422,-0.223306369312571,0,0
448.2028325964311,528.3325926770696,25.609067445845334,0.2340020661602992,0.009913050812277143,0.13137518424066302,0.3,0,0,0.06599793383970079,-0.009913050812277143,-0.13137518424066302,-0.2251206390700191,-0.24356571493740817,0,0
139.88023555455067,1411.3480414449798,18.749479645181225,0.25048243532403186,0.012144898498285314,0.13783625887544976,0.3,0,0,0.04951756467596813,-0.012144898498285314,-0.13783625887544976,-0.24129787774059805,-0.2606500884867112,0,0
233.7026839645806,484.6780696502813,21.782257748458605,0.2667218672505589,0.01384736896197872,0.07107182098265387,0.3,0,0,0.03327813274944108,-0.01384736896197872,-0.07107182098265387,-0.26231316909770525,-0.27229165276366984,0,0
198.76603234393832,390.5444991736698,19.93438562175379,0.2772213974856531,0.014260264285721764,0.0075379204072513195,0.3,0,0,0.02277860251434688,-0.014260264285721764,-0.0075379204072513195,-0.2772808945966521,-0.2783392186218302,0,0
98.08447665807216,251.60762066022812,18.9235488562729,0.28636565613971354,0.014038664404761097,-0.05599598016815123,0.3,0,0,0.013634343860286446,-0.014038664404761097,0.05599598016815123,-0.2908879177775129,-0.28302608216190445,0,0
71.527220004475,297.9167592848756,26.500217937724948,0.2910347018829932,0.013630373221364286,-0.11845303497108933,0.3,0,0,0.008965298117006804,-0.013630373221364286,0.11845303497108933,-0.2999592665647534,-0.28332846045481247,0,0
74.828338960275,437.33222201576723,23.849908233631425,0.29343149551981657,0.01330315966435784,-0.15291209968995173,0.3,0,0,0.006568504480183424,-0.01330315966435784,0.15291209968995173,-0.3047973192512817,-0.28332846045481247,0,0
73.9772983740448,1411.3480414449798,23.61828058878553,0.2935808956621032,0.013279970108730024,-0.15506579123488062,0.3,0,0,0.006419104337896775,-0.013279970108730024,0.15506579123488062,-0.3050996975441897,-0.28332846045481247,0,0
68.23833891011859,602.1580731583105,22.80812501336112,0.2935808956621032,0.013279970108730024,-0.15506579123488062,0.3,0,0,0.006419104337896775,-0.013279970108730024,0.15506579123488062,-0.3050996975441897,-0.28332846045481247,0,0
76.88563626605912,1411.3480414449798,23.572306256804332,0.2935808956621032,0.013279970108730024,-0.15506579123488062,0.3,0,0,0.006419104337896775,-0.013279970108730024,0.15506579123488062,-0.3050996975441897,-0.28332846045481247,0,0
73.6975442509615,1411.3480414449798,23.298880234713614,0.29350620184468107,0.013291605105089237,-0.15398894546241618,0.3,0,0,0.0064937981553189195,-0.013291605105089237,0.15398894546241618,-0.3049485083977357,-0.28332846045481247,0,0
72.59760196071355,1284.2268420173286,22.985031810502477,0.29350620184468107,0.013291605105089237,-0.15398894546241618,0.3,0,0,0.0064937981553189195,-0.013291605105089237,0.15398894546241618,-0.3049485083977357,-0.28332846045481247,0,0
59.067719529011335,648.3999468665874,22.245039036567718,0.293431495541472,0.013303159660996523,-0.15291209968995173,0.3,0,0,0.006568504458527968,-0.013303159660996523,0.15291209968995173,-0.3047973192512817,-0.28332846045481247,0,0
73.9772983740448,1411.3480414449798,23.253708365120502,0.293431495541472,0.013303159660996523,-0.15291209968995173,0.3,0,0,0.006568504458527968,-0.013303159660996523,0.15291209968995173,-0.3047973192512817,-0.28332846045481247,0,0
72.59760196071355,20.579729421340247,23.480705112311483,0.293431495541472,0.013303159660996523,-0.15291209968995173,0.3,0,0,0.006568504458527968,-0.013303159660996523,0.15291209968995173,-0.3047973192512817,-0.28332846045481247,0,0
72.05879380612686,1411.3480414449798,23.389564303261636,0.293431495541472,0.013303159660996523,-0.15291209968995173,0.3,0,0,0.006568504458527968,-0.013303159660996523,0.15291209968995173,-0.3047973192512817,-0.28332846045481247,0,0
74.25900132173959,851.4899528953961,23.389564303261636,0.293431495541472,0.013303159660996523,-0.15291209968995173,0.3,0,0,0.006568504458527968,-0.013303159660996523,0.15291209968995173,-0.3047973192512817,-0.28332846045481247,0,0
60.603559569501805,648.3999468665874,22.89635959460729,0.293431495541472,0.013303159660996523,-0.15291209968995173,0.3,0,0,0.006568504458527968,-0.013303159660996523,0.15291209968995173,-0.3047973192512817,-0.28332846045481247,0,0
71.527220004475,1411.3480414449798,23.480705112311483,0.293431495541472,0.013303159660996523,-0.15291209968995173,0.3,0,0,0.006568504458527968,-0.013303159660996523,0.15291209968995173,-0.3047973192512817,-0.28332846045481247,0,0
73.6975442509615,1411.3480414449798,23.435077391437254,0.293431495541472,0.013303159660996523,-0.15291209968995173,0.3,0,0,0.006568504458527968,-0.013303159660996523,0.15291209968995173,-0.3047973192512817,-0.28332846045481247,0,0
73.9772983740448,581.6409617069837,22.85218781026422,0.293431495541472,0.013303159660996523,-0.15291209968995173,0.3,0,0,0.006568504458527968,-0.013303159660996523,0.15291209968995173,-0.3047973192512817,-0.28332846045481247,0,0
72.05879380612686,1411.3480414449798,23.572306256804332,0.293431495541472,0.013303159660996523,-0.15291209968995173,0.3,0,0,0.006568504458527968,-0.013303159660996523,0.15291209968995173,-0.3047973192512817,-0.28332846045481247,0,0
72.86976705815192,209.13650375320472,22.28772229885734,0.293431495541472,0.013303159660996523,-0.15291209968995173,0.3,0,0,0.006568504458527968,-0.013303159660996523,0.15291209968995173,-0.3047973192512817,-0.28332846045481247,0,0
72.05879380612686,399.01729906632625,23.849908233631425,0.293431495541472,0.013303159660996523,-0.15291209968995173,0.3,0,0,0.006568504458527968,-0.013303159660996523,0.15291209968995173,-0.3047973192512817,-0.28332846045481247,0,0
