FDist,LDist,RDist,XEst,YEst,ThetaEst,XDes,YDes,ThetaDes,XError,YError,ThetaError,SL,SR,RW,LW
80.01189902085736,280.5772654118684,39.10299164548677,0.0,0.0,0.0,0,0,0,0.0,0.0,0.0,0.0,0.0,0,0
69.7215507122142,239.3652489782259,36.66766191762644,0.0,0.0,0.0,0,0,0,0.0,0.0,0.0,0.0,0.0,0,0
101.02616679983112,390.5444991736698,40.56659194626288,0.0,0.0,0.0,0,0,0,0.0,0.0,0.0,0.0,0.0,0,0
99.04654639912101,390.5444991736698,40.97148724743448,0.0,0.0,0.0,0,0,0,0.0,0.0,0.0,0.0,0.0,0,0
114.72272976706012,323.12240163650586,39.48508308650554,0.0,0.0,0.0,0,0,0,0.0,0.0,0.0,0.0,0.0,0,0
95.7560002023429,427.0195773074906,37.0134486413167,0.0,0.0,0.0,0,0,0,0.0,0.0,0.0,0.0,0.0,0,0
87.79450977305973,284.7075611688845,37.99065036400073,0.0,0.0,0.0,0,0,0,0.0,0.0,0.0,0.0,0.0,0,0
84.08878225753256,261.6981137825328,39.67832560006777,0.0,0.0,0.0,0,0,0,0.0,0.0,0.0,0.0,0.0,0,0
82.34399565000513,179.3202830877122,38.08145749517021,0.0,0.0,0.0,0,0,0,0.0,0.0,0.0,0.0,0.0,0,0
113.44477390085575,196.81893899271049,40.76824443801301,0.0,0.0,0.0,0,0,0,0.0,0.0,0.0,0.0,0.0,0,0
105.22351709380416,196.81893899271049,41.59095555144303,0.0,0.0,0.0,0,0,0,0.0,0.0,0.0,0.0,0.0,0,0
101.02616679983112,242.3065498311679,40.76824443801301,0.0,0.0,0.0,0,0,0,0.0,0.0,0.0,0.0,0.0,0,0
102.04483787812359,236.49825525583836,40.66722061663911,0.0,0.0,0.0,0,0,0,0.0,0.0,0.0,0.0,0.0,0,0
99.04654639912101,184.22292190812155,40.36651046494504,0.0,0.0,0.0,0,0,0,0.0,0.0,0.0,0.0,0.0,0,0
