FDist,LDist,RDist,XEst,YEst,ThetaEst,XDes,YDes,ThetaDes,XError,YError,ThetaError,SL,SR,RW,LW
544.8761250677193,18.508914058826775,29.505828159201656,0.0,0.0,0.0,0,0,0,0.0,0.0,0.0,0.0,0.0,0,0
851.4899528953961,18.993706680961672,35.907463519817924,0.0,0.0,0.0,0,0,0,0.0,0.0,0.0,0.0,0.0,0,0
734.7683303247097,18.474841460347584,32.08611619752381,0.0,0.0,0.0,0,0,0,0.0,0.0,0.0,0.0,0.0,0,0
390.5444991736698,18.508914058826775,30.790100524402142,0.0,0.0,0.0,0,0,0,0.0,0.0,0.0,0.0,0.0,0,0
248.42442609070224,17.841013239325363,28.892132026161015,0.0,0.0,0.0,0,0,0,0.0,0.0,0.0,0.0,0.0,0,0
1411.3480414449798,18.406914256574545,29.074332795504482,0.0,0.0,0.0,0,0,0,0.0,0.0,0.0,0.0,0.0,0,0
624.3377665398167,18.440841606842675,28.592015692053423,0.0,0.0,0.0,0,0,0,0.0,0.0,0.0,0.0,0.0,0,0
624.3377665398167,18.03843055896276,29.81961893815634,0.0,0.0,0.0,0,0,0,0.0,0.0,0.0,0.0,0.0,0,0
851.4899528953961,18.3055648241262,30.461639058159932,0.0,0.0,0.0,0,0,0,0.0,0.0,0.0,0.0,0.0,0,0
624.3377665398167,18.440841606842675,30.526926956734627,0.0,0.0,0.0,0,0,0,0.0,0.0,0.0,0.0,0.0,0,0
448.2028325964311,18.3055648241262,30.01017807866701,0.0,0.0,0.0,0,0,0,0.0,0.0,0.0,0.0,0.0,0,0
399.01729906632625,18.339276104241605,31.668418679204336,0.0,0.0,0.0,0,0,0,0.0,0.0,0.0,0.0,0.0,0,0
251.60762066022812,17.581608690126714,29.381623897205223,0.0,0.0,0.0,0,0,0,0.0,0.0,0.0,0.0,0.0,0,0
1019.267059271828,17.678380057162876,28.952686402369643,0.0,0.0,0.0,0,0,0,0.0,0.0,0.0,0.0,0.0,0,0
1284.2268420173286,17.873743987908504,26.87940715229901,0.0,0.0,0.0,0,0,0,0.0,0.0,0.0,0.0,0.0,0,0
851.4899528953961,17.939411375632368,25.71178945415557,0.0,0.0,0.0,0,0,0,0.0,0.0,0.0,0.0,0.0,0,0
1284.2268420173286,18.3055648241262,25.15356131134849,0.0,0.0,0.0,0,0,0,0.0,0.0,0.0,0.0,0.0,0,0
1411.3480414449798,18.784143038865714,23.80334702660077,0.0,0.0,0.0,0,0,0,0.0,0.0,0.0,0.0,0.0,0,0
648.3999468665874,19.93438562175379,21.371972721925673,0.0,0.0,0.0,0,0,0,0.0,0.0,0.0,0.0,0.0,0,0
624.3377665398167,19.277419187964682,23.16370274985499,0.0,0.0,0.0,0,0,0,0.0,0.0,0.0,0.0,0.0,0,0
562.6000187683081,18.406914256574545,21.658147754059783,0.0,0.0,0.0,0,0,0,0.0,0.0,0.0,0.0,0.0,0,0
254.878386734463,18.680376763728233,21.658147754059783,0.0,0.0,0.0,0,0,0,0.0,0.0,0.0,0.0,0.0,0,0
1284.2268420173286,18.9235488562729,22.58943126976108,0.0,0.0,0.0,0,0,0,0.0,0.0,0.0,0.0,0.0,0,0
484.6780696502813,18.611570757963946,22.245039036567718,0.0,0.0,0.0,0.3,0,0,0.3,0.0,0.0,0.0,0.0,0,0
1180.1265773010464,18.749479645181225,23.1188681289847,0.01239750282117284,1.335020366238112e-05,0.0021536915449289155,0.3,0,0,0.28760249717882713,-1.335020366238112e-05,-0.0021536915449289155,-0.01224632086277471,-0.01254869915568273,0,0
284.7075611688845,18.749479645181225,21.782257748458605,0.04044289029399234,0.00011905265344642122,0.0053842288623222765,0.3,0,0,0.25955710970600765,-0.00011905265344642122,-0.0053842288623222765,-0.040065123810312325,-0.040821069542582376,0,0
1180.1265773010464,19.134942493208065,22.117607626819968,0.06947038171906363,0.0003378637177458327,0.009691611952180084,0.3,0,0,0.23052961828093638,-0.0003378637177458327,-0.009691611952180084,-0.068791061636574,-0.07015176395466008,0,0
581.6409617069837,18.784143038865714,21.534920213973493,0.09827007306430367,0.0006635122671073837,0.01292214926957342,0.3,0,0,0.2017299269356963,-0.0006635122671073837,-0.01292214926957342,-0.09736581031638167,-0.09918008007382977,0,0
1284.2268420173286,19.241682753275676,21.949127558551538,0.12646468682365639,0.0010126844988676545,0.01184530349710895,0.3,0,0,0.1735353131763436,-0.0010126844988676545,-0.01184530349710895,-0.1256381807032813,-0.1273012613142754,0,0
459.67991945810627,19.277419187964682,21.949127558551538,0.1485367536361524,0.0012741470578942985,0.01184530349710895,0.3,0,0,0.1514632463638476,-0.0012741470578942985,-0.01184530349710895,-0.1477117960855666,-0.1493748766965607,0,0
288.9697116820819,18.818881403249385,21.33147560417641,0.17499332024396316,0.0015590544896265904,0.00969161195218001,0.3,0,0,0.12500667975603683,-0.0015590544896265904,-0.00969161195218001,-0.17432108586147213,-0.1756817881795582,0,0
528.3325926770696,19.134942493208065,22.075335325140372,0.20061943110750477,0.0017108307946051577,0.002153691544928867,0.3,0,0,0.09938056889249522,-0.0017108307946051577,-0.002153691544928867,-0.20047680819801567,-0.20077918649092366,0,0
280.5772654118684,18.714890970363626,21.575898614386084,0.2245073023970817,0.0016851072314508126,-0.004307383089857855,0.3,0,0,0.0754926976029183,-0.0016851072314508126,0.004307383089857855,-0.2248182607771111,-0.22421350419129502,0,0
1284.2268420173286,19.134942493208065,22.117607626819968,0.24733601637811078,0.0014884383330884914,-0.012922149269573469,0.3,0,0,0.052663983621889204,-0.0014884383330884914,0.012922149269573469,-0.24825257847748244,-0.2464383087200343,0,0
437.33222201576723,18.749479645181225,20.89221469509625,0.2641158223929228,0.0012173758108882126,-0.019383223904360165,0.3,0,0,0.03588417760707718,-0.0012173758108882126,0.019383223904360165,-0.26548814117323943,-0.2627667365370673,0,0
297.9167592848756,18.204859322179495,20.541072037014736,0.28021391671788776,0.0008792904040452015,-0.022613761221753525,0.3,0,0,0.019786083282112232,-0.0008792904040452015,0.022613761221753525,-0.2818165689902724,-0.2786415969147382,0,0
280.5772654118684,18.784143038865714,21.90726008446299,0.29223023262691444,0.0006010367271944328,-0.023690606994217996,0.3,0,0,0.0077697673730855454,-0.0006010367271944328,0.023690606994217996,-0.2939117007065931,-0.2905855394846049,0,0
280.5772654118684,18.6459367757314,21.29107368585003,0.3000147571126956,0.0004375494177820845,-0.018306378131895736,0.3,0,0,-1.4757112695606978e-05,-0.0004375494177820845,0.018306378131895736,-0.3013199688828396,-0.2987497533931214,0,0
648.3999468665874,18.9235488562729,21.865492873548824,0.30455005282372666,0.0003789403873696015,-0.007537920407251238,0.3,0,0,-0.004550052823726669,-0.0003789403873696015,0.007537920407251238,-0.3050996975441898,-0.30404137351901167,0,0
648.3999468665874,19.099517867391533,21.90726008446299,0.3059107519860818,0.0003818709181817378,0.011845303497108864,0.3,0,0,-0.005910751986081819,-0.0003818709181817378,-0.011845303497108864,-0.3050996975441898,-0.3067627781551838,0,0
900.238757316699,19.206024670629454,22.159982088780858,0.3059107519860818,0.0003818709181817378,0.011845303497108864,0.3,0,0,-0.005910751986081819,-0.0003818709181817378,-0.011845303497108864,-0.3050996975441898,-0.3067627781551838,0,0
196.81893899271049,18.749479645181225,21.575898614386084,0.3059107519860818,0.0003818709181817378,0.011845303497108864,0.3,0,0,-0.005910751986081819,-0.0003818709181817378,-0.011845303497108864,-0.3050996975441898,-0.3067627781551838,0,0
734.7683303247097,18.958589644962572,22.202459096284322,0.3059107519860818,0.0003818709181817378,0.011845303497108864,0.3,0,0,-0.005910751986081819,-0.0003818709181817378,-0.011845303497108864,-0.3050996975441898,-0.3067627781551838,0,0
734.7683303247097,18.6459367757314,22.117607626819968,0.3059107519860818,0.0003818709181817378,0.011845303497108864,0.3,0,0,-0.005910751986081819,-0.0003818709181817378,-0.011845303497108864,-0.3050996975441898,-0.3067627781551838,0,0
1093.1463157010076,19.134942493208065,22.459496422942998,0.3059107519860818,0.0003818709181817378,0.011845303497108864,0.3,0,0,-0.005910751986081819,-0.0003818709181817378,-0.011845303497108864,-0.3050996975441898,-0.3067627781551838,0,0
512.8513118946122,19.06417053152061,22.28772229885734,0.3059107519860818,0.0003818709181817378,0.011845303497108864,0.3,0,0,-0.005910751986081819,-0.0003818709181817378,-0.011845303497108864,-0.3050996975441898,-0.3067627781551838,0,0
703.2691653992177,19.06417053152061,22.245039036567718,0.30583516224501817,0.000381016197579739,0.010768457724644414,0.3,0,0,-0.005835162245018177,-0.000381016197579739,-0.010768457724644414,-0.3050996975441898,-0.3066115890087298,0,0
498.3296704628293,19.134942493208065,22.28772229885734,0.30583516224501817,0.000381016197579739,0.010768457724644414,0.3,0,0,-0.005835162245018177,-0.000381016197579739,-0.010768457724644414,-0.3050996975441898,-0.3066115890087298,0,0
512.8513118946122,18.88858405722158,22.502702204181062,0.30583516224501817,0.000381016197579739,0.010768457724644414,0.3,0,0,-0.005835162245018177,-0.000381016197579739,-0.010768457724644414,-0.3050996975441898,-0.3066115890087298,0,0
353.40072554933454,18.958589644962572,22.676586373412853,0.30583516224501817,0.000381016197579739,0.010768457724644414,0.3,0,0,-0.005835162245018177,-0.000381016197579739,-0.010768457724644414,-0.3050996975441898,-0.3066115890087298,0,0
1284.2268420173286,18.993706680961672,22.502702204181062,0.30583516224501817,0.000381016197579739,0.010768457724644414,0.3,0,0,-0.005835162245018177,-0.000381016197579739,-0.010768457724644414,-0.3050996975441898,-0.3066115890087298,0,0
1284.2268420173286,18.9235488562729,22.85218781026422,0.30583516224501817,0.000381016197579739,0.010768457724644414,0.3,0,0,-0.005835162245018177,-0.000381016197579739,-0.010768457724644414,-0.3050996975441898,-0.3066115890087298,0,0
851.4899528953961,18.853694991318818,22.546013685281594,0.30583516224501817,0.000381016197579739,0.010768457724644414,0.3,0,0,-0.005835162245018177,-0.000381016197579739,-0.010768457724644414,-0.3050996975441898,-0.3066115890087298,0,0
437.33222201576723,18.9235488562729,22.37340035638271,0.30583516224501817,0.000381016197579739,0.010768457724644414,0.3,0,0,-0.005835162245018177,-0.000381016197579739,-0.010768457724644414,-0.3050996975441898,-0.3066115890087298,0,0
769.566351540633,18.958589644962572,22.502702204181062,0.30583516224501817,0.000381016197579739,0.010768457724644414,0.3,0,0,-0.005835162245018177,-0.000381016197579739,-0.010768457724644414,-0.3050996975441898,-0.3066115890087298,0,0
228.31501027837746,18.993706680961672,22.117607626819968,0.30583516224501817,0.000381016197579739,0.010768457724644414,0.3,0,0,-0.005835162245018177,-0.000381016197579739,-0.010768457724644414,-0.3050996975441898,-0.3066115890087298,0,0
1180.1265773010464,18.958589644962572,22.159982088780858,0.30583516224501817,0.000381016197579739,0.010768457724644414,0.3,0,0,-0.005835162245018177,-0.000381016197579739,-0.010768457724644414,-0.3050996975441898,-0.3066115890087298,0,0
512.8513118946122,18.958589644962572,22.202459096284322,0.30583516224501817,0.000381016197579739,0.010768457724644414,0.3,0,0,-0.005835162245018177,-0.000381016197579739,-0.010768457724644414,-0.3050996975441898,-0.3066115890087298,0,0
346.8640580657511,19.028900223129533,22.37340035638271,0.30583516224501817,0.000381016197579739,0.010768457724644414,0.3,0,0,-0.005835162245018177,-0.000381016197579739,-0.010768457724644414,-0.3050996975441898,-0.3066115890087298,0,0
900.238757316699,18.958589644962572,22.546013685281594,0.30583516224501817,0.000381016197579739,0.010768457724644414,0.3,0,0,-0.005835162245018177,-0.000381016197579739,-0.010768457724644414,-0.3050996975441898,-0.3066115890087298,0,0
211.34777997197892,18.00535478258695,22.720324710149534,0.30583516224501817,0.000381016197579739,0.010768457724644414,0.3,0,0,-0.005835162245018177,-0.000381016197579739,-0.010768457724644414,-0.3050996975441898,-0.3066115890087298,0,0
382.4520830402873,18.680376763728233,23.16370274985499,0.30583516224501817,0.000381016197579739,0.010768457724644414,0.3,0,0,-0.005835162245018177,-0.000381016197579739,-0.010768457724644414,-0.3050996975441898,-0.3066115890087298,0,0
1284.2268420173286,18.611570757963946,23.435077391437254,0.30583516224501817,0.000381016197579739,0.010768457724644414,0.3,0,0,-0.005835162245018177,-0.000381016197579739,-0.010768457724644414,-0.3050996975441898,-0.3066115890087298,0,0
624.3377665398167,18.474841460347584,22.94064078706048,0.30583516224501817,0.000381016197579739,0.010768457724644414,0.3,0,0,-0.005835162245018177,-0.000381016197579739,-0.010768457724644414,-0.3050996975441898,-0.3066115890087298,0,0
459.67991945810627,18.474841460347584,23.389564303261636,0.30583516224501817,0.000381016197579739,0.010768457724644414,0.3,0,0,-0.005835162245018177,-0.000381016197579739,-0.010768457724644414,-0.3050996975441898,-0.3066115890087298,0,0
261.6981137825328,18.03843055896276,22.720324710149534,0.30583516224501817,0.000381016197579739,0.010768457724644414,0.3,0,0,-0.005835162245018177,-0.000381016197579739,-0.010768457724644414,-0.3050996975441898,-0.3066115890087298,0,0
851.4899528953961,18.714890970363626,23.074145052998297,0.30583516224501817,0.000381016197579739,0.010768457724644414,0.3,0,0,-0.005835162245018177,-0.000381016197579739,-0.010768457724644414,-0.3050996975441898,-0.3066115890087298,0,0
390.5444991736698,18.508914058826775,23.480705112311483,0.30583516224501817,0.000381016197579739,0.010768457724644414,0.3,0,0,-0.005835162245018177,-0.000381016197579739,-0.010768457724644414,-0.3050996975441898,-0.3066115890087298,0,0
851.4899528953961,18.680376763728233,23.710579061410876,0.30583516224501817,0.000381016197579739,0.010768457724644414,0.3,0,0,-0.005835162245018177,-0.000381016197579739,-0.010768457724644414,-0.3050996975441898,-0.3066115890087298,0,0
648.3999468665874,18.440841606842675,23.849908233631425,0.30583516224501817,0.000381016197579739,0.010768457724644414,0.3,0,0,-0.005835162245018177,-0.000381016197579739,-0.010768457724644414,-0.3050996975441898,-0.3066115890087298,0,0
346.8640580657511,17.808350823217232,23.943387448052704,0.30583516224501817,0.000381016197579739,0.010768457724644414,0.3,0,0,-0.005835162245018177,-0.000381016197579739,-0.010768457724644414,-0.3050996975441898,-0.3066115890087298,0,0
