FDist,LDist,RDist,XEst,YEst,ThetaEst,XDes,YDes,ThetaDes,XError,YError,ThetaError,SL,SR,RW,LW
544.8761250677193,18.474841460347584,43.88139400932728,0.0,0.0,0.0,0,0,0,0.0,0.0,0.0,0.0,0.0,0,0
624.3377665398167,18.508914058826775,43.88139400932728,0.0,0.0,0.0,0,0,0,0.0,0.0,0.0,0.0,0.0,0,0
261.6981137825328,17.906543292002304,42.985502974536416,0.0,0.0,0.0,0,0,0,0.0,0.0,0.0,0.0,0.0,0,0
312.50933522689996,18.3055648241262,43.09587104878454,0.0,0.0,0.0,0,0,0,0.0,0.0,0.0,0.0,0.0,0,0
624.3377665398167,17.906543292002304,41.69564725646781,0.0,0.0,0.0,0,0,0,0.0,0.0,0.0,0.0,0.0,0,0
1284.2268420173286,18.339276104241605,43.654616942576325,0.0,0.0,0.0,0,0,0,0.0,0.0,0.0,0.0,0.0,0,0
220.70517709223105,17.873743987908504,41.80075928277381,0.0,0.0,0.0,0,0,0,0.0,0.0,0.0,0.0,0.0,0,0
734.7683303247097,18.474841460347584,43.88139400932728,0.0,0.0,0.0,0,0,0,0.0,0.0,0.0,0.0,0.0,0,0
390.5444991736698,17.906543292002304,39.97098488311734,0.0,0.0,0.0,0,0,0,0.0,0.0,0.0,0.0,0.0,0,0
346.8640580657511,18.3055648241262,40.56659194626288,0.0,0.0,0.0,0,0,0,0.0,0.0,0.0,0.0,0.0,0,0
1284.2268420173286,18.406914256574545,41.80075928277381,0.0,0.0,0.0,0,0,0,0.0,0.0,0.0,0.0,0.0,0,0
239.3652489782259,17.581608690126714,40.06929243145368,0.0,0.0,0.0,0,0,0,0.0,0.0,0.0,0.0,0.0,0,0
1284.2268420173286,18.611570757963946,40.06929243145368,0.0,0.0,0.0,0,0,0,0.0,0.0,0.0,0.0,0.0,0,0
1019.267059271828,18.508914058826775,41.906294265999335,0.0,0.0,0.0,0,0,0,0.0,0.0,0.0,0.0,0.0,0,0
459.67991945810627,18.406914256574545,43.88139400932728,0.0,0.0,0.0,0,0,0,0.0,0.0,0.0,0.0,0.0,0,0
317.7208243859324,18.339276104241605,44.34070465302382,0.0,0.0,0.0,0,0,0,0.0,0.0,0.0,0.0,0.0,0,0
602.1580731583105,17.775756517532926,40.869665833746936,0.0,0.0,0.0,0,0,0,0.0,0.0,0.0,0.0,0.0,0,0
223.1819809443389,17.263333182539768,39.19797072143669,0.0,0.0,0.0,0,0,0,0.0,0.0,0.0,0.0,0.0,0,0
624.3377665398167,17.873743987908504,41.176340005486864,0.0,0.0,0.0,0,0,0,0.0,0.0,0.0,0.0,0.0,0,0
851.4899528953961,18.373059168895537,44.11008151330754,0.0,0.0,0.0,0,0,0,0.0,0.0,0.0,0.0,0.0,0,0
399.01729906632625,18.271925091134115,43.9954973922686,0.0,0.0,0.0,0,0,0,0.0,0.0,0.0,0.0,0.0,0,0
280.5772654118684,17.873743987908504,40.97148724743448,0.0,0.0,0.0,0.3,0,0,0.3,0.0,0.0,0.0,0.0,0,0
194.9110753588243,17.906543292002304,43.31797937953491,0.006879105166533722,3.70386801637624e-06,0.0010768457724644517,0.3,0,0,0.29312089483346626,-3.70386801637624e-06,-0.0010768457724644517,-0.0068035115904303955,-0.0069547007368844045,0,0
512.8513118946122,18.339276104241605,44.92590039496099,0.0350002701023648,3.398603729933812e-05,0.0010768457724644517,0.3,0,0,0.2649997298976352,-3.398603729933812e-05,-0.0010768457724644517,-0.03492469283087603,-0.03507588197733004,0,0
851.4899528953961,18.3055648241262,43.31797937953491,0.06486001832273912,0.00011437209059311372,0.004307383089857813,0.3,0,0,0.23513998167726086,-0.00011437209059311372,-0.004307383089857813,-0.06455776553586175,-0.0651625221216778,0,0
624.3377665398167,18.339276104241605,43.76776822876407,0.09449247250637403,0.00030583225289203036,0.00861476617971562,0.3,0,0,0.20550752749362594,-0.00030583225289203036,-0.00861476617971562,-0.09388845994793946,-0.09509797311957154,0,0
581.6409617069837,17.613798941900477,42.44040737188923,0.12314131659151858,0.0005989211503052969,0.011845303497108956,0.3,0,0,0.1768586834084814,-0.0005989211503052969,-0.011845303497108956,-0.12231201948129311,-0.12397510009228721,0,0
648.3999468665874,18.543059645113814,44.573289080576004,0.15095739373226302,0.00098834371524162,0.01615268658696674,0.3,0,0,0.14904260626773697,-0.00098834371524162,-0.01615268658696674,-0.14982844413592272,-0.15209628133273284,0,0
239.3652489782259,17.453511375747283,41.59095555144303,0.1775627340317611,0.0014467866517287604,0.01830637813189568,0.3,0,0,0.1224372659682389,-0.0014467866517287604,-0.01830637813189568,-0.17628654476537425,-0.1788567602550924,0,0
734.7683303247097,18.339276104241605,44.573289080576004,0.20288382904150373,0.0018421890406481178,0.012922149269573429,0.3,0,0,0.09711617095849626,-0.0018421890406481178,-0.012922149269573429,-0.20198869966255575,-0.20380296942000384,0,0
390.5444991736698,18.339276104241605,44.573289080576004,0.22669534300627123,0.0020345031831621053,0.0032305373173933706,0.3,0,0,0.07330465699372876,-0.0020345031831621053,-0.0032305373173933706,-0.22648134138810516,-0.22693490882746717,0,0
624.3377665398167,18.271925091134115,44.34070465302382,0.2492980909147796,0.001997993641112803,-0.006461074634786712,0.3,0,0,0.050701909085220376,-0.001997993641112803,0.006461074634786712,-0.2497644699420225,-0.24885733506329843,0,0
734.7683303247097,18.474841460347584,44.573289080576004,0.26948055177876673,0.001769783240379118,-0.01615268658696677,0.3,0,0,0.03051944822123326,-0.001769783240379118,0.01615268658696677,-0.2706285721526757,-0.26836073495586554,0,0
1093.1463157010076,18.3055648241262,44.573289080576004,0.2849743642515501,0.0014610801412361972,-0.023690606994217912,0.3,0,0,0.015025635748449895,-0.0014610801412361972,0.023690606994217912,-0.28665462167680067,-0.2833284604548124,0,0
284.7075611688845,17.906543292002304,42.875588389285745,0.296007786979382,0.001187754474261936,-0.025844298539146826,0.3,0,0,0.003992213020617974,-0.001187754474261936,0.025844298539146826,-0.2978426185143973,-0.294214078999501,0,0
382.4520830402873,18.508914058826775,44.34070465302382,0.3032622363912013,0.0009924092004318606,-0.027997990084075722,0.3,0,0,-0.003262236391201323,-0.0009924092004318606,0.027997990084075722,-0.30525088669064376,-0.30131996888283946,0,0
734.7683303247097,18.171432816688856,44.45675008456414,0.3069648623937181,0.0008867208459030666,-0.029074835856540172,0.3,0,0,-0.00696486239371813,-0.0008867208459030666,0.029074835856540172,-0.309030615351994,-0.3049485083977357,0,0
1019.267059271828,18.3055648241262,44.45675008456414,0.3069648623937181,0.0008867208459030666,-0.029074835856540172,0.3,0,0,-0.00696486239371813,-0.0008867208459030666,0.029074835856540172,-0.309030615351994,-0.3049485083977357,0,0
769.566351540633,18.339276104241605,44.573289080576004,0.3069648623937181,0.0008867208459030666,-0.029074835856540172,0.3,0,0,-0.00696486239371813,-0.0008867208459030666,0.029074835856540172,-0.309030615351994,-0.3049485083977357,0,0
528.3325926770696,17.646055992159724,41.48668155431983,0.3069648623937181,0.0008867208459030666,-0.029074835856540172,0.3,0,0,-0.00696486239371813,-0.0008867208459030666,0.029074835856540172,-0.309030615351994,-0.3049485083977357,0,0
317.7208243859324,17.873743987908504,41.59095555144303,0.3068892985977484,0.0008888777510975318,-0.027997990084075722,0.3,0,0,-0.0068892985977483945,-0.0008888777510975318,0.027997990084075722,-0.30887942620554,-0.3049485083977357,0,0
307.4777105974586,17.873743987908504,41.69564725646781,0.3068892985977484,0.0008888777510975318,-0.027997990084075722,0.3,0,0,-0.0068892985977483945,-0.0008888777510975318,0.027997990084075722,-0.30887942620554,-0.3049485083977357,0,0
280.5772654118684,17.873743987908504,43.09587104878454,0.3068892985977484,0.0008888777510975318,-0.027997990084075722,0.3,0,0,-0.0068892985977483945,-0.0008888777510975318,0.027997990084075722,-0.30887942620554,-0.3049485083977357,0,0
346.8640580657511,18.271925091134115,45.04444673804966,0.30681373252293664,0.0008909532845029117,-0.026921144311611273,0.3,0,0,-0.006813732522936655,-0.0008909532845029117,0.026921144311611273,-0.308728237059086,-0.3049485083977357,0,0
471.8179059817352,17.841013239325363,43.76776822876407,0.30681373252293664,0.0008909532845029117,-0.026921144311611273,0.3,0,0,-0.006813732522936655,-0.0008909532845029117,0.026921144311611273,-0.308728237059086,-0.3049485083977357,0,0
258.2405371440609,18.339276104241605,45.766561441787665,0.30681373252293664,0.0008909532845029117,-0.026921144311611273,0.3,0,0,-0.006813732522936655,-0.0008909532845029117,0.026921144311611273,-0.308728237059086,-0.3049485083977357,0,0
437.33222201576723,17.873743987908504,44.22514953619365,0.30681373252293664,0.0008909532845029117,-0.026921144311611273,0.3,0,0,-0.006813732522936655,-0.0008909532845029117,0.026921144311611273,-0.308728237059086,-0.3049485083977357,0,0
528.3325926770696,18.339276104241605,45.283073634897775,0.30681373252293664,0.0008909532845029117,-0.026921144311611273,0.3,0,0,-0.006813732522936655,-0.0008909532845029117,0.026921144311611273,-0.308728237059086,-0.3049485083977357,0,0
261.6981137825328,18.543059645113814,45.04444673804966,0.30681373252293664,0.0008909532845029117,-0.026921144311611273,0.3,0,0,-0.006813732522936655,-0.0008909532845029117,0.026921144311611273,-0.308728237059086,-0.3049485083977357,0,0
459.67991945810627,18.474841460347584,42.5485367221777,0.30681373252293664,0.0008909532845029117,-0.026921144311611273,0.3,0,0,-0.006813732522936655,-0.0008909532845029117,0.026921144311611273,-0.308728237059086,-0.3049485083977357,0,0
1019.267059271828,18.339276104241605,41.279376340133794,0.30681373252293664,0.0008909532845029117,-0.026921144311611273,0.3,0,0,-0.006813732522936655,-0.0008909532845029117,0.026921144311611273,-0.308728237059086,-0.3049485083977357,0,0
448.2028325964311,18.6459367757314,41.80075928277381,0.30681373252293664,0.0008909532845029117,-0.026921144311611273,0.3,0,0,-0.006813732522936655,-0.0008909532845029117,0.026921144311611273,-0.308728237059086,-0.3049485083977357,0,0
