FDist,LDist,RDist,XEst,YEst,ThetaEst,XDes,YDes,ThetaDes,XError,YError,ThetaError,SL,SR,RW,LW
46.13474391281483,1570.544100534677,24.22671386331148,0.0,0.0,0.0,0,0,0,0.0,0.0,0.0,0.0,0.0,0,0
28.473193408840125,1411.3480414449798,23.435077391437254,0.0,0.0,0.0,0,0,0,0.0,0.0,0.0,0.0,0.0,0,0
97.6101426547749,900.238757316699,18.238356668915443,0.0,0.0,0.0,0,0,0,0.0,0.0,0.0,0.0,0.0,0,0
1570.544100534677,528.3325926770696,19.349128189198815,0.0,0.0,0.0,0,0,0,0.0,0.0,0.0,0.0,0.0,0,0
239.3652489782259,24.80671986348088,20.23497444201862,0.0,0.0,0.0,0,0,0,0.0,0.0,0.0,0.0,0.0,0,0
1411.3480414449798,30.202480579810853,21.740789092600608,0.0,0.0,0.0,0,0,0,0.0,0.0,0.0,0.0,0.0,0,0
407.8990969411948,24.660015279911583,21.412565389122804,0.0,0.0,0.0,0,0,0,0.0,0.0,0.0,0.0,0.0,0,0
293.3703955349555,25.15356131134849,21.250766618660897,0.0,0.0,0.0,0,0,0,0.0,0.0,0.0,0.0,0.0,0,0
196.81893899271049,24.08450540165466,20.931683493242176,0.0,0.0,0.0,0,0,0,0.0,0.0,0.0,0.0,0.0,0,0
769.566351540633,21.90726008446299,21.371972721925673,0.0,0.0,0.0,0,0,0,0.0,0.0,0.0,0.0,0.0,0,0
407.8990969411948,19.712466909449226,21.45325395754319,0.0,0.0,0.0,0,0,0,0.0,0.0,0.0,0.0,0.0,0,0
1093.1463157010076,18.57727846314466,21.130411066922797,0.0,0.0,0.0,0,0,0,0.0,0.0,0.0,0.0,0.0,0,0
353.40072554933454,18.714890970363626,20.23497444201862,0.0,0.0,0.0,0,0,0,0.0,0.0,0.0,0.0,0.0,0,0
317.7208243859324,17.263333182539768,19.602617680935374,0.0,0.0,0.0,0,0,0,0.0,0.0,0.0,0.0,0.0,0,0
1411.3480414449798,17.873743987908504,21.130411066922797,0.0,0.0,0.0,0,0,0,0.0,0.0,0.0,0.0,0.0,0,0
1411.3480414449798,17.646055992159724,21.17043565318336,0.0,0.0,0.0,0,0,0,0.0,0.0,0.0,0.0,0.0,0,0
674.6059938250444,18.958589644962572,21.05064198016546,0.0,0.0,0.0,0,0,0,0.0,0.0,0.0,0.0,0.0,0,0
407.8990969411948,22.159982088780858,19.97166324722388,0.0,0.0,0.0,0,0,0,0.0,0.0,0.0,0.0,0.0,0,0
317.7208243859324,25.10361938144616,19.712466909449226,0.0,0.0,0.0,0,0,0,0.0,0.0,0.0,0.0,0.0,0,0
459.67991945810627,1093.1463157010076,19.67576893443448,0.0,0.0,0.0,0,0,0,0.0,0.0,0.0,0.0,0.0,0,0
1411.3480414449798,955.6520228707801,20.121616418144527,0.0,0.0,0.0,0,0,0,0.0,0.0,0.0,0.0,0.0,0,0
1570.544100534677,1411.3480414449798,19.93438562175379,0.0,0.0,0.0,0,0,0,0.0,0.0,0.0,0.0,0.0,0,0
808.2350827585409,390.5444991736698,20.15931686442059,0.0,0.0,0.0,0.3,0,0,0.3,0.0,0.0,0.0,0.0,0,0
1284.2268420173286,674.6059938250444,20.197102771620948,0.012473102774484221,6.7158046450779134e-06,0.00107684577246447,0.3,0,0,0.2875268972255158,-6.7158046450779134e-06,-0.00107684577246447,-0.012397510009228719,-0.01254869915568273,0,0
562.6000187683081,624.3377665398167,19.529790810708228,0.0408963986292921,0.00012914658574420855,0.007537920407251167,0.3,0,0,0.25910360137070787,-0.00012914658574420855,-0.007537920407251167,-0.04036750210322035,-0.04142582612839841,0,0
1411.3480414449798,624.3377665398167,18.680376763728233,0.07030145578095873,0.00039830415014204337,0.010768457724644503,0.3,0,0,0.22969854421904126,-0.00039830415014204337,-0.010768457724644503,-0.06954700736884405,-0.07105889883338413,0,0
251.60762066022812,471.8179059817352,18.680376763728233,0.09962927624456973,0.0008088909849118624,0.0172295323594312,0.3,0,0,0.20037072375543025,-0.0008088909849118624,-0.0172295323594312,-0.09842413434155972,-0.10084316068482387,0,0
562.6000187683081,1570.544100534677,18.611570757963946,0.12268053807139745,0.0012930038914241535,0.02476745276668234,0.3,0,0,0.17731946192860254,-0.0012930038914241535,-0.02476745276668234,-0.12095131716320703,-0.12442866753164923,0,0
674.6059938250444,448.2028325964311,18.611570757963946,0.14504707468355585,0.0019434905778895092,0.03338221894639793,0.3,0,0,0.15495292531644414,-0.0019434905778895092,-0.03338221894639793,-0.1427225542525843,-0.14740941779265856,0,0
703.2691653992177,448.2028325964311,18.611570757963946,0.1670271620302387,0.0028315670092588915,0.04738121398843577,0.3,0,0,0.13297283796976128,-0.0028315670092588915,-0.04738121398843577,-0.1637378456096915,-0.1703901680536679,0,0
407.8990969411948,624.3377665398167,18.00535478258695,0.1933658976874428,0.004350655481550714,0.06784128366526031,0.3,0,0,0.10663410231255718,-0.004350655481550714,-0.06784128366526031,-0.18868405477460296,-0.19820897100120552,0,0
1411.3480414449798,1093.1463157010076,18.611570757963946,0.21837481712537524,0.006456207795394995,0.10014665683919384,0.3,0,0,0.08162518287462475,-0.006456207795394995,-0.10014665683919384,-0.2115136158891583,-0.22557420650938112,0,0
955.6520228707801,317.7208243859324,18.611570757963946,0.2420094724154432,0.00935935287330469,0.1442973335102363,0.3,0,0,0.05799052758455678,-0.00935935287330469,-0.1442973335102363,-0.2322265289533575,-0.2524858745781947,0,0
1411.3480414449798,312.50933522689996,18.474841460347584,0.263208561648778,0.013201498976217288,0.21429230872042554,0.3,0,0,0.036791438351222006,-0.013201498976217288,-0.21429230872042554,-0.24885733506329846,-0.27894397520764624,0,0
1411.3480414449798,900.238757316699,18.406914256574545,0.27969699165634665,0.017674472870354424,0.31551581133208384,0.3,0,0,0.02030300834365334,-0.017674472870354424,-0.31551581133208384,-0.25883581872926303,-0.30313423864028766,0,0
1411.3480414449798,1093.1463157010076,18.611570757963946,0.289780079556763,0.021571645775942835,0.4221235428060644,0.3,0,0,0.010219920443236996,-0.021571645775942835,-0.4221235428060644,-0.26216197995125123,-0.3214281253612227,0,0
808.2350827585409,346.8640580657511,18.6459367757314,0.2998930410150706,0.027184102076924052,0.591188329082983,0.3,0,0,0.00010695898492940614,-0.027184102076924052,-0.591188329082983,-0.2618596016583432,-0.3448624430615941,0,0
1093.1463157010076,382.4520830402873,18.104791397724426,0.30860529889441957,0.0344417670888003,0.7979427173961575,0.3,0,0,-0.008605298894419577,-0.0344417670888003,-0.7979427173961575,-0.258684629582809,-0.37071578710522957,0,0
1570.544100534677,448.2028325964311,18.611570757963946,0.3129571221577934,0.040715175391936906,1.1306880610876726,0.3,0,0,-0.012957122157793433,-0.040715175391936906,-1.1306880610876726,-0.24296095835159212,-0.4017095621283014,0,0
239.3652489782259,353.40072554933454,18.714890970363626,0.31374125034794176,0.04448991514779898,1.6012696636546373,0.3,0,0,-0.01374125034794177,-0.04448991514779898,-1.6012696636546373,-0.2137814530859684,-0.43859971386307955,0,0
