FDist,LDist,RDist,XEst,YEst,ThetaEst,XDes,YDes,ThetaDes,XError,YError,ThetaError,SL,SR,RW,LW
648.3999468665874,769.566351540633,179.3202830877122,0.0,0.0,0.0,0,0,0,0.0,0.0,0.0,0.0,0.0,0,0
390.5444991736698,703.2691653992177,228.31501027837746,0.0,0.0,0.0,0,0,0,0.0,0.0,0.0,0.0,0.0,0,0
581.6409617069837,900.238757316699,154.7323071690459,0.0,0.0,0.0,0,0,0,0.0,0.0,0.0,0.0,0.0,0,0
1093.1463157010076,1411.3480414449798,164.75326598182954,0.0,0.0,0.0,0,0,0,0.0,0.0,0.0,0.0,0.0,0,0
471.8179059817352,1570.544100534677,367.3069052663625,0.0,0.0,0.0,0,0,0,0.0,0.0,0.0,0.0,0.0,0,0
162.1258003695371,1411.3480414449798,374.71408913910363,0.0,0.0,0.0,0,0,0,0.0,0.0,0.0,0.0,0.0,0,0
528.3325926770696,544.8761250677193,427.0195773074906,0.0,0.0,0.0,0,0,0,0.0,0.0,0.0,0.0,0.0,0,0
242.3065498311679,1411.3480414449798,106.88588226030939,0.0,0.0,0.0,0,0,0,0.0,0.0,0.0,0.0,0.0,0,0
159.58252707905322,648.3999468665874,168.8620920208621,0.0,0.0,0.0,0,0,0,0.0,0.0,0.0,0.0,0.0,0,0
177.7453057985956,648.3999468665874,179.3202830877122,0.0,0.0,0.0,0,0,0,0.0,0.0,0.0,0.0,0.0,0,0
459.67991945810627,602.1580731583105,132.61463364415852,0.0,0.0,0.0,0,0,0,0.0,0.0,0.0,0.0,0.0,0,0
900.238757316699,648.3999468665874,147.99350743133397,0.0,0.0,0.0,0,0,0,0.0,0.0,0.0,0.0,0.0,0,0
367.3069052663625,1411.3480414449798,323.12240163650586,0.0,0.0,0.0,0,0,0,0.0,0.0,0.0,0.0,0.0,0,0
769.566351540633,1411.3480414449798,288.9697116820819,0.0,0.0,0.0,0,0,0,0.0,0.0,0.0,0.0,0.0,0,0
648.3999468665874,1570.544100534677,209.13650375320472,0.0,0.0,0.0,0,0,0,0.0,0.0,0.0,0.0,0.0,0,0
242.3065498311679,1411.3480414449798,171.72011046907937,0.0,0.0,0.0,0,0,0,0.0,0.0,0.0,0.0,0.0,0,0
624.3377665398167,1411.3480414449798,130.08105893503551,0.0,0.0,0.0,0,0,0,0.0,0.0,0.0,0.0,0.0,0,0
346.8640580657511,1411.3480414449798,242.3065498311679,0.0,0.0,0.0,0.5,0,0,0.5,0.0,0.0,0.0,0.0,0,0
399.01729906632625,1411.3480414449798,265.2554052777127,0.0036416294842861684,0.0,0.0,0.5,0,0,0.49635837051571385,0.0,0.0,-0.0036416294842861684,-0.0036416294842861684,0,0
1284.2268420173286,37.36426621567546,52.30584039894111,0.045292042210584256,0.00024566642359247497,0.011796453320360651,0.5,0,0,0.45470795778941575,-0.00024566642359247497,-0.011796453320360651,-0.044458226620660304,-0.04612730680095813,0,0
417.22151175368833,297.9167592848756,40.167981003823776,0.08489148364346383,0.0007552941519480748,0.013941263014971696,0.5,0,0,0.4151085163565362,-0.0007552941519480748,-0.013941263014971696,-0.08390921270042713,-0.08588176200441547,0,0
1284.2268420173286,851.4899528953961,35.57727385086573,0.13587007491337774,0.0014113666298311467,0.0117964533203607,0.5,0,0,0.36412992508662223,-0.0014113666298311467,-0.0117964533203607,-0.13504376004227875,-0.13671284022257657,0,0
1411.3480414449798,265.2554052777127,30.790100524402142,0.18654755349670243,0.0018461514865449134,0.0053620242365276126,0.5,0,0,0.31345244650329757,-0.0018461514865449134,-0.0053620242365276126,-0.18617830738413035,-0.18693698019335664,0,0
258.2405371440609,459.67991945810627,21.782257748458605,0.23593680547396995,0.0020315308133838895,0.0021448096946110936,0.5,0,0,0.26406319452603005,-0.0020315308133838895,-0.0021448096946110936,-0.2357955091075294,-0.23609897823121992,0,0
1093.1463157010076,353.40072554933454,20.931683493242176,0.2834294775447507,0.0021843254557702687,0.00428961938922209,0.5,0,0,0.21657052245524933,-0.0021843254557702687,-0.00428961938922209,-0.28313669240324957,-0.28374363065063063,0,0
1411.3480414449798,317.7208243859324,21.699419216529087,0.3281147856749756,0.0023999704644830405,0.0053620242365276126,0.5,0,0,0.1718852143250244,-0.0023999704644830405,-0.0053620242365276126,-0.3277466535857551,-0.3285053263949814,0,0
1284.2268420173286,254.878386734463,29.56820969111582,0.3706761773101738,0.0025140783446231736,9.71445146547012e-17,0.5,0,0,0.12932382268982617,-0.0025140783446231736,-9.71445146547012e-17,-0.37068753458796283,-0.3706875345879629,0,0
258.2405371440609,307.4777105974586,27.321922058316176,0.40208515936806843,0.0025814447371386644,0.004289619389222139,0.5,0,0,0.09791484063193157,-0.0025814447371386644,-0.004289619389222139,-0.40179311976624055,-0.4024000580136216,0,0
484.6780696502813,272.6876389629632,179.3202830877122,0.43880439546533867,0.0027783360580033592,0.006434429083833135,0.5,0,0,0.06119560453466133,-0.0027783360580033592,-0.006434429083833135,-0.4383611491709475,-0.43927155654201905,0,0
544.8761250677193,1019.267059271828,1411.3480414449798,0.4708130242847286,0.0034649655232224415,0.0364617648083875,0.5,0,0,0.0291869757152714,-0.0034649655232224415,-0.0364617648083875,-0.46825285785446313,-0.4734118329572019,0,0
284.7075611688845,254.878386734463,41.69564725646781,0.49348181734265545,0.0043040476799982765,0.03753416965569303,0.5,0,0,0.006518182657344551,-0.0043040476799982765,-0.03753416965569303,-0.49086130756940644,-0.49617201723399046,0,0
448.2028325964311,390.5444991736698,52.611946269889565,0.5088000996988062,0.004764153178653319,0.022520501793415856,0.5,0,0,-0.00880009969880624,-0.004764153178653319,-0.022520501793415856,-0.5072486402486942,-0.5104350660474446,0,0
1411.3480414449798,185.91929651913173,42.985502974536416,0.5179790786631763,0.004897050814483761,0.006434429083833151,0.5,0,0,-0.017979078663176273,-0.004897050814483761,-0.006434429083833151,-0.5175665904541716,-0.5184769978252433,0,0
1284.2268420173286,769.566351540633,40.76824443801301,0.5222276366226982,0.0048879384522111345,-0.010724048473055053,0.5,0,0,-0.02222763662269822,-0.0048879384522111345,0.010724048473055053,-0.5230290346806009,-0.5215116890621484,0,0
1411.3480414449798,353.40072554933454,38.172601280949785,0.5223034990939421,0.0048870841856459004,-0.011796453320360566,0.5,0,0,-0.022303499093942136,-0.0048870841856459004,0.011796453320360566,-0.5231807692424462,-0.5215116890621484,0,0
1284.2268420173286,399.01729906632625,44.45675008456414,0.5223034990939421,0.0048870841856459004,-0.011796453320360566,0.5,0,0,-0.022303499093942136,-0.0048870841856459004,0.011796453320360566,-0.5231807692424462,-0.5215116890621484,0,0
528.3325926770696,459.67991945810627,30.658107400064964,0.5223034990939421,0.0048870841856459004,-0.011796453320360566,0.5,0,0,-0.022303499093942136,-0.0048870841856459004,0.011796453320360566,-0.5231807692424462,-0.5215116890621484,0,0
1284.2268420173286,528.3325926770696,42.012254864281495,0.5223034990939421,0.0048870841856459004,-0.011796453320360566,0.5,0,0,-0.022303499093942136,-0.0048870841856459004,0.011796453320360566,-0.5231807692424462,-0.5215116890621484,0,0
1019.267059271828,317.7208243859324,40.167981003823776,0.5222276366226982,0.0048879384522111345,-0.010724048473055053,0.5,0,0,-0.02222763662269822,-0.0048879384522111345,0.010724048473055053,-0.5230290346806009,-0.5215116890621484,0,0
674.6059938250444,399.01729906632625,41.906294265999335,0.5222276366226982,0.0048879384522111345,-0.010724048473055053,0.5,0,0,-0.02222763662269822,-0.0048879384522111345,0.010724048473055053,-0.5230290346806009,-0.5215116890621484,0,0
544.8761250677193,624.3377665398167,46.63326386384414,0.5222276366226982,0.0048879384522111345,-0.010724048473055053,0.5,0,0,-0.02222763662269822,-0.0048879384522111345,0.010724048473055053,-0.5230290346806009,-0.5215116890621484,0,0
1411.3480414449798,448.2028325964311,50.819497486764014,0.5221517732789578,0.004888711363018846,-0.00965164362574954,0.5,0,0,-0.022151773278957787,-0.004888711363018846,0.00965164362574954,-0.5228773001187557,-0.5215116890621484,0,0
900.238757316699,734.7683303247097,38.35590662765991,0.5221517732789578,0.004888711363018846,-0.00965164362574954,0.5,0,0,-0.022151773278957787,-0.004888711363018846,0.00965164362574954,-0.5228773001187557,-0.5215116890621484,0,0
251.60762066022812,390.5444991736698,41.07371114311431,0.5221517732789578,0.004888711363018846,-0.00965164362574954,0.5,0,0,-0.022151773278957787,-0.004888711363018846,0.00965164362574954,-0.5228773001187557,-0.5215116890621484,0,0
484.6780696502813,448.2028325964311,35.57727385086573,0.5221517732789578,0.004888711363018846,-0.00965164362574954,0.5,0,0,-0.022151773278957787,-0.004888711363018846,0.00965164362574954,-0.5228773001187557,-0.5215116890621484,0,0
624.3377665398167,261.6981137825328,37.18822146772475,0.5221517732789578,0.004888711363018846,-0.00965164362574954,0.5,0,0,-0.022151773278957787,-0.004888711363018846,0.00965164362574954,-0.5228773001187557,-0.5215116890621484,0,0
254.878386734463,390.5444991736698,38.172601280949785,0.5221517732789578,0.004888711363018846,-0.00965164362574954,0.5,0,0,-0.022151773278957787,-0.004888711363018846,0.00965164362574954,-0.5228773001187557,-0.5215116890621484,0,0
1284.2268420173286,312.50933522689996,46.63326386384414,0.5221517732789578,0.004888711363018846,-0.00965164362574954,0.5,0,0,-0.022151773278957787,-0.004888711363018846,0.00965164362574954,-0.5228773001187557,-0.5215116890621484,0,0
581.6409617069837,484.6780696502813,40.167981003823776,0.5221517732789578,0.004888711363018846,-0.00965164362574954,0.5,0,0,-0.022151773278957787,-0.004888711363018846,0.00965164362574954,-0.5228773001187557,-0.5215116890621484,0,0
624.3377665398167,146.92774685951784,48.719098859537986,0.5221517732789578,0.004888711363018846,-0.00965164362574954,0.5,0,0,-0.022151773278957787,-0.004888711363018846,0.00965164362574954,-0.5228773001187557,-0.5215116890621484,0,0
1284.2268420173286,528.3325926770696,35.907463519817924,0.5221517732789578,0.004888711363018846,-0.00965164362574954,0.5,0,0,-0.022151773278957787,-0.004888711363018846,0.00965164362574954,-0.5228773001187557,-0.5215116890621484,0,0
1284.2268420173286,624.3377665398167,35.7417900319635,0.5221517732789578,0.004888711363018846,-0.00965164362574954,0.5,0,0,-0.022151773278957787,-0.004888711363018846,0.00965164362574954,-0.5228773001187557,-0.5215116890621484,0,0
1284.2268420173286,448.2028325964311,40.66722061663911,0.5221517732789578,0.004888711363018846,-0.00965164362574954,0.5,0,0,-0.022151773278957787,-0.004888711363018846,0.00965164362574954,-0.5228773001187557,-0.5215116890621484,0,0
220.70517709223105,317.7208243859324,35.09054457381912,0.5221517732789578,0.004888711363018846,-0.00965164362574954,0.5,0,0,-0.022151773278957787,-0.004888711363018846,0.00965164362574954,-0.5228773001187557,-0.5215116890621484,0,0
