FDist,LDist,RDist,XEst,YEst,ThetaEst,XDes,YDes,ThetaDes,XError,YError,ThetaError,SL,SR,RW,LW
31.462535589252198,44.11008151330754,82.00312876373096,0.0,0.0,0.0,0,0,0,0.0,0.0,0.0,0.0,0.0,0,0
20.618475673047115,44.22514953619365,67.99665713203012,0.0,0.0,0.0,0,0,0,0.0,0.0,0.0,0.0,0.0,0,0
72.32728403086773,45.64490144276858,36.24233355390543,0.0,0.0,0.0,0,0,0,0.0,0.0,0.0,0.0,0.0,0,0
64.3287418393918,602.1580731583105,24.660015279911583,0.0,0.0,0.0,0,0,0,0.0,0.0,0.0,0.0,0.0,0,0
77.18804967871625,1093.1463157010076,68.23833891011859,0.0,0.0,0.0,0,0,0,0.0,0.0,0.0,0.0,0.0,0,0
72.32728403086773,30.658107400064964,17.743230101200233,0.0,0.0,0.0,0,0,0,0.0,0.0,0.0,0.0,0.0,0,0
101.5330368193872,62.624502623767405,17.678380057162876,0.0,0.0,0.0,0,0,0,0.0,0.0,0.0,0.0,0.0,0,0
1284.2268420173286,26.934181235571288,18.818881403249385,0.0,0.0,0.0,0,0,0,0.0,0.0,0.0,0.0,0.0,0,0
648.3999468665874,528.3325926770696,20.89221469509625,0.0,0.0,0.0,0,0,0,0.0,0.0,0.0,0.0,0.0,0,0
1284.2268420173286,1411.3480414449798,22.416395940132503,0.0,0.0,0.0,0,0,0,0.0,0.0,0.0,0.0,0.0,0,0
1284.2268420173286,1411.3480414449798,23.16370274985499,0.0,0.0,0.0,0,0,0,0.0,0.0,0.0,0.0,0.0,0,0
1284.2268420173286,1411.3480414449798,23.16370274985499,0.0,0.0,0.0,0,0,0,0.0,0.0,0.0,0.0,0.0,0,0
900.238757316699,851.4899528953961,23.526447916444262,0.0,0.0,0.0,0,0,0,0.0,0.0,0.0,0.0,0.0,0,0
674.6059938250444,239.3652489782259,23.389564303261636,0.0,0.0,0.0,0,0,0,0.0,0.0,0.0,0.0,0.0,0,0
1093.1463157010076,734.7683303247097,23.61828058878553,0.0,0.0,0.0,0,0,0,0.0,0.0,0.0,0.0,0.0,0,0
1284.2268420173286,1093.1463157010076,23.710579061410876,0.0,0.0,0.0,0,0,0,0.0,0.0,0.0,0.0,0.0,0,0
1284.2268420173286,955.6520228707801,23.80334702660077,0.0,0.0,0.0,0,0,0,0.0,0.0,0.0,0.0,0.0,0,0
1284.2268420173286,544.8761250677193,23.710579061410876,0.0,0.0,0.0,0,0,0,0.0,0.0,0.0,0.0,0.0,0,0
900.238757316699,353.40072554933454,23.80334702660077,0.0,0.0,0.0,0,0,0,0.0,0.0,0.0,0.0,0.0,0,0
1284.2268420173286,236.49825525583836,24.131786407761517,0.0,0.0,0.0,0,0,0,0.0,0.0,0.0,0.0,0.0,0,0
268.9169663380496,340.5824855543227,23.61828058878553,0.0,0.0,0.0,0,0,0,0.0,0.0,0.0,0.0,0.0,0,0
399.01729906632625,459.67991945810627,24.131786407761517,0.0,0.0,0.0,0,0,0,0.0,0.0,0.0,0.0,0.0,0,0
498.3296704628293,346.8640580657511,22.720324710149534,0.0,0.0,0.0,0,0,0,0.0,0.0,0.0,0.0,0.0,0,0
1093.1463157010076,307.4777105974586,24.037345561355124,0.0,0.0,0.0,0.3,0,0,0.3,0.0,0.0,0.0,0.0,0,0
1411.3480414449798,284.7075611688845,24.131786407761517,0.0072570748221499545,7.814753363344977e-06,0.002153691544928897,0.3,0,0,0.29274292517785006,-7.814753363344977e-06,-0.002153691544928897,-0.0071058898833384135,-0.007408268176246431,0,0
1284.2268420173286,261.6981137825328,24.32213184643946,0.029859691680298287,9.300352017042753e-05,0.005384228862322208,0.3,0,0,0.2701403083197017,-9.300352017042753e-05,-0.005384228862322208,-0.029481883558531718,-0.030237829290801755,0,0
900.238757316699,624.3377665398167,24.17918906549187,0.06039926180833019,0.0002903247078458397,0.007537920407251099,0.3,0,0,0.2396007381916698,-0.0002903247078458397,-0.007537920407251099,-0.059870901995787484,-0.06092922602096554,0,0
1180.1265773010464,1284.2268420173286,24.131786407761517,0.09071109948153064,0.0006004266810983965,0.012922149269573326,0.3,0,0,0.20928890051846935,-0.0006004266810983965,-0.012922149269573326,-0.08980635299368123,-0.09162062275112932,0,0
734.7683303247097,703.2691653992177,24.08450540165466,0.11482240932832538,0.001002908570218152,0.02046006967682447,0.3,0,0,0.1851775906716746,-0.001002908570218152,-0.02046006967682447,-0.11339185984050659,-0.11626445362313276,0,0
1411.3480414449798,346.8640580657511,24.22671386331148,0.14376505521690106,0.0017666715474616013,0.03230537317393342,0.3,0,0,0.15623494478309893,-0.0017666715474616013,-0.03230537317393342,-0.14151304108095222,-0.1460487154745725,0,0
1284.2268420173286,288.9697116820819,24.22671386331148,0.17201498754740802,0.002892837883230035,0.04738121398843573,0.3,0,0,0.12798501245259197,-0.002892837883230035,-0.04738121398843573,-0.1687270874426738,-0.17537940988665018,0,0
648.3999468665874,272.6876389629632,23.710579061410876,0.1938282324099352,0.004103788857299178,0.06353390057540245,0.3,0,0,0.10617176759006478,-0.004103788857299178,-0.06353390057540245,-0.189440000506873,-0.1983601601476595,0,0
293.3703955349555,1180.1265773010464,24.131786407761517,0.21937014370046662,0.0061849812232044644,0.09906981106672932,0.3,0,0,0.08062985629953337,-0.0061849812232044644,-0.09906981106672932,-0.21257193991433634,-0.22648134138810513,0,0
1284.2268420173286,851.4899528953961,24.32213184643946,0.2434485554745168,0.009195288715845356,0.14968156237255847,0.3,0,0,0.05655144452548319,-0.009195288715845356,-0.14968156237255847,-0.23328485297853555,-0.25430014433564274,0,0
280.5772654118684,307.4777105974586,23.572306256804332,0.2647030941587195,0.013153957478956344,0.21859969181028327,0.3,0,0,0.03529690584128048,-0.013153957478956344,-0.21859969181028327,-0.2500668482349305,-0.2807582449650943,0,0
581.6409617069837,1093.1463157010076,23.61828058878553,0.2810263610005966,0.017657699659606285,0.3198231944219416,0.3,0,0,0.018973638999403408,-0.017657699659606285,-0.3198231944219416,-0.2598941427544411,-0.3047973192512817,0,0
280.5772654118684,471.8179059817352,23.61828058878553,0.2929133271576367,0.02254136909672636,0.4598131448423201,0.3,0,0,0.007086672842363306,-0.02254136909672636,-0.4598131448423201,-0.2629179256835213,-0.32747569121938297,0,0
544.8761250677193,1411.3480414449798,24.17918906549187,0.302536366368528,0.02839505236588505,0.6331853142090966,0.3,0,0,-0.002536366368527998,-0.02839505236588505,-0.6331853142090966,-0.2620107908047972,-0.3509100089197543,0,0
648.3999468665874,280.5772654118684,22.502702204181062,0.3099957909793855,0.03535956720092233,0.8690145383788112,0.3,0,0,-0.009995790979385522,-0.03535956720092233,-0.8690145383788112,-0.25566084665372885,-0.3776704878421139,0,0
769.566351540633,528.3325926770696,23.896588216502984,0.3135930110920497,0.041575170668079406,1.2232967975196152,0.3,0,0,-0.01359301109204969,-0.041575170668079406,-1.2232967975196152,-0.23797171651860982,-0.4097225868903637,0,0
900.238757316699,367.3069052663625,24.131786407761517,0.3140500963689965,0.04616372975936363,1.7197226986257266,0.3,0,0,-0.014050096368996512,-0.04616372975936363,-1.7197226986257266,-0.20773388722780806,-0.44918295411486003,0,0
1284.2268420173286,624.3377665398167,24.17918906549187,0.3122896505342958,0.05026167344703968,2.2333781320912696,0.3,0,0,-0.012289650534295815,-0.05026167344703968,-2.2333781320912696,-0.17613535561892021,-0.48970164536453437,0,0
1284.2268420173286,1019.267059271828,23.896588216502984,0.3109015498477822,0.05086083309575574,3.234844700483208,0.3,0,0,-0.010901549847782188,-0.05086083309575574,-3.234844700483208,-0.10734429398234623,-0.5615164899301885,0,0
1284.2268420173286,367.3069052663625,23.344165399617317,0.30978843080008883,0.049728985974556175,4.635821050459458,0.3,0,0,-0.009788430800088843,-0.049728985974556175,-4.635821050459458,-0.01058324025178059,-0.6614525157362884,0,0
1284.2268420173286,448.2028325964311,23.849908233631425,0.3125265231649576,0.04758543383235097,6.602141430979543,0.3,0,0,-0.012526523164957615,-0.04758543383235097,-6.602141430979543,0.12397510009228721,-0.8029655568172406,0,0
