FDist,LDist,RDist,XEst,YEst,ThetaEst,XDes,YDes,ThetaDes,XError,YError,ThetaError,SL,SR,RW,LW
158.34116103748556,17.972348463819834,23.074145052998297,0.0,0.0,0.0,0,0,0,0.0,0.0,0.0,0.0,0.0,0,0
602.1580731583105,18.853694991318818,24.80671986348088,0.0,0.0,0.0,0,0,0,0.0,0.0,0.0,0.0,0.0,0,0
382.4520830402873,18.9235488562729,24.80671986348088,0.0,0.0,0.0,0,0,0,0.0,0.0,0.0,0.0,0.0,0,0
703.2691653992177,18.818881403249385,25.456014597653017,0.0,0.0,0.0,0,0,0,0.0,0.0,0.0,0.0,0.0,0,0
1284.2268420173286,18.853694991318818,25.66035938867435,0.0,0.0,0.0,0,0,0,0.0,0.0,0.0,0.0,0.0,0,0
769.566351540633,18.853694991318818,25.609067445845334,0.0,0.0,0.0,0,0,0,0.0,0.0,0.0,0.0,0.0,0,0
211.34777997197892,18.406914256574545,25.203635736394993,0.0,0.0,0.0,0,0,0,0.0,0.0,0.0,0.0,0.0,0,0
437.33222201576723,18.853694991318818,25.763358222779125,0.0,0.0,0.0,0,0,0,0.0,0.0,0.0,0.0,0.0,0,0
248.42442609070224,18.440841606842675,24.905165748622878,0.0,0.0,0.0,0,0,0,0.0,0.0,0.0,0.0,0.0,0,0
1180.1265773010464,18.818881403249385,25.405269406077494,0.0,0.0,0.0,0,0,0,0.0,0.0,0.0,0.0,0.0,0,0
307.4777105974586,17.841013239325363,23.80334702660077,0.0,0.0,0.0,0,0,0,0.0,0.0,0.0,0.0,0.0,0,0
206.97300472647143,18.406914256574545,24.274361292354016,0.0,0.0,0.0,0,0,0,0.0,0.0,0.0,0.0,0.0,0,0
602.1580731583105,18.818881403249385,25.456014597653017,0.0,0.0,0.0,0,0,0,0.0,0.0,0.0,0.0,0.0,0,0
734.7683303247097,18.6459367757314,25.71178945415557,0.0,0.0,0.0,0,0,0,0.0,0.0,0.0,0.0,0.0,0,0
1284.2268420173286,18.88858405722158,25.55791304847336,0.0,0.0,0.0,0,0,0,0.0,0.0,0.0,0.0,0.0,0,0
512.8513118946122,18.508914058826775,26.71599641697457,0.0,0.0,0.0,0,0,0,0.0,0.0,0.0,0.0,0.0,0,0
302.6164596847404,18.406914256574545,24.70878894042906,0.0,0.0,0.0,0,0,0,0.0,0.0,0.0,0.0,0.0,0,0
448.2028325964311,18.714890970363626,26.33993847596105,0.0,0.0,0.0,0,0,0,0.0,0.0,0.0,0.0,0.0,0,0
851.4899528953961,18.714890970363626,26.393218193002895,0.0,0.0,0.0,0.3,0,0,0.3,0.0,0.0,0.0,0.0,0,0
448.2028325964311,18.749479645181225,26.393218193002895,0.002343431430357642,1.2617572363479463e-06,0.0010768457724644484,0.3,0,0,0.29765656856964234,-1.2617572363479463e-06,-0.0010768457724644484,-0.002267837196810132,-0.0024190263432641405,0,0
512.8513118946122,18.6459367757314,26.393218193002895,0.02940614742673407,8.868917531453893e-05,0.005384228862322255,0.3,0,0,0.2705938525732659,-8.868917531453893e-05,-0.005384228862322255,-0.02902831611916969,-0.029784261851439734,0,0
602.1580731583105,18.680376763728233,26.33993847596105,0.05344471995325423,0.00024400634779172148,0.007537920407251195,0.3,0,0,0.24655528004674576,-0.00024400634779172148,-0.007537920407251195,-0.052916201258903076,-0.05397452528408114,0,0
1284.2268420173286,18.749479645181225,25.918902602329858,0.08360642565990055,0.0004226457155983564,0.004307383089857859,0.3,0,0,0.21639357434009943,-0.0004226457155983564,-0.004307383089857859,-0.08330521969615884,-0.08390997628197489,0,0
236.49825525583836,18.03843055896276,25.506895622634566,0.11331505418178617,0.00037465825731950906,-0.0075379204072510905,0.3,0,0,0.18668494581821382,-0.00037465825731950906,0.0075379204072510905,-0.11384542727986861,-0.11278710325469056,0,0
382.4520830402873,18.714890970363626,26.23381622464695,0.1424163282888193,-1.708520251765891e-05,-0.01938322390436004,0.3,0,0,0.15758367171118068,1.708520251765891e-05,0.01938322390436004,-0.14378087827776237,-0.14105947364159022,0,0
448.2028325964311,18.6459367757314,26.023303163846677,0.1705327976267924,-0.0005318534268768378,-0.017229532359431123,0.3,0,0,0.12946720237320758,0.0005318534268768378,0.017229532359431123,-0.171750870371754,-0.16933184402848986,0,0
399.01729906632625,18.680376763728233,26.18097245007521,0.19721736867150497,-0.0006611626928559271,0.007537920407251222,0.3,0,0,0.10278263132849502,0.0006611626928559271,-0.007537920407251222,-0.19669707953666543,-0.1977554035618435,0,0
280.5772654118684,18.406914256574545,25.456014597653017,0.22215657769799282,-7.022713574474321e-05,0.039843293581184734,0.3,0,0,0.07784342230200716,7.022713574474321e-05,-0.039843293581184734,-0.21937545150476676,-0.2249694499235651,0,0
312.50933522689996,18.680376763728233,25.918902602329858,0.24549625807642925,0.0008727818583897578,0.04092013935364915,0.3,0,0,0.05450374192357074,-0.0008727818583897578,-0.04092013935364915,-0.24265858005868413,-0.24840376762393646,0,0
399.01729906632625,18.749479645181225,26.446644470518727,0.2666591919867316,0.0012602418122084971,-0.004307383089857751,0.3,0,0,0.033340808013268386,-0.0012602418122084971,0.004307383089857751,-0.26700003263777955,-0.2663952760519635,0,0
703.2691653992177,18.680376763728233,26.393218193002895,0.28350645907857475,0.000670388949307149,-0.06568759212033139,0.3,0,0,0.016493540921425243,-0.000670388949307149,0.06568759212033139,-0.2881665131413408,-0.27894397520764624,0,0
1284.2268420173286,18.714890970363626,26.33993847596105,0.2954979067878972,-0.00015086312453731893,-0.07107182098265362,0.3,0,0,0.004502093212102765,0.00015086312453731893,0.07107182098265362,-0.3005640231505695,-0.2905855394846049,0,0
624.3377665398167,18.3055648241262,25.004130828076164,0.3023701449095087,-0.00045818186906724026,-0.01830637813189557,0.3,0,0,-0.002370144909508709,0.00045818186906724026,0.01830637813189557,-0.3037389952261037,-0.3011687797363855,0,0
1180.1265773010464,18.714890970363626,26.553939227512814,0.3089441951588752,-0.00027053111714876884,0.07537920407251159,0.3,0,0,-0.008944195158875234,0.00027053111714876884,-0.07537920407251159,-0.3037389952261037,-0.3143222354778843,0,0
512.8513118946122,18.749479645181225,26.393218193002895,0.3123290891318597,6.775172594812638e-05,0.12383726383341184,0.3,0,0,-0.012329089131859705,-6.775172594812638e-05,-0.12383726383341184,-0.3037389952261037,-0.3211257470683147,0,0
390.5444991736698,18.6459367757314,26.553939227512814,0.3130051371616785,0.00014415042351140087,0.10122350261165838,0.3,0,0,-0.013005137161678504,-0.00014415042351140087,-0.10122350261165838,-0.3060068324229138,-0.32021861218959063,0,0
268.9169663380496,18.3055648241262,25.456014597653017,0.3152707643901139,0.00024424444435051956,-0.01292214926957333,0.3,0,0,-0.015270764390113933,-0.00024424444435051956,0.01292214926957333,-0.31628769438178644,-0.3144734246243383,0,0
1284.2268420173286,18.714890970363626,26.075716529157752,0.3160247434643746,0.0001897512730874047,-0.13137518424066286,0.3,0,0,-0.016024743464374602,-0.0001897512730874047,0.13137518424066286,-0.325359043169027,-0.3069139673016379,0,0
382.4520830402873,18.03843055896276,25.25384320516452,0.3161741932032848,0.00016688353281514806,-0.17229532359431196,0.3,0,0,-0.016174193203284837,-0.00016688353281514806,0.17229532359431196,-0.32838282609810715,-0.30419256266546574,0,0
307.4777105974586,18.714890970363626,26.075716529157752,0.315650990518125,0.0002460756145457821,-0.12814464692326952,0.3,0,0,-0.01565099051812502,-0.0002460756145457821,0.12814464692326952,-0.3247542865832109,-0.3067627781551839,0,0
624.3377665398167,18.6459367757314,26.446644470518727,0.31391325301705647,0.00030317004165066064,0.06245705480293817,0.3,0,0,-0.013913253017056482,-0.00030317004165066064,-0.06245705480293817,-0.30963537193781004,-0.31840434243214255,0,0
399.01729906632625,18.818881403249385,26.393218193002895,0.311894857759179,-1.1180660070074077e-07,0.23582922416971466,0.3,0,0,-0.011894857759179034,1.1180660070074077e-07,-0.23582922416971466,-0.29542359217113323,-0.32853401524456116,0,0
399.01729906632625,18.88858405722158,26.393218193002895,0.3104182434509647,-0.00032480548582132393,0.19706277636099445,0.3,0,0,-0.010418243450964704,0.00032480548582132393,-0.19706277636099445,-0.2966331053427653,-0.3243007191438489,0,0
528.3325926770696,18.238356668915443,25.004130828076164,0.30838466478801463,-0.0004993251640670632,-0.025844298539146715,0.3,0,0,-0.00838466478801464,0.0004993251640670632,0.025844298539146715,-0.3102401285236261,-0.30661158900872987,0,0
228.31501027837746,18.339276104241605,25.004130828076164,0.30666557025106095,-0.0002391226098092654,-0.2745956719784347,0.3,0,0,-0.006665570251060959,0.0002391226098092654,0.2745956719784347,-0.325963799754843,-0.2874105674090707,0,0
167.46934895889862,18.271925091134115,25.763358222779125,0.30499279839374194,0.0002350352853983287,-0.2778262092958281,0.3,0,0,-0.0049927983937419484,-0.0002350352853983287,0.2778262092958281,-0.32445190829030296,-0.28544510850516863,0,0
734.7683303247097,18.714890970363626,26.553939227512814,0.30341933018181466,0.0004455339936123123,0.011845303497108994,0.3,0,0,-0.0034193301818146726,-0.0004455339936123123,-0.011845303497108994,-0.30252948205447167,-0.30419256266546574,0,0
284.7075611688845,18.6459367757314,26.553939227512814,0.30238719023953214,0.0002115748480033337,0.43396884630317345,0.3,0,0,-0.0023871902395321554,-0.0002115748480033337,-0.43396884630317345,-0.27183808532430787,-0.3327673113452734,0,0
498.3296704628293,18.714890970363626,26.824785427057037,0.3017217204767971,-0.0001470390739553623,0.5545755728191919,0.3,0,0,-0.001721720476797084,0.0001470390739553623,-0.5545755728191919,-0.2626155473906133,-0.3404779578144278,0,0
437.33222201576723,18.818881403249385,26.28680469382479,0.3009503708465265,-0.00045764980710468335,0.21106177140303223,0.3,0,0,-0.0009503708465264937,0.00045764980710468335,-0.21106177140303223,-0.28589867594453067,-0.31553174864951633,0,0
851.4899528953961,18.373059168895537,28.592015692053423,0.2986124156327592,-0.0002975314782419254,-0.34782118450601734,0.3,0,0,0.0013875843672407906,0.0002975314782419254,0.34782118450601734,-0.32278882767930883,-0.2739547333746639,0,0
528.3325926770696,17.51742772173086,34.457033820303465,0.2970952643402019,0.0006973688726889819,-0.8130185582106598,0.3,0,0,0.0029047356597980967,-0.0006973688726889819,0.8130185582106598,-0.35363141355592664,-0.2394836079831499,0,0
223.1819809443389,17.775756517532926,30.658107400064964,0.2970427485150949,0.0007517437530539247,-0.7925584885338353,0.3,0,0,0.00295725148490511,-0.0007517437530539247,0.7925584885338353,-0.3521195220913866,-0.240844310301236,0,0
