FDist,LDist,RDist,XEst,YEst,ThetaEst,XDes,YDes,ThetaDes,XError,YError,ThetaError,SL,SR,RW,LW
168.8620920208621,1570.544100534677,24.17918906549187,0.0,0.0,0.0,0,0,0,0.0,0.0,0.0,0.0,0.0,0,0
187.6483042942066,1570.544100534677,24.22671386331148,0.0,0.0,0.0,0,0,0,0.0,0.0,0.0,0.0,0.0,0,0
272.6876389629632,624.3377665398167,23.61828058878553,0.0,0.0,0.0,0,0,0,0.0,0.0,0.0,0.0,0.0,0,0
127.64222867598318,648.3999468665874,23.253708365120502,0.0,0.0,0.0,0,0,0,0.0,0.0,0.0,0.0,0.0,0,0
168.8620920208621,1570.544100534677,23.710579061410876,0.0,0.0,0.0,0,0,0,0.0,0.0,0.0,0.0,0.0,0,0
194.9110753588243,1411.3480414449798,23.943387448052704,0.0,0.0,0.0,0,0,0,0.0,0.0,0.0,0.0,0.0,0,0
147.99350743133397,1093.1463157010076,23.943387448052704,0.0,0.0,0.0,0,0,0,0.0,0.0,0.0,0.0,0.0,0,0
152.41788953728954,1570.544100534677,23.80334702660077,0.0,0.0,0.0,0,0,0,0.0,0.0,0.0,0.0,0.0,0,0
160.8439044330725,1411.3480414449798,23.16370274985499,0.0,0.0,0.0,0,0,0,0.0,0.0,0.0,0.0,0.0,0,0
213.60849807698625,1570.544100534677,26.393218193002895,0.0,0.0,0.0,0,0,0,0.0,0.0,0.0,0.0,0.0,0,0
245.3252030939217,624.3377665398167,27.210360375618606,0.0,0.0,0.0,0,0,0,0.0,0.0,0.0,0.0,0.0,0,0
209.13650375320472,265.2554052777127,27.490449651671298,7.586727001621252e-05,4.0680217957309024e-08,0.001072404847305513,0,0,0,-7.586727001621252e-05,-4.0680217957309024e-08,-0.001072404847305513,0.0,-0.00015173456184525703,0,0
147.99350743133397,293.3703955349555,26.989108340162986,7.586727001621252e-05,4.0680217957309024e-08,0.001072404847305513,0,0,0,-7.586727001621252e-05,-4.0680217957309024e-08,-0.001072404847305513,0.0,-0.00015173456184525703,0,0
162.1258003695371,23.896588216502984,26.71599641697457,7.586727001621252e-05,4.0680217957309024e-08,0.001072404847305513,0,0,0,-7.586727001621252e-05,-4.0680217957309024e-08,-0.001072404847305513,0.0,-0.00015173456184525703,0,0
141.82331249922515,242.3065498311679,27.044189133291546,7.586727001621252e-05,4.0680217957309024e-08,0.001072404847305513,0,0,0,-7.586727001621252e-05,-4.0680217957309024e-08,-0.001072404847305513,0.0,-0.00015173456184525703,0,0
187.6483042942066,674.6059938250444,26.661827824936275,7.586727001621252e-05,4.0680217957309024e-08,0.001072404847305513,0,0,0,-7.586727001621252e-05,-4.0680217957309024e-08,-0.001072404847305513,0.0,-0.00015173456184525703,0,0
171.72011046907937,459.67991945810627,26.770315400455452,7.586727001621252e-05,4.0680217957309024e-08,0.001072404847305513,0,0,0,-7.586727001621252e-05,-4.0680217957309024e-08,-0.001072404847305513,0.0,-0.00015173456184525703,0,0
209.13650375320472,340.5824855543227,27.044189133291546,7.586727001621252e-05,4.0680217957309024e-08,0.001072404847305513,0,0,0,-7.586727001621252e-05,-4.0680217957309024e-08,-0.001072404847305513,0.0,-0.00015173456184525703,0,0
171.72011046907937,900.238757316699,26.934181235571288,7.586727001621252e-05,4.0680217957309024e-08,0.001072404847305513,0,0,0,-7.586727001621252e-05,-4.0680217957309024e-08,-0.001072404847305513,0.0,-0.00015173456184525703,0,0
171.72011046907937,1411.3480414449798,26.824785427057037,7.586727001621252e-05,4.0680217957309024e-08,0.001072404847305513,0,0,0,-7.586727001621252e-05,-4.0680217957309024e-08,-0.001072404847305513,0.0,-0.00015173456184525703,0,0
187.6483042942066,459.67991945810627,26.87940715229901,7.586727001621252e-05,4.0680217957309024e-08,0.001072404847305513,0,0,0,-7.586727001621252e-05,-4.0680217957309024e-08,-0.001072404847305513,0.0,-0.00015173456184525703,0,0
162.1258003695371,245.3252030939217,26.770315400455452,7.586727001621252e-05,4.0680217957309024e-08,0.001072404847305513,0,0,0,-7.586727001621252e-05,-4.0680217957309024e-08,-0.001072404847305513,0.0,-0.00015173456184525703,0,0
167.46934895889862,258.2405371440609,26.989108340162986,7.586727001621252e-05,4.0680217957309024e-08,0.001072404847305513,0,0,0,-7.586727001621252e-05,-4.0680217957309024e-08,-0.001072404847305513,0.0,-0.00015173456184525703,0,0
198.76603234393832,471.8179059817352,26.824785427057037,7.586727001621252e-05,4.0680217957309024e-08,0.001072404847305513,0,0,0,-7.586727001621252e-05,-4.0680217957309024e-08,-0.001072404847305513,0.0,-0.00015173456184525703,0,0
198.76603234393832,448.2028325964311,25.506895622634566,7.586727001621252e-05,4.0680217957309024e-08,0.001072404847305513,0,0,0,-7.586727001621252e-05,-4.0680217957309024e-08,-0.001072404847305513,0.0,-0.00015173456184525703,0,0
163.42873978461637,448.2028325964311,26.71599641697457,7.586727001621252e-05,4.0680217957309024e-08,0.001072404847305513,0,0,0,-7.586727001621252e-05,-4.0680217957309024e-08,-0.001072404847305513,0.0,-0.00015173456184525703,0,0
168.8620920208621,562.6000187683081,26.500217937724948,7.586727001621252e-05,4.0680217957309024e-08,0.001072404847305513,0,0,0,-7.586727001621252e-05,-4.0680217957309024e-08,-0.001072404847305513,0.0,-0.00015173456184525703,0,0
