FDist,LDist,RDist,XEst,YEst,ThetaEst,XDes,YDes,ThetaDes,XError,YError,ThetaError,SL,SR,RW,LW
769.566351540633,18.611570757963946,118.0448484665879,0.0,0.0,0.0,0,0,0,0.0,0.0,0.0,0.0,0.0,0,0
448.2028325964311,18.6459367757314,87.41019065628254,0.0,0.0,0.0,0,0,0,0.0,0.0,0.0,0.0,0.0,0,0
1284.2268420173286,18.784143038865714,75.99135610686974,0.0,0.0,0.0,0,0,0,0.0,0.0,0.0,0.0,0.0,0,0
437.33222201576723,18.071576020988715,72.59760196071355,0.0,0.0,0.0,0,0,0,0.0,0.0,0.0,0.0,0.0,0,0
1284.2268420173286,18.474841460347584,77.49266392626436,0.0,0.0,0.0,0,0,0,0.0,0.0,0.0,0.0,0.0,0,0
581.6409617069837,18.9235488562729,74.828338960275,0.0,0.0,0.0,0,0,0,0.0,0.0,0.0,0.0,0.0,0,0
437.33222201576723,17.939411375632368,71.26409887021845,0.0,0.0,0.0,0,0,0,0.0,0.0,0.0,0.0,0.0,0,0
173.18670720903205,18.508914058826775,75.99135610686974,0.0,0.0,0.0,0,0,0,0.0,0.0,0.0,0.0,0.0,0,0
184.22292190812155,18.271925091134115,71.00273031673345,0.0,0.0,0.0,0,0,0,0.0,0.0,0.0,0.0,0.0,0,0
1284.2268420173286,18.680376763728233,73.14379906825155,0.0,0.0,0.0,0,0,0,0.0,0.0,0.0,0.0,0.0,0,0
1284.2268420173286,18.508914058826775,76.28731360165042,0.0,0.0,0.0,0,0,0,0.0,0.0,0.0,0.0,0.0,0,0
1284.2268420173286,18.508914058826775,74.25900132173959,0.0,0.0,0.0,0,0,0,0.0,0.0,0.0,0.0,0.0,0,0
1284.2268420173286,18.6459367757314,72.86976705815192,0.0,0.0,0.0,0,0,0,0.0,0.0,0.0,0.0,0.0,0,0
648.3999468665874,18.784143038865714,73.6975442509615,0.0,0.0,0.0,0,0,0,0.0,0.0,0.0,0.0,0.0,0,0
808.2350827585409,18.508914058826775,77.18804967871625,0.0,0.0,0.0,0.3,0,0,0.3,0.0,0.0,0.0,0.0,0,0
1019.267059271828,18.611570757963946,71.26409887021845,0.0071058898833384135,0.0,0.0,0.3,0,0,0.29289411011666155,0.0,0.0,-0.0071058898833384135,-0.0071058898833384135,0,0
900.238757316699,18.680376763728233,72.86976705815192,0.029255096628331603,1.1925640975804746e-05,0.0010768457724644454,0.3,0,0,0.2707449033716684,-1.1925640975804746e-05,-0.0010768457724644454,-0.029179505265623695,-0.029330694412077703,0,0
1093.1463157010076,18.818881403249385,72.59760196071355,0.059039203060097835,0.00010814464299481932,0.005384228862322252,0.3,0,0,0.24096079693990216,-0.00010814464299481932,-0.005384228862322252,-0.058661388824155405,-0.05941733455642545,0,0
1019.267059271828,18.784143038865714,72.86976705815192,0.08882284323446558,0.00030058164285648534,0.007537920407251168,0.3,0,0,0.2111771567655344,-0.00030058164285648534,-0.007537920407251168,-0.08829446152914112,-0.08935278555431919,0,0
1284.2268420173286,18.714890970363626,71.527220004475,0.11233198876793446,0.0004904537010210888,0.008614766179715613,0.3,0,0,0.18766801123206553,-0.0004904537010210888,-0.008614766179715613,-0.11172877922951249,-0.11293829240114456,0,0
448.2028325964311,18.680376763728233,72.86976705815192,0.14098163019119458,0.0006909900701091169,0.005384228862322277,0.3,0,0,0.1590183698088054,-0.0006909900701091169,-0.005384228862322277,-0.14060590620222818,-0.1413618519344982,0,0
769.566351540633,18.714890970363626,72.86976705815192,0.16365979177747747,0.0007886742039648066,0.0032305373173933867,0.3,0,0,0.13634020822252252,-0.0007886742039648066,-0.0032305373173933867,-0.16343546731678352,-0.16388903475614552,0,0
390.5444991736698,18.818881403249385,69.97442321249366,0.19057144424295022,0.000759694493575736,-0.005384228862322251,0.3,0,0,0.10942855575704977,-0.000759694493575736,0.005384228862322251,-0.19095189197141313,-0.19019594623914304,0,0
648.3999468665874,18.138076919253407,66.11723490259166,0.21634811387975825,0.0005237491736280203,-0.01292214926957337,0.3,0,0,0.08365188612024174,-0.0005237491736280203,0.01292214926957337,-0.21725880345441065,-0.2154445336969625,0,0
437.33222201576723,18.611570757963946,73.9772983740448,0.24076294903968476,0.00019509167355683741,-0.01399899504203779,0.3,0,0,0.05923705096031523,-0.00019509167355683741,0.01399899504203779,-0.24175144517996006,-0.23978598627605793,0,0
215.92040254306553,18.57727846314466,74.25900132173959,0.26275956368919884,-5.3632021624817514e-05,-0.008614766179715513,0.3,0,0,0.03724043631080115,5.3632021624817514e-05,0.008614766179715513,-0.2633714931228833,-0.26216197995125123,0,0
528.3325926770696,18.6459367757314,72.59760196071355,0.2801459526234744,-0.00016596834134101693,-0.004307383089857731,0.3,0,0,0.019854047376525574,0.00016596834134101693,0.004307383089857731,-0.2804558666721863,-0.27985111008637026,0,0
648.3999468665874,18.03843055896276,69.22073170815571,0.2929970226210316,-0.00015212971559342602,0.006461074634786759,0.3,0,0,0.007002977378968378,0.00015212971559342602,-0.006461074634786759,-0.292550998388507,-0.293458133267231,0,0
1284.2268420173286,18.749479645181225,75.11601708077,0.3013875811789499,-6.629101476790427e-05,0.013998995042037915,0.3,0,0,-0.001387581178949937,6.629101476790427e-05,-0.013998995042037915,-0.30041283400411545,-0.30237829290801754,0,0
900.238757316699,18.271925091134115,67.51788505098841,0.3063764064610841,-1.8210813141730548e-06,0.011845303497109012,0.3,0,0,-0.0063764064610841165,1.8210813141730548e-06,-0.011845303497109012,-0.30555326498355173,-0.3072163455945458,0,0
459.67991945810627,18.958589644962572,73.9772983740448,0.3082662376457111,9.371861530854214e-06,6.071532165918825e-17,0.3,0,0,-0.008266237645711105,-9.371861530854214e-06,-6.071532165918825e-17,-0.3082746696197239,-0.3082746696197239,0,0
1284.2268420173286,18.680376763728233,72.59760196071355,0.3082662376457111,9.371861530854214e-06,6.071532165918825e-17,0.3,0,0,-0.008266237645711105,-9.371861530854214e-06,-6.071532165918825e-17,-0.3082746696197239,-0.3082746696197239,0,0
734.7683303247097,18.57727846314466,72.86976705815192,0.3082662376457111,9.371861530854214e-06,6.071532165918825e-17,0.3,0,0,-0.008266237645711105,-9.371861530854214e-06,-6.071532165918825e-17,-0.3082746696197239,-0.3082746696197239,0,0
528.3325926770696,18.138076919253407,71.26409887021845,0.3082662376457111,9.371861530854214e-06,6.071532165918825e-17,0.3,0,0,-0.008266237645711105,-9.371861530854214e-06,-6.071532165918825e-17,-0.3082746696197239,-0.3082746696197239,0,0
1284.2268420173286,18.714890970363626,73.6975442509615,0.3082662376457111,9.371861530854214e-06,6.071532165918825e-17,0.3,0,0,-0.008266237645711105,-9.371861530854214e-06,-6.071532165918825e-17,-0.3082746696197239,-0.3082746696197239,0,0
769.566351540633,18.680376763728233,74.25900132173959,0.3081906430834415,9.412563377188014e-06,-0.0010768457724643894,0.3,0,0,-0.008190643083441529,-9.412563377188014e-06,0.0010768457724643894,-0.3082746696197239,-0.3081234804732699,0,0
624.3377665398167,18.6459367757314,73.14379906825155,0.3081906430834415,9.412563377188014e-06,-0.0010768457724643894,0.3,0,0,-0.008190643083441529,-9.412563377188014e-06,0.0010768457724643894,-0.3082746696197239,-0.3081234804732699,0,0
471.8179059817352,18.138076919253407,67.51788505098841,0.3081906430834415,9.412563377188014e-06,-0.0010768457724643894,0.3,0,0,-0.008190643083441529,-9.412563377188014e-06,0.0010768457724643894,-0.3082746696197239,-0.3081234804732699,0,0
1284.2268420173286,18.6459367757314,74.25900132173959,0.3081906430834415,9.412563377188014e-06,-0.0010768457724643894,0.3,0,0,-0.008190643083441529,-9.412563377188014e-06,0.0010768457724643894,-0.3082746696197239,-0.3081234804732699,0,0
1284.2268420173286,18.339276104241605,73.9772983740448,0.3081906430834415,9.412563377188014e-06,-0.0010768457724643894,0.3,0,0,-0.008190643083441529,-9.412563377188014e-06,0.0010768457724643894,-0.3082746696197239,-0.3081234804732699,0,0
1284.2268420173286,18.680376763728233,74.25900132173959,0.30811504852117194,9.453265223521814e-06,6.071532165918825e-17,0.3,0,0,-0.008115048521171953,-9.453265223521814e-06,-6.071532165918825e-17,-0.3081234804732699,-0.3081234804732699,0,0
1284.2268420173286,18.88858405722158,72.59760196071355,0.30811504852117194,9.453265223521814e-06,6.071532165918825e-17,0.3,0,0,-0.008115048521171953,-9.453265223521814e-06,-6.071532165918825e-17,-0.3081234804732699,-0.3081234804732699,0,0
284.7075611688845,18.474841460347584,71.00273031673345,0.30811504852117194,9.453265223521814e-06,6.071532165918825e-17,0.3,0,0,-0.008115048521171953,-9.453265223521814e-06,-6.071532165918825e-17,-0.3081234804732699,-0.3081234804732699,0,0
1284.2268420173286,18.784143038865714,58.694353098834746,0.30811504852117194,9.453265223521814e-06,6.071532165918825e-17,0.3,0,0,-0.008115048521171953,-9.453265223521814e-06,-6.071532165918825e-17,-0.3081234804732699,-0.3081234804732699,0,0
648.3999468665874,19.529790810708228,62.21088813178245,0.30811504852117194,9.453265223521814e-06,6.071532165918825e-17,0.3,0,0,-0.008115048521171953,-9.453265223521814e-06,-6.071532165918825e-17,-0.3081234804732699,-0.3081234804732699,0,0
96.21317986298715,22.459496422942998,75.69750294678715,0.30811504852117194,9.453265223521814e-06,6.071532165918825e-17,0.3,0,0,-0.008115048521171953,-9.453265223521814e-06,-6.071532165918825e-17,-0.3081234804732699,-0.3081234804732699,0,0
94.8539958627646,21.740789092600608,78.10859556029456,0.30811504852117194,9.453265223521814e-06,6.071532165918825e-17,0.3,0,0,-0.008115048521171953,-9.453265223521814e-06,-6.071532165918825e-17,-0.3081234804732699,-0.3081234804732699,0,0
64.3287418393918,21.949127558551538,78.10859556029456,0.30811504852117194,9.453265223521814e-06,6.071532165918825e-17,0.3,0,0,-0.008115048521171953,-9.453265223521814e-06,-6.071532165918825e-17,-0.3081234804732699,-0.3081234804732699,0,0
72.05879380612686,21.782257748458605,77.49266392626436,0.3081906430834415,9.493967069855624e-06,0.0010768457724645109,0.3,0,0,-0.008190643083441529,-9.493967069855624e-06,-0.0010768457724645109,-0.3081234804732699,-0.3082746696197239,0,0
51.25784283159802,21.823825552140526,74.25900132173959,0.3117423515867393,0.00010321944991696351,0.051688597078293666,0.3,0,0,-0.011742351586739308,-0.00010321944991696351,-0.051688597078293666,-0.3081234804732699,-0.3153805595030623,0,0
69.7215507122142,21.99109567138421,78.419964244608,0.3117423515867393,0.00010321944991696351,0.051688597078293666,0.3,0,0,-0.011742351586739308,-0.00010321944991696351,-0.051688597078293666,-0.3081234804732699,-0.3153805595030623,0,0
62.21088813178245,21.616974340849836,77.79950406996568,0.3117423515867393,0.00010321944991696351,0.051688597078293666,0.3,0,0,-0.011742351586739308,-0.00010321944991696351,-0.051688597078293666,-0.3081234804732699,-0.3153805595030623,0,0
67.28076465107131,21.616974340849836,76.88563626605912,0.3117423515867393,0.00010321944991696351,0.051688597078293666,0.3,0,0,-0.011742351586739308,-0.00010321944991696351,-0.051688597078293666,-0.3081234804732699,-0.3153805595030623,0,0
66.81098138696464,21.010896801842307,69.7215507122142,0.3117423515867393,0.00010321944991696351,0.051688597078293666,0.3,0,0,-0.011742351586739308,-0.00010321944991696351,-0.051688597078293666,-0.3081234804732699,-0.3153805595030623,0,0
80.33749690282312,21.412565389122804,77.79950406996568,0.3116668558825182,9.935446019774655e-05,0.05061175130582921,0.3,0,0,-0.011666855882518201,-9.935446019774655e-05,-0.05061175130582921,-0.3081234804732699,-0.3152293703566083,0,0
59.445249703111536,21.33147560417641,78.419964244608,0.3096271303315252,2.574078533177862e-05,0.021536915449289058,0.3,0,0,-0.009627130331525235,-2.574078533177862e-05,-0.021536915449289058,-0.3081234804732699,-0.31114726340235005,0,0
63.680115630491734,21.29107368585003,78.10859556029456,0.30713252713313427,1.633868063400677e-05,-0.013998995042037794,0.3,0,0,-0.007132527133134281,-1.633868063400677e-05,0.013998995042037794,-0.3081234804732699,-0.3061580215693678,0,0
64.1112337943502,21.534920213973493,77.79950406996568,0.3045636527129437,9.935600941386242e-05,-0.050611751305829095,0.3,0,0,-0.004563652712943733,-9.935600941386242e-05,0.050611751305829095,-0.3081234804732699,-0.3010175905899315,0,0
71.527220004475,21.29107368585003,76.28731360165042,0.30290381478965084,0.00020315960792247973,-0.074302358300047,0.3,0,0,-0.0029038147896508493,-0.00020315960792247973,0.074302358300047,-0.3081234804732699,-0.2976914293679433,0,0
72.32728403086773,21.010896801842307,76.28731360165042,0.30290381478965084,0.00020315960792247973,-0.074302358300047,0.3,0,0,-0.0029038147896508493,-0.00020315960792247973,0.074302358300047,-0.3081234804732699,-0.2976914293679433,0,0
60.01951173605402,20.541072037014736,72.32728403086773,0.30290381478965084,0.00020315960792247973,-0.074302358300047,0.3,0,0,-0.0029038147896508493,-0.00020315960792247973,0.074302358300047,-0.3081234804732699,-0.2976914293679433,0,0
73.9772983740448,21.210554056051848,76.88563626605912,0.30297920379660953,0.0001975885100812165,-0.07322551252758255,0.3,0,0,-0.002979203796609542,-0.0001975885100812165,0.07322551252758255,-0.3081234804732699,-0.2978426185143973,0,0
65.6618596686084,20.931683493242176,76.88563626605912,0.30290380883414925,0.0002030784223746224,-0.07214866675511811,0.3,0,0,-0.0029038088341492574,-0.0002030784223746224,0.07214866675511811,-0.30797229132681586,-0.2978426185143973,0,0
63.680115630491734,20.349107076989263,69.97442321249366,0.3028284022229759,0.00020840594456821094,-0.06891812943772475,0.3,0,0,-0.002828402222975923,-0.00020840594456821094,0.06891812943772475,-0.30766991303390784,-0.2979938076608513,0,0
65.21205562750623,20.618475673047115,68.97275209823704,0.29973242449895215,0.0003535363485379874,-0.024767452766682303,0.3,0,0,0.00026757550104783423,-0.0003535363485379874,0.024767452766682303,-0.3014711580292935,-0.2979938076608513,0,0
77.49266392626436,20.852837358537094,78.419964244608,0.29738940882399195,0.00030937745690599546,0.06245705480293815,0.3,0,0,0.002610591176008037,-0.00030937745690599546,-0.06245705480293815,-0.293004565827869,-0.30177353632220155,0,0
72.32728403086773,21.17043565318336,75.40573089722304,0.297089035532343,0.0002746137159401046,0.16798794050445426,0.3,0,0,0.0029109644676569846,-0.0002746137159401046,-0.16798794050445426,-0.28529391935871456,-0.30887942620554,0,0
66.11723490259166,21.09047995583375,76.58539900875073,0.29701484876873857,0.00026009257248395316,0.2185996918102834,0.3,0,0,0.002985151231261418,-0.00026009257248395316,-0.2185996918102834,-0.28166537984381834,-0.3123567765739822,0,0
61.599435781669065,21.05064198016546,75.99135610686974,0.2969410620264452,0.00024365918685882655,0.21967653758274786,0.3,0,0,0.003058937973554776,-0.00024365918685882655,-0.21967653758274786,-0.28151419069736433,-0.3123567765739822,0,0
69.7215507122142,21.09047995583375,75.99135610686974,0.29701502144943465,0.00025929706562929824,0.1970627763609944,0.3,0,0,0.0029849785505653426,-0.00025929706562929824,-0.1970627763609944,-0.2831772713083584,-0.31084488510944214,0,0
56.53772243679344,20.464022603165645,72.86976705815192,0.29731475122489565,0.0002992306820954228,0.06784128366526038,0.3,0,0,0.002685248775104343,-0.0002992306820954228,-0.06784128366526038,-0.29255099838850696,-0.30207591461510963,0,0
72.86976705815192,21.29107368585003,75.11601708077,0.29791925221441345,0.00028164996083960235,-0.12599095537834062,0.3,0,0,0.002080747785586534,-0.00028164996083960235,0.12599095537834062,-0.30676277815518377,-0.28907364802006486,0,0
68.48157158520587,21.09047995583375,78.73363637499943,0.29843637128850564,0.0001693989083843986,-0.301516816290046,0.3,0,0,0.001563628711494347,-0.0001693989083843986,0.301516816290046,-0.31961385560377453,-0.27728089459665217,0,0
73.9772983740448,22.28772229885734,78.10859556029456,0.29893528625599386,-6.942495668968993e-06,-0.37797286613502196,0.3,0,0,0.0010647137440061294,6.942495668968993e-06,0.37797286613502196,-0.3255102323154809,-0.2724428419101239,0,0
59.445249703111536,21.949127558551538,75.99135610686974,0.2990055599687947,-3.480187094116477e-05,-0.3768960203625575,0.3,0,0,0.0009944400312053014,3.480187094116477e-05,0.3768960203625575,-0.3255102323154809,-0.2725940310565779,0,0
68.97275209823704,22.033164800444176,77.18804967871625,0.2989348167060907,-8.157353993707546e-06,-0.3435138014161595,0.3,0,0,0.0010651832939093109,8.157353993707546e-06,0.3435138014161595,-0.32309120597221674,-0.27486186825338804,0,0
64.1112337943502,22.159982088780858,81.32922784467303,0.2991544081625597,-6.481816724373502e-05,-0.1615268658696674,0.3,0,0,0.0008455918374402627,6.481816724373502e-05,0.1615268658696674,-0.310542506816534,-0.2878641348484328,0,0
71.79211210149265,21.865492873548824,78.10859556029456,0.29991025528034404,-7.702819076626996e-05,0.12922149269573407,0.3,0,0,8.974471965594866e-05,7.702819076626996e-05,-0.12922149269573407,-0.2908879177775129,-0.30903061535199405,0,0
65.43626790658098,21.130411066922797,71.00273031673345,0.3001279020295334,-1.3304191522109756e-05,0.44042992093796013,0.3,0,0,-0.0001279020295333888,1.3304191522109756e-05,-0.44042992093796013,-0.2692678698345896,-0.33110423073427936,0,0
