FDist,LDist,RDist,XEst,YEst,ThetaEst,XDes,YDes,ThetaDes,XError,YError,ThetaError,SL,SR,RW,LW
154.7323071690459,18.6459367757314,30.01017807866701,0.0,0.0,0.0,0,0,0,0.0,0.0,0.0,0.0,0.0,0,0
236.49825525583836,18.818881403249385,29.756482389147592,0.0,0.0,0.0,0,0,0,0.0,0.0,0.0,0.0,0.0,0,0
353.40072554933454,18.714890970363626,32.15651414002179,0.0,0.0,0.0,0,0,0,0.0,0.0,0.0,0.0,0.0,0,0
1284.2268420173286,18.238356668915443,42.65710812266905,0.0,0.0,0.0,0,0,0,0.0,0.0,0.0,0.0,0.0,0,0
562.6000187683081,17.743230101200233,39.10299164548677,0.0,0.0,0.0,0,0,0,0.0,0.0,0.0,0.0,0.0,0,0
648.3999468665874,17.939411375632368,38.63343878442909,0.0,0.0,0.0,0,0,0,0.0,0.0,0.0,0.0,0.0,0,0
399.01729906632625,18.271925091134115,43.88139400932728,0.0,0.0,0.0,0,0,0,0.0,0.0,0.0,0.0,0.0,0,0
334.5408252723781,18.104791397724426,41.279376340133794,0.0,0.0,0.0,0,0,0,0.0,0.0,0.0,0.0,0.0,0,0
900.238757316699,18.238356668915443,40.36651046494504,0.0,0.0,0.0,0,0,0,0.0,0.0,0.0,0.0,0.0,0,0
236.49825525583836,17.972348463819834,37.63074993470196,0.0,0.0,0.0,0,0,0,0.0,0.0,0.0,0.0,0.0,0,0
851.4899528953961,18.238356668915443,38.54058218127202,0.0,0.0,0.0,0,0,0,0.0,0.0,0.0,0.0,0.0,0,0
1093.1463157010076,18.373059168895537,40.66722061663911,0.0,0.0,0.0,0,0,0,0.0,0.0,0.0,0.0,0.0,0,0
374.71408913910363,18.339276104241605,39.97098488311734,0.0,0.0,0.0,0,0,0,0.0,0.0,0.0,0.0,0.0,0,0
340.5824855543227,17.939411375632368,36.581988162777755,0.0,0.0,0.0,0,0,0,0.0,0.0,0.0,0.0,0.0,0,0
399.01729906632625,17.906543292002304,35.65938806674725,0.0,0.0,0.0,0,0,0,0.0,0.0,0.0,0.0,0.0,0,0
624.3377665398167,18.271925091134115,41.176340005486864,0.0,0.0,0.0,0,0,0,0.0,0.0,0.0,0.0,0.0,0,0
1284.2268420173286,18.271925091134115,40.66722061663911,0.0,0.0,0.0,0,0,0,0.0,0.0,0.0,0.0,0.0,0,0
334.5408252723781,18.271925091134115,41.906294265999335,0.0,0.0,0.0,0,0,0,0.0,0.0,0.0,0.0,0.0,0,0
1284.2268420173286,18.238356668915443,40.06929243145368,0.0,0.0,0.0,0.3,0,0,0.3,0.0,0.0,0.0,0.0,0,0
220.70517709223105,18.543059645113814,36.326794512671405,0.006954696704560373,7.489138639872293e-06,0.0021536915449289033,0.3,0,0,0.2930453032954396,-7.489138639872293e-06,-0.0021536915449289033,-0.0068035115904303955,-0.0071058898833384135,0,0
307.4777105974586,18.373059168895537,36.753643113630005,0.0341687272876227,-2.1816186472671288e-05,-0.004307383089857794,0.3,0,0,0.2658312727123773,2.1816186472671288e-05,0.004307383089857794,-0.03447112539151401,-0.033866368805697974,0,0
265.2554052777127,18.339276104241605,37.72022963544492,0.05719617313361407,-0.0011758417170184567,-0.09583927374933605,0.3,0,0,0.2428038268663859,0.0011758417170184567,0.09583927374933605,-0.06395300895004571,-0.050497174915638945,0,0
132.61463364415852,17.808350823217232,36.581988162777755,0.074153787102607,-0.004258689413221721,-0.26382721425379024,0.3,0,0,0.22584621289739298,0.004258689413221721,0.26382721425379024,-0.0929813250692154,-0.05593998418798326,0,0
182.55823066529945,18.3055648241262,40.167981003823776,0.10312985763142728,-0.01146967841685672,-0.22398392067260556,0.3,0,0,0.1968701423685727,0.01146967841685672,0.22398392067260556,-0.12004418228448298,-0.08859683982204916,0,0
624.3377665398167,18.339276104241605,40.76824443801301,0.13325487917353457,-0.016929570247311464,-0.13460572155805622,0.3,0,0,0.16674512082646542,0.016929570247311464,0.13460572155805622,-0.1443856348635784,-0.1254869915568273,0,0
239.3652489782259,18.3055648241262,38.820199780260964,0.1629341389884303,-0.019428328113741122,-0.03338221894639791,0.3,0,0,0.1370658610115697,0.019428328113741122,0.03338221894639791,-0.1670640068316797,-0.16237714329160544,0,0
167.46934895889862,18.339276104241605,38.91410827618916,0.1924863689532509,-0.01887135628702793,0.07107182098265377,0.3,0,0,0.10751363104674908,0.01887135628702793,-0.07107182098265377,-0.189288811360419,-0.19926729502638357,0,0
179.3202830877122,17.808350823217232,37.276083951504475,0.2208645039381835,-0.015525057302908995,0.1636805574145965,0.3,0,0,0.0791354960618165,0.015525057302908995,-0.1636805574145965,-0.21136242674270428,-0.2343431770037136,0,0
239.3652489782259,18.373059168895537,39.00837153363536,0.2448087125887693,-0.011145424240931944,0.19813962213345893,0.3,0,0,0.055191287411230694,0.011145424240931944,-0.19813962213345893,-0.23328485297853555,-0.26110365592607315,0,0
144.84210166738234,17.743230101200233,36.66766191762644,0.2659201439538984,-0.0068476414736834,0.20352385099578119,0.3,0,0,0.034079856046101586,0.0068476414736834,-0.20352385099578119,-0.25445133348209675,-0.28302608216190445,0,0
239.3652489782259,18.339276104241605,38.172601280949785,0.28246379223768514,-0.003609426482961624,0.18306378131895665,0.3,0,0,0.017536207762314848,0.003609426482961624,-0.18306378131895665,-0.2727452202030318,-0.29844737510021335,0,0
134.3591943699604,17.808350823217232,37.100676960883916,0.2947624362229154,-0.0015305580288653888,0.1518352539174876,0.3,0,0,0.005237563777084564,0.0015305580288653888,-0.1518352539174876,-0.28741056740907067,-0.308728237059086,0,0
218.28532251964043,18.238356668915443,38.35590662765991,0.3030852097340005,-0.000462718022311888,0.10337719415658733,0.3,0,0,-0.0030852097340005047,0.000462718022311888,-0.10337719415658733,-0.29920332083248335,-0.31371747889206825,0,0
137.98997206957193,18.373059168895537,38.172601280949785,0.3076094336410082,-0.0001406306984338704,0.03876644780872032,0.3,0,0,-0.00760943364100819,0.0001406306984338704,-0.03876644780872032,-0.3082746696197239,-0.31371747889206825,0,0
182.55823066529945,18.339276104241605,38.44807213279861,0.3111620567138148,-9.280747086933238e-05,-0.011845303497108835,0.3,0,0,-0.011162056713814816,9.280747086933238e-05,0.011845303497108835,-0.3153805595030623,-0.31371747889206825,0,0
218.28532251964043,18.373059168895537,38.26408367033017,0.3137310190414185,-0.00017305847049113165,-0.05061175130582904,0.3,0,0,-0.01373101904141849,0.00017305847049113165,0.05061175130582904,-0.3206721796289526,-0.31356628974561424,0,0
167.46934895889862,18.3055648241262,38.72664396960077,0.31508924801515625,-0.0002550636736431554,-0.06999497521018914,0.3,0,0,-0.015089248015156265,0.0002550636736431554,0.06999497521018914,-0.32339358426512477,-0.31356628974561424,0,0
223.1819809443389,18.071576020988715,36.24233355390543,0.31508924801515625,-0.0002550636736431554,-0.06999497521018914,0.3,0,0,-0.015089248015156265,0.0002550636736431554,0.06999497521018914,-0.32339358426512477,-0.31356628974561424,0,0
223.1819809443389,18.238356668915443,38.08145749517021,0.31508924801515625,-0.0002550636736431554,-0.06999497521018914,0.3,0,0,-0.015089248015156265,0.0002550636736431554,0.06999497521018914,-0.32339358426512477,-0.31356628974561424,0,0
174.67928447558052,17.581608690126714,37.100676960883916,0.31508924801515625,-0.0002550636736431554,-0.06999497521018914,0.3,0,0,-0.015089248015156265,0.0002550636736431554,0.06999497521018914,-0.32339358426512477,-0.31356628974561424,0,0
280.5772654118684,18.339276104241605,38.26408367033017,0.3150138357107849,-0.00024981735581321987,-0.0689181294377247,0.3,0,0,-0.015013835710784906,0.00024981735581321987,0.0689181294377247,-0.32324239511867076,-0.31356628974561424,0,0
139.88023555455067,17.743230101200233,37.276083951504475,0.3150138357107849,-0.00024981735581321987,-0.0689181294377247,0.3,0,0,-0.015013835710784906,0.00024981735581321987,0.0689181294377247,-0.32324239511867076,-0.31356628974561424,0,0
223.1819809443389,18.3055648241262,38.08145749517021,0.3150138357107849,-0.00024981735581321987,-0.0689181294377247,0.3,0,0,-0.015013835710784906,0.00024981735581321987,0.0689181294377247,-0.32324239511867076,-0.31356628974561424,0,0
261.6981137825328,18.271925091134115,37.81003834541127,0.3149384178006634,-0.00024465224843055026,-0.06784128366526025,0.3,0,0,-0.014938417800663406,0.00024465224843055026,0.06784128366526025,-0.32309120597221674,-0.31356628974561424,0,0
184.22292190812155,18.508914058826775,37.99065036400073,0.3149384178006634,-0.00024465224843055026,-0.06784128366526025,0.3,0,0,-0.014938417800663406,0.00024465224843055026,0.06784128366526025,-0.32309120597221674,-0.31356628974561424,0,0
218.28532251964043,18.406914256574545,37.81003834541127,0.3149384178006634,-0.00024465224843055026,-0.06784128366526025,0.3,0,0,-0.014938417800663406,0.00024465224843055026,0.06784128366526025,-0.32309120597221674,-0.31356628974561424,0,0
150.1726803268919,17.581608690126714,36.07430705116846,0.3149384178006634,-0.00024465224843055026,-0.06784128366526025,0.3,0,0,-0.014938417800663406,0.00024465224843055026,0.06784128366526025,-0.32309120597221674,-0.31356628974561424,0,0
437.33222201576723,17.775756517532926,35.17096471366344,0.3149384178006634,-0.00024465224843055026,-0.06784128366526025,0.3,0,0,-0.014938417800663406,0.00024465224843055026,0.06784128366526025,-0.32309120597221674,-0.31356628974561424,0,0
133.48121220361529,17.808350823217232,35.65938806674725,0.3149384178006634,-0.00024465224843055026,-0.06784128366526025,0.3,0,0,-0.014938417800663406,0.00024465224843055026,0.06784128366526025,-0.32309120597221674,-0.31356628974561424,0,0
734.7683303247097,18.440841606842675,36.753643113630005,0.3149384178006634,-0.00024465224843055026,-0.06784128366526025,0.3,0,0,-0.014938417800663406,0.00024465224843055026,0.06784128366526025,-0.32309120597221674,-0.31356628974561424,0,0
851.4899528953961,18.3055648241262,36.66766191762644,0.3149384178006634,-0.00024465224843055026,-0.06784128366526025,0.3,0,0,-0.014938417800663406,0.00024465224843055026,0.06784128366526025,-0.32309120597221674,-0.31356628974561424,0,0
624.3377665398167,18.543059645113814,36.15817161555471,0.3149384178006634,-0.00024465224843055026,-0.06784128366526025,0.3,0,0,-0.014938417800663406,0.00024465224843055026,0.06784128366526025,-0.32309120597221674,-0.31356628974561424,0,0
220.70517709223105,18.104791397724426,36.92653473301203,0.3149384178006634,-0.00024465224843055026,-0.06784128366526025,0.3,0,0,-0.014938417800663406,0.00024465224843055026,0.06784128366526025,-0.32309120597221674,-0.31356628974561424,0,0
382.4520830402873,17.581608690126714,35.25166339646849,0.3149384178006634,-0.00024465224843055026,-0.06784128366526025,0.3,0,0,-0.014938417800663406,0.00024465224843055026,0.06784128366526025,-0.32309120597221674,-0.31356628974561424,0,0
280.5772654118684,18.3055648241262,36.8399334734816,0.3149384178006634,-0.00024465224843055026,-0.06784128366526025,0.3,0,0,-0.014938417800663406,0.00024465224843055026,0.06784128366526025,-0.32309120597221674,-0.31356628974561424,0,0
206.97300472647143,18.3055648241262,36.581988162777755,0.3149384178006634,-0.00024465224843055026,-0.06784128366526025,0.3,0,0,-0.014938417800663406,0.00024465224843055026,0.06784128366526025,-0.32309120597221674,-0.31356628974561424,0,0
307.4777105974586,18.373059168895537,36.15817161555471,0.3149384178006634,-0.00024465224843055026,-0.06784128366526025,0.3,0,0,-0.014938417800663406,0.00024465224843055026,0.06784128366526025,-0.32309120597221674,-0.31356628974561424,0,0
223.1819809443389,17.808350823217232,34.85094051287913,0.3149384178006634,-0.00024465224843055026,-0.06784128366526025,0.3,0,0,-0.014938417800663406,0.00024465224843055026,0.06784128366526025,-0.32309120597221674,-0.31356628974561424,0,0
225.71785045590883,17.972348463819834,34.1466956368953,0.3149384178006634,-0.00024465224843055026,-0.06784128366526025,0.3,0,0,-0.014938417800663406,0.00024465224843055026,0.06784128366526025,-0.32309120597221674,-0.31356628974561424,0,0
184.22292190812155,17.710771354120418,35.57727385086573,0.3149384178006634,-0.00024465224843055026,-0.06784128366526025,0.3,0,0,-0.014938417800663406,0.00024465224843055026,0.06784128366526025,-0.32309120597221674,-0.31356628974561424,0,0
218.28532251964043,17.841013239325363,35.33264212856703,0.3149384178006634,-0.00024465224843055026,-0.06784128366526025,0.3,0,0,-0.014938417800663406,0.00024465224843055026,0.06784128366526025,-0.32309120597221674,-0.31356628974561424,0,0
624.3377665398167,18.339276104241605,41.279376340133794,0.3149384178006634,-0.00024465224843055026,-0.06784128366526025,0.3,0,0,-0.014938417800663406,0.00024465224843055026,0.06784128366526025,-0.32309120597221674,-0.31356628974561424,0,0
528.3325926770696,18.071576020988715,41.176340005486864,0.3149384178006634,-0.00024465224843055026,-0.06784128366526025,0.3,0,0,-0.014938417800663406,0.00024465224843055026,0.06784128366526025,-0.32309120597221674,-0.31356628974561424,0,0
236.49825525583836,17.841013239325363,38.72664396960077,0.3149384178006634,-0.00024465224843055026,-0.06784128366526025,0.3,0,0,-0.014938417800663406,0.00024465224843055026,0.06784128366526025,-0.32309120597221674,-0.31356628974561424,0,0
179.3202830877122,18.271925091134115,40.76824443801301,0.3149384178006634,-0.00024465224843055026,-0.06784128366526025,0.3,0,0,-0.014938417800663406,0.00024465224843055026,0.06784128366526025,-0.32309120597221674,-0.31356628974561424,0,0
184.22292190812155,18.339276104241605,40.56659194626288,0.3149384178006634,-0.00024465224843055026,-0.06784128366526025,0.3,0,0,-0.014938417800663406,0.00024465224843055026,0.06784128366526025,-0.32309120597221674,-0.31356628974561424,0,0
