FDist,LDist,RDist,XEst,YEst,ThetaEst,XDes,YDes,ThetaDes,XError,YError,ThetaError,SL,SR,RW,LW
648.3999468665874,648.3999468665874,19.028900223129533,0.0,0.0,0.0,0,0,0,0.0,0.0,0.0,0.0,0.0,0,0
955.6520228707801,302.6164596847404,20.084001131964996,0.0,0.0,0.0,0,0,0,0.0,0.0,0.0,0.0,0.0,0,0
1284.2268420173286,254.878386734463,20.046470706490737,0.0,0.0,0.0,0,0,0,0.0,0.0,0.0,0.0,0.0,0,0
293.3703955349555,218.28532251964043,20.272932179340643,0.0,0.0,0.0,0,0,0,0.0,0.0,0.0,0.0,0.0,0,0
769.566351540633,346.8640580657511,19.8600811104764,0.0,0.0,0.0,0,0,0,0.0,0.0,0.0,0.0,0.0,0,0
648.3999468665874,328.72509627198025,19.493498319736666,0.0,0.0,0.0,0,0,0,0.0,0.0,0.0,0.0,0.0,0,0
302.6164596847404,562.6000187683081,19.277419187964682,0.0,0.0,0.0,0,0,0,0.0,0.0,0.0,0.0,0.0,0,0
1284.2268420173286,1284.2268420173286,20.272932179340643,0.0,0.0,0.0,0,0,0,0.0,0.0,0.0,0.0,0.0,0,0
1284.2268420173286,374.71408913910363,20.349107076989263,0.0,0.0,0.0,0,0,0,0.0,0.0,0.0,0.0,0.0,0,0
280.5772654118684,624.3377665398167,19.749246828391648,0.0,0.0,0.0,0,0,0,0.0,0.0,0.0,0.0,0.0,0,0
648.3999468665874,1284.2268420173286,20.541072037014736,0.0,0.0,0.0,0,0,0,0.0,0.0,0.0,0.0,0.0,0,0
1284.2268420173286,562.6000187683081,20.23497444201862,0.0,0.0,0.0,0,0,0,0.0,0.0,0.0,0.0,0.0,0,0
1411.3480414449798,1411.3480414449798,20.774355752373964,0.0,0.0,0.0,0,0,0,0.0,0.0,0.0,0.0,0.0,0,0
498.3296704628293,602.1580731583105,20.084001131964996,0.0,0.0,0.0,0,0,0,0.0,0.0,0.0,0.0,0.0,0,0
955.6520228707801,624.3377665398167,21.130411066922797,0.0,0.0,0.0,0,0,0,0.0,0.0,0.0,0.0,0.0,0,0
215.92040254306553,346.8640580657511,20.009024843758404,0.0,0.0,0.0,0,0,0,0.0,0.0,0.0,0.0,0.0,0,0
648.3999468665874,1411.3480414449798,20.89221469509625,0.0,0.0,0.0,0,0,0,0.0,0.0,0.0,0.0,0.0,0,0
544.8761250677193,624.3377665398167,20.65731111090045,0.0,0.0,0.0,0,0,0,0.0,0.0,0.0,0.0,0.0,0,0
769.566351540633,955.6520228707801,20.696236055220425,0.0,0.0,0.0,0.3,0,0,0.3,0.0,0.0,0.0,0.0,0,0
1411.3480414449798,851.4899528953961,20.931683493242176,0.007181483415612128,3.866675401711437e-06,0.0010768457724644454,0.3,0,0,0.29281851658438784,-3.866675401711437e-06,-0.0010768457724644454,-0.0071058898833384135,-0.007257079029792422,0,0
900.238757316699,1411.3480414449798,20.852837358537094,0.0353024037826029,0.00012499500138276552,0.007537920407251143,0.3,0,0,0.2646975962173971,-0.00012499500138276552,-0.007537920407251143,-0.03477350368442202,-0.035831827709600084,0,0
648.3999468665874,581.6409617069837,20.387324852120102,0.06531153098486091,0.0004643190803762966,0.015075840814502285,0.3,0,0,0.23468846901513907,-0.0004643190803762966,-0.015075840814502285,-0.06425538724295374,-0.06637203529330986,0,0
562.6000187683081,346.8640580657511,21.05064198016546,0.0950908022729292,0.0010095305868212349,0.02153691544928898,0.3,0,0,0.20490919772707078,-0.0010095305868212349,-0.02153691544928898,-0.09358608165503145,-0.09660986458411161,0,0
417.22151175368833,484.6780696502813,19.93438562175379,0.1182156471682482,0.001582391231301535,0.027997990084075677,0.3,0,0,0.1817843528317518,-0.001582391231301535,-0.027997990084075677,-0.11626445362313276,-0.12019537143093698,0,0
399.01729906632625,399.01729906632625,20.931683493242176,0.1461710452703219,0.002485815103317612,0.03661275626379126,0.3,0,0,0.15382895472967809,-0.002485815103317612,-0.03661275626379126,-0.14362968913130836,-0.14877012011074464,0,0
1284.2268420173286,851.4899528953961,20.931683493242176,0.1677739346995331,0.0033470011247875918,0.04307383089857796,0.3,0,0,0.13222606530046688,-0.0033470011247875918,-0.04307383089857796,-0.1647961696348696,-0.17084373549302992,0,0
239.3652489782259,437.33222201576723,19.313234243315314,0.1936731088107669,0.0045890309766918255,0.05276544285075802,0.3,0,0,0.10632689118923308,-0.0045890309766918255,-0.05276544285075802,-0.19004475709268906,-0.19745302526893546,0,0
1284.2268420173286,1284.2268420173286,21.09047995583375,0.21872964324473979,0.006020632932006669,0.061380209030473656,0.3,0,0,0.0812703567552602,-0.006020632932006669,-0.061380209030473656,-0.21453739881823847,-0.22315518016611696,0,0
955.6520228707801,1019.267059271828,20.97124408445338,0.2424914170701447,0.0075708866835037004,0.0689181294377248,0.3,0,0,0.05750858292985528,-0.0075708866835037004,-0.0689181294377248,-0.2378205273721558,-0.24749663274521239,0,0
769.566351540633,851.4899528953961,21.09047995583375,0.26367740152147706,0.009113552037950763,0.07645604984497593,0.3,0,0,0.03632259847852293,-0.009113552037950763,-0.07645604984497593,-0.258533440436355,-0.26926786983458967,0,0
1180.1265773010464,307.4777105974586,21.09047995583375,0.2804807722758236,0.01046450213168002,0.08399397025222705,0.3,0,0,0.019519227724176413,-0.01046450213168002,-0.08399397025222705,-0.274861868253388,-0.28665462167680067,0,0
734.7683303247097,307.4777105974586,21.210554056051848,0.29305883289481116,0.01154393866008885,0.08722450756962041,0.3,0,0,0.006941167105188828,-0.01154393866008885,-0.08722450756962041,-0.2872593782626167,-0.29950569912539143,0,0
1284.2268420173286,1019.267059271828,20.97124408445338,0.30164303909057294,0.012303911915202154,0.08937819911454932,0.3,0,0,-0.0016430390905729508,-0.012303911915202154,-0.08937819911454932,-0.2957259704640412,-0.30827466961972394,0,0
1284.2268420173286,955.6520228707801,20.89221469509625,0.30646224256889537,0.012730563567195588,0.08722450756962043,0.3,0,0,-0.006462242568895382,-0.012730563567195588,-0.08722450756962043,-0.30071521229702347,-0.3129615331597982,0,0
399.01729906632625,191.20821604693444,19.529790810708228,0.30781802412460735,0.01284618005233492,0.08291712447976263,0.3,0,0,-0.007818024124607359,-0.01284618005233492,-0.08291712447976263,-0.30237829290801754,-0.31401985718497627,0,0
1284.2268420173286,1284.2268420173286,21.05064198016546,0.30781802412460735,0.01284618005233492,0.08291712447976263,0.3,0,0,-0.007818024124607359,-0.01284618005233492,-0.08291712447976263,-0.30237829290801754,-0.31401985718497627,0,0
1284.2268420173286,703.2691653992177,21.05064198016546,0.30781802412460735,0.01284618005233492,0.08291712447976263,0.3,0,0,-0.007818024124607359,-0.01284618005233492,-0.08291712447976263,-0.30237829290801754,-0.31401985718497627,0,0
399.01729906632625,251.60762066022812,20.97124408445338,0.30781802412460735,0.01284618005233492,0.08291712447976263,0.3,0,0,-0.007818024124607359,-0.01284618005233492,-0.08291712447976263,-0.30237829290801754,-0.31401985718497627,0,0
1093.1463157010076,498.3296704628293,21.575898614386084,0.30781802412460735,0.01284618005233492,0.08291712447976263,0.3,0,0,-0.007818024124607359,-0.01284618005233492,-0.08291712447976263,-0.30237829290801754,-0.31401985718497627,0,0
1284.2268420173286,427.0195773074906,21.250766618660897,0.30781802412460735,0.01284618005233492,0.08291712447976263,0.3,0,0,-0.007818024124607359,-0.01284618005233492,-0.08291712447976263,-0.30237829290801754,-0.31401985718497627,0,0
1284.2268420173286,955.6520228707801,21.45325395754319,0.3077426859082103,0.012839959710585328,0.08184027870729818,0.3,0,0,-0.007742685908210312,-0.012839959710585328,-0.08184027870729818,-0.30237829290801754,-0.31386866803852226,0,0
1284.2268420173286,382.4520830402873,21.29107368585003,0.3077426859082103,0.012839959710585328,0.08184027870729818,0.3,0,0,-0.007742685908210312,-0.012839959710585328,-0.08184027870729818,-0.30237829290801754,-0.31386866803852226,0,0
1411.3480414449798,1284.2268420173286,21.371972721925673,0.3077426859082103,0.012839959710585328,0.08184027870729818,0.3,0,0,-0.007742685908210312,-0.012839959710585328,-0.08184027870729818,-0.30237829290801754,-0.31386866803852226,0,0
769.566351540633,808.2350827585409,21.210554056051848,0.3077426859082103,0.012839959710585328,0.08184027870729818,0.3,0,0,-0.007742685908210312,-0.012839959710585328,-0.08184027870729818,-0.30237829290801754,-0.31386866803852226,0,0
624.3377665398167,382.4520830402873,21.494038780723614,0.3077426859082103,0.012839959710585328,0.08184027870729818,0.3,0,0,-0.007742685908210312,-0.012839959710585328,-0.08184027870729818,-0.30237829290801754,-0.31386866803852226,0,0
448.2028325964311,1284.2268420173286,21.371972721925673,0.3077426859082103,0.012839959710585328,0.08184027870729818,0.3,0,0,-0.007742685908210312,-0.012839959710585328,-0.08184027870729818,-0.30237829290801754,-0.31386866803852226,0,0
