FDist,LDist,RDist,XEst,YEst,ThetaEst,XDes,YDes,ThetaDes,XError,YError,ThetaError,SL,SR,RW,LW
390.5444991736698,268.9169663380496,28.120842178481034,0.0,0.0,0.0,0,0,0,0.0,0.0,0.0,0.0,0.0,0,0
407.8990969411948,302.6164596847404,26.989108340162986,0.0,0.0,0.0,0,0,0,0.0,0.0,0.0,0.0,0.0,0,0
196.81893899271049,242.3065498311679,28.237612839164704,0.0,0.0,0.0,0,0,0,0.0,0.0,0.0,0.0,0.0,0,0
648.3999468665874,1570.544100534677,28.952686402369643,0.0,0.0,0.0,0,0,0,0.0,0.0,0.0,0.0,0.0,0,0
1411.3480414449798,239.3652489782259,28.952686402369643,0.0,0.0,0.0,0,0,0,0.0,0.0,0.0,0.0,0.0,0,0
1411.3480414449798,194.9110753588243,28.711534351575374,0.0,0.0,0.0,0,0,0,0.0,0.0,0.0,0.0,0.0,0,0
407.8990969411948,399.01729906632625,28.892132026161015,0.0,0.0,0.0,0,0,0,0.0,0.0,0.0,0.0,0.0,0,0
1180.1265773010464,288.9697116820819,28.892132026161015,0.0,0.0,0.0,0,0,0,0.0,0.0,0.0,0.0,0.0,0,0
459.67991945810627,769.566351540633,28.771556813350443,0.0,0.0,0.0,0,0,0,0.0,0.0,0.0,0.0,0.0,0,0
1411.3480414449798,544.8761250677193,29.013419717033194,0.0,0.0,0.0,0,0,0,0.0,0.0,0.0,0.0,0.0,0,0
955.6520228707801,360.20900612823414,29.381623897205223,0.0,0.0,0.0,0,0,0,0.0,0.0,0.0,0.0,0.0,0,0
1411.3480414449798,297.9167592848756,28.414041435834406,0.0,0.0,0.0,0,0,0,0.0,0.0,0.0,0.0,0.0,0,0
312.50933522689996,328.72509627198025,27.831840782090417,0.0,0.0,0.0,0,0,0,0.0,0.0,0.0,0.0,0.0,0,0
955.6520228707801,1284.2268420173286,29.074332795504482,0.0,0.0,0.0,0,0,0,0.0,0.0,0.0,0.0,0.0,0,0
955.6520228707801,1570.544100534677,29.196701571220196,0.0,0.0,0.0,0,0,0,0.0,0.0,0.0,0.0,0.0,0,0
293.3703955349555,769.566351540633,29.074332795504482,0.0,0.0,0.0,0,0,0,0.0,0.0,0.0,0.0,0.0,0,0
346.8640580657511,239.3652489782259,27.490449651671298,0.0,0.0,0.0,0,0,0,0.0,0.0,0.0,0.0,0.0,0,0
471.8179059817352,448.2028325964311,29.013419717033194,0.0,0.0,0.0,0,0,0,0.0,0.0,0.0,0.0,0.0,0,0
323.12240163650586,734.7683303247097,28.592015692053423,0.0,0.0,0.0,0,0,0,0.0,0.0,0.0,0.0,0.0,0,0
562.6000187683081,648.3999468665874,28.29625192435787,0.0,0.0,0.0,0,0,0,0.0,0.0,0.0,0.0,0.0,0,0
648.3999468665874,448.2028325964311,28.17914317773628,0.0,0.0,0.0,0,0,0,0.0,0.0,0.0,0.0,0.0,0,0
360.20900612823414,213.60849807698625,29.25815894523266,0.0,0.0,0.0,0,0,0,0.0,0.0,0.0,0.0,0.0,0,0
955.6520228707801,1093.1463157010076,29.443633183885872,0.0,0.0,0.0,0,0,0,0.0,0.0,0.0,0.0,0.0,0,0
272.6876389629632,346.8640580657511,28.473193408840125,0.0,0.0,0.0,0,0,0,0.0,0.0,0.0,0.0,0.0,0,0
471.8179059817352,317.7208243859324,28.29625192435787,0.0,0.0,0.0,0,0,0,0.0,0.0,0.0,0.0,0.0,0,0
360.20900612823414,390.5444991736698,28.473193408840125,0.0,0.0,0.0,0,0,0,0.0,0.0,0.0,0.0,0.0,0,0
297.9167592848756,265.2554052777127,27.099424286132248,0.0,0.0,0.0,0,0,0,0.0,0.0,0.0,0.0,0.0,0,0
163.42873978461637,147.99350743133397,27.377939217964773,0.0,0.0,0.0,0,0,0,0.0,0.0,0.0,0.0,0.0,0,0
407.8990969411948,399.01729906632625,29.381623897205223,0.0,0.0,0.0,0,0,0,0.0,0.0,0.0,0.0,0.0,0,0
562.6000187683081,399.01729906632625,28.6516875778294,0.0,0.0,0.0,0,0,0,0.0,0.0,0.0,0.0,0.0,0,0
544.8761250677193,900.238757316699,28.592015692053423,0.0,0.0,0.0,0,0,0,0.0,0.0,0.0,0.0,0.0,0,0
808.2350827585409,1411.3480414449798,28.892132026161015,0.0,0.0,0.0,1.0,0,0,1.0,0.0,0.0,0.0,0.0,0,0
703.2691653992177,624.3377665398167,29.443633183885872,0.00872472601796389,1.4034669815069325e-05,0.0032172145419165437,1.0,0,0,0.9912752739820361,-1.4034669815069325e-05,-0.0032172145419165437,-0.008497135463334393,-0.008952339148870165,0,0
167.46934895889862,317.7208243859324,34.37905456167617,0.026325682163762847,0.00010841232775021133,0.00750683393113861,1.0,0,0,0.9736743178362371,-0.00010841232775021133,-0.00750683393113861,-0.025794875513693694,-0.026857017446610496,0,0
360.20900612823414,166.09994149545804,44.573289080576004,0.04825061716450869,0.00028475917970549873,0.008579238778444133,1.0,0,0,0.9517493828354913,-0.00028475917970549873,-0.008579238778444133,-0.0476446524194107,-0.048858528914172764,0,0
328.72509627198025,248.42442609070224,76.88563626605912,0.07002382251127012,0.00045988563822164946,0.007506833931138635,1.0,0,0,0.9299761774887298,-0.00045988563822164946,-0.007506833931138635,-0.06949442932512771,-0.07055657125804451,0,0
293.3703955349555,220.70517709223105,32.29799013034805,0.09194832885225004,0.0006832568616502705,0.012868858167666175,1.0,0,0,0.90805167114775,-0.0006832568616502705,-0.012868858167666175,-0.09104073710715421,-0.0928615518492973,0,0
374.71408913910363,174.67928447558052,30.989631238220753,0.11417475473398371,0.0010289027603628436,0.018230882404193738,1.0,0,0,0.8858252452660162,-0.0010289027603628436,-0.018230882404193738,-0.11289051401287123,-0.11547000156424059,0,0
955.6520228707801,268.9169663380496,34.613790153652,0.136096966531952,0.0014168497723949774,0.017158477556888214,1.0,0,0,0.863903033468048,-0.0014168497723949774,-0.017158477556888214,-0.1348920254804335,-0.1373197784699576,0,0
581.6409617069837,196.81893899271049,37.81003834541127,0.15832259994650116,0.0018101662932441648,0.018230882404193738,1.0,0,0,0.8416774000534988,-0.0018101662932441648,-0.018230882404193738,-0.15704527150984102,-0.15962475906121038,0,0
581.6409617069837,177.7453057985956,26.28680469382479,0.1805477987862701,0.002227317460365757,0.01930328725149926,1.0,0,0,0.81945220121373,-0.002227317460365757,-0.01930328725149926,-0.17919851753924854,-0.18192973965246315,0,0
808.2350827585409,209.13650375320472,24.22671386331148,0.2028486239002118,0.002657850169401651,0.01930328725149926,1.0,0,0,0.7971513760997881,-0.002657850169401651,-0.01930328725149926,-0.2015034981305013,-0.20423472024371592,0,0
1411.3480414449798,194.9110753588243,21.45325395754319,0.2249986089039166,0.0030379474926143096,0.01501366786227722,1.0,0,0,0.7750013910960833,-0.0030379474926143096,-0.01501366786227722,-0.22396021328359933,-0.22608449714943293,0,0
448.2028325964311,171.72011046907937,22.033164800444176,0.24715103966189686,0.0032280031485430816,0.002144809694611071,1.0,0,0,0.7528489603381031,-0.0032280031485430816,-0.002144809694611071,-0.24702386668407839,-0.24732733580776892,0,0
808.2350827585409,624.3377665398167,23.756904125116755,0.26907660504972625,0.003169220301198167,-0.007506833931138535,1.0,0,0,0.7309233949502738,-0.003169220301198167,0.007506833931138535,-0.2696323163990217,-0.26857017446610487,0,0
808.2350827585409,223.1819809443389,24.32213184643946,0.291153447433738,0.003015328275559665,-0.006434429083833037,1.0,0,0,0.708846552566262,-0.003015328275559665,0.006434429083833037,-0.291633827866584,-0.2907234204955124,0,0
459.67991945810627,242.3065498311679,26.770315400455452,0.3129272036817807,0.0029336019056629145,-0.001072404847305473,1.0,0,0,0.6870727963182193,-0.0029336019056629145,0.001072404847305473,-0.3130284010867652,-0.31287666652491997,0,0
268.9169663380496,153.56624101955603,23.298880234713614,0.3350045792564985,0.0029454398490884924,0.0021448096946110706,1.0,0,0,0.6649954207435015,-0.0029454398490884924,-0.0021448096946110706,-0.3348781779924822,-0.33518164711617277,0,0
265.2554052777127,258.2405371440609,24.41804431856243,0.3567784857511515,0.0029571150716422414,-0.0010724048473054484,1.0,0,0,0.6432215142488484,-0.0029571150716422414,0.0010724048473054484,-0.35687968946004445,-0.35672795489819925,0,0
225.71785045590883,180.92431015592842,24.08450540165466,0.3785523672046788,0.0029220894174081134,-0.0021448096946109466,1.0,0,0,0.6214476327953212,-0.0029220894174081134,0.0021448096946109466,-0.37872946636576144,-0.378425997242071,0,0
180.92431015592842,157.11931592309642,26.18097245007521,0.40062971738926567,0.0028865756007456353,-0.0010724048473054484,1.0,0,0,0.5993702826107343,-0.0028865756007456353,0.0010724048473054484,-0.4007309778333237,-0.40057924327147854,0,0
674.6059938250444,206.97300472647143,28.237612839164704,0.4226312162053863,0.0028629810777222645,-0.0010724048473054484,1.0,0,0,0.5773687837946138,-0.0028629810777222645,0.0010724048473054484,-0.4227324893008859,-0.4225807547390408,0,0
437.33222201576723,121.56203207857888,28.237612839164704,0.44432924607231905,0.0028397119963957675,-0.0010724048473054484,1.0,0,0,0.555670753927681,-0.0028397119963957675,0.0010724048473054484,-0.44443053164475765,-0.4442787970829125,0,0
648.3999468665874,124.52854747504531,44.69032492014681,0.466330555117106,0.0029340898171401507,0.00965164362574968,1.0,0,0,0.533669444882894,-0.0029340898171401507,-0.00965164362574968,-0.46567337030309364,-0.46703898135970107,0,0
251.60762066022812,223.1819809443389,66.5782896093539,0.4881021829086283,0.0032493098293991315,0.01930328725149926,1.0,0,0,0.5118978170913717,-0.0032493098293991315,-0.01930328725149926,-0.48676447439958437,-0.4894956965127991,0,0
261.6981137825328,204.85569342211394,126.84939257625024,0.5099478891426936,0.0036710561566179662,0.01930328725149926,1.0,0,0,0.4900521108573064,-0.0036710561566179662,-0.01930328725149926,-0.5086142513053014,-0.5113454734185161,0,0
703.2691653992177,297.9167592848756,104.1428794944386,0.5316404293884882,0.004159665654101927,0.025737716335332325,1.0,0,0,0.4683595706115118,-0.004159665654101927,-0.025737716335332325,-0.5298570899636373,-0.5334987194479236,0,0
323.12240163650586,471.8179059817352,53.23336332033228,0.5535578758528885,0.004759176687588325,0.028954930877248843,1.0,0,0,0.4464421241471115,-0.004759176687588325,-0.028954930877248843,-0.5515551323075091,-0.5556519654773311,0,0
261.6981137825328,225.71785045590883,51.852303182374264,0.5752474843316084,0.0053640945301872125,0.02681012118263785,1.0,0,0,0.42475251566839156,-0.0053640945301872125,-0.02681012118263785,-0.5734049092132261,-0.5771982732593576,0,0
288.9697116820819,471.8179059817352,52.45851470980181,0.5970144798398573,0.005912771933210362,0.02359290664072133,1.0,0,0,0.40298552016014266,-0.005912771933210362,-0.02359290664072133,-0.5954064206807883,-0.5987445810413841,0,0
417.22151175368833,353.40072554933454,47.52728688645133,0.6188606257947921,0.006311090581146323,0.012868858167666227,1.0,0,0,0.38113937420520794,-0.006311090581146323,-0.012868858167666227,-0.6180148703957316,-0.6198356851378748,0,0
407.8990969411948,134.3591943699604,39.19797072143669,0.6408618209770408,0.0064290626535652515,-0.0021448096946109687,1.0,0,0,0.3591381790229592,-0.0064290626535652515,0.0021448096946109687,-0.6410785237962107,-0.6407750546725203,0,0
417.22151175368833,674.6059938250444,40.869665833746936,0.6626346006305399,0.006207237251752056,-0.01823088240419364,1.0,0,0,0.3373653993694601,-0.006207237251752056,0.01823088240419364,-0.6639904426348445,-0.6614109550834752,0,0
1284.2268420173286,1570.544100534677,41.59095555144303,0.6844027228801587,0.00570524713793807,-0.027882526029943223,1.0,0,0,0.3155972771198413,-0.00570524713793807,0.027882526029943223,-0.6864471577879425,-0.682502059179966,0,0
528.3325926770696,407.8990969411948,39.00837153363536,0.706016167235597,0.005090855123676545,-0.028954930877248722,1.0,0,0,0.293983832764403,-0.005090855123676545,0.028954930877248722,-0.7081452001318143,-0.7040483669619925,0,0
544.8761250677193,265.2554052777127,39.77550372711136,0.7276296115910353,0.0044764631094150195,-0.027882526029943223,1.0,0,0,0.27237038840896466,-0.0044764631094150195,0.027882526029943223,-0.7296915079138407,-0.7257464093058642,0,0
459.67991945810627,1570.544100534677,49.264827372609226,0.7493221518368299,0.003987853611931062,-0.017158477556888097,1.0,0,0,0.25067784816317007,-0.003987853611931062,0.017158477556888097,-0.7506308774484862,-0.7482031244589622,0,0
196.81893899271049,1284.2268420173286,46.75927786047718,0.7710193956614271,0.0038017032092063086,9.367506770274758e-17,1.0,0,0,0.22898060433857292,-0.0038017032092063086,-9.367506770274758e-17,-0.771115043297596,-0.7711150432975961,0,0
211.34777997197892,167.46934895889862,30.790100524402142,0.7927172383745619,0.003894779266905942,0.008579238778444177,1.0,0,0,0.20728276162543813,-0.003894779266905942,-0.008579238778444177,-0.7922061473940867,-0.7934200238888488,0,0
166.09994149545804,258.2405371440609,27.660416147404213,0.8144128352840915,0.004220534229513507,0.021448096946110325,1.0,0,0,0.18558716471590853,-0.004220534229513507,-0.021448096946110325,-0.8129937823668869,-0.816028473603792,0,0
140.84502956740286,189.41093412341306,29.381623897205223,0.8363302817484918,0.004820045262999906,0.033244550266470954,1.0,0,0,0.16366971825150822,-0.004820045262999906,-0.033244550266470954,-0.8340848864633776,-0.8387886578805805,0,0
140.84502956740286,168.8620920208621,33.16637689226863,0.8582391313151772,0.005678056721824559,0.04504100358683158,1.0,0,0,0.14176086868482285,-0.005678056721824559,-0.04504100358683158,-0.8551759905598684,-0.8615488421573692,0,0
211.34777997197892,185.91929651913173,46.01147903511478,0.8800634706703295,0.006732078799749718,0.051475432670664664,1.0,0,0,0.11993652932967047,-0.006732078799749718,-0.051475432670664664,-0.8765705637800496,-0.8838538227486219,0,0
109.77294326259755,317.7208243859324,116.69355260679126,0.9018079354328562,0.007864064903883241,0.05254783751797016,1.0,0,0,0.0981920645671438,-0.007864064903883241,-0.05254783751797016,-0.8982686061239213,-0.9057035996543389,0,0
288.9697116820819,648.3999468665874,272.6876389629632,0.9233257036743893,0.0089726806810974,0.05040302782335911,1.0,0,0,0.07667429632561074,-0.0089726806810974,-0.05040302782335911,-0.9199666484677931,-0.9270981728745201,0,0
399.01729906632625,245.3252030939217,76.88563626605912,0.9437118001405549,0.009924374602720923,0.042896193892220554,1.0,0,0,0.05628819985944511,-0.009924374602720923,-0.042896193892220554,-0.9409060180024386,-0.9469754004762488,0,0
211.34777997197892,1570.544100534677,77.49266392626436,0.9595590156123673,0.010459909191413548,0.024665311488026826,1.0,0,0,0.04044098438763266,-0.010459909191413548,-0.024665311488026826,-0.9580520234909526,-0.9615419184133935,0,0
167.46934895889862,312.50933522689996,66.11723490259166,0.9710895426412082,0.010633037703009177,0.005362024236527603,1.0,0,0,0.02891045735879183,-0.010633037703009177,-0.005362024236527603,-0.9709494612477995,-0.9717081340570257,0,0
407.8990969411948,265.2554052777127,58.32507928939602,0.9789037366499672,0.010586947281096564,-0.017158477556888166,1.0,0,0,0.021096263350032785,-0.010586947281096564,0.017158477556888166,-0.9803570040822054,-0.9779292510926813,0,0
448.2028325964311,276.5725757314533,52.30584039894111,0.9840603861559982,0.010432060281549322,-0.04289619389222047,1.0,0,0,0.015939613844001776,-0.010432060281549322,0.04289619389222047,-0.9873367939270872,-0.9812674114532769,0,0
703.2691653992177,417.22151175368833,471.8179059817352,0.9859540628920641,0.010325331110730411,-0.06970631507485829,1.0,0,0,0.01404593710793589,-0.010325331110730411,0.06970631507485829,-0.9911301579732186,-0.9812674114532769,0,0
703.2691653992177,648.3999468665874,268.9169663380496,0.9859540628920641,0.010325331110730411,-0.06970631507485829,1.0,0,0,0.01404593710793589,-0.010325331110730411,0.06970631507485829,-0.9911301579732186,-0.9812674114532769,0,0
284.7075611688845,276.5725757314533,323.12240163650586,0.9859540628920641,0.010325331110730411,-0.06970631507485829,1.0,0,0,0.01404593710793589,-0.010325331110730411,0.06970631507485829,-0.9911301579732186,-0.9812674114532769,0,0
1019.267059271828,648.3999468665874,187.6483042942066,0.9859540628920641,0.010325331110730411,-0.06970631507485829,1.0,0,0,0.01404593710793589,-0.010325331110730411,0.06970631507485829,-0.9911301579732186,-0.9812674114532769,0,0
360.20900612823414,407.8990969411948,171.72011046907937,0.9859540628920641,0.010325331110730411,-0.06970631507485829,1.0,0,0,0.01404593710793589,-0.010325331110730411,0.06970631507485829,-0.9911301579732186,-0.9812674114532769,0,0
624.3377665398167,382.4520830402873,180.92431015592842,0.9859540628920641,0.010325331110730411,-0.06970631507485829,1.0,0,0,0.01404593710793589,-0.010325331110730411,0.06970631507485829,-0.9911301579732186,-0.9812674114532769,0,0
317.7208243859324,562.6000187683081,265.2554052777127,0.9859540628920641,0.010325331110730411,-0.06970631507485829,1.0,0,0,0.01404593710793589,-0.010325331110730411,0.06970631507485829,-0.9911301579732186,-0.9812674114532769,0,0
471.8179059817352,562.6000187683081,198.76603234393832,0.9858783770324628,0.010330574675453395,-0.06863391022755277,1.0,0,0,0.014121622967537162,-0.010330574675453395,0.06863391022755277,-0.9909784234113733,-0.9812674114532769,0,0
955.6520228707801,293.3703955349555,146.92774685951784,0.9858783770324628,0.010330574675453395,-0.06863391022755277,1.0,0,0,0.014121622967537162,-0.010330574675453395,0.06863391022755277,-0.9909784234113733,-0.9812674114532769,0,0
346.8640580657511,268.9169663380496,177.7453057985956,0.9858783770324628,0.010330574675453395,-0.06863391022755277,1.0,0,0,0.014121622967537162,-0.010330574675453395,0.06863391022755277,-0.9909784234113733,-0.9812674114532769,0,0
769.566351540633,1570.544100534677,173.18670720903205,0.9858783770324628,0.010330574675453395,-0.06863391022755277,1.0,0,0,0.014121622967537162,-0.010330574675453395,0.06863391022755277,-0.9909784234113733,-0.9812674114532769,0,0
808.2350827585409,1570.544100534677,147.99350743133397,0.9858783770324628,0.010330574675453395,-0.06863391022755277,1.0,0,0,0.014121622967537162,-0.010330574675453395,0.06863391022755277,-0.9909784234113733,-0.9812674114532769,0,0
648.3999468665874,284.7075611688845,209.13650375320472,0.9858783770324628,0.010330574675453395,-0.06863391022755277,1.0,0,0,0.014121622967537162,-0.010330574675453395,0.06863391022755277,-0.9909784234113733,-0.9812674114532769,0,0
955.6520228707801,459.67991945810627,150.1726803268919,0.9858783770324628,0.010330574675453395,-0.06863391022755277,-0.014121622967537162,0,0,-1.0,-0.010330574675453395,0.06863391022755277,-0.9909784234113733,-0.9812674114532769,0,0
703.2691653992177,955.6520228707801,166.09994149545804,0.9809570393412747,0.010645022697305244,-0.05898226660180316,-0.014121622967537162,0,0,-0.9950786623088118,-0.010645022697305244,0.05898226660180316,-0.9853642446230988,-0.9770188437216097,0,0
390.5444991736698,218.28532251964043,57.95982861765,0.9612404382888033,0.011237237695574108,-0.0010724048473054748,-0.014121622967537162,0,0,-0.9753620612563405,-0.011237237695574108,0.0010724048473054748,-0.9615419184133934,-0.9613901838515483,0,0
1411.3480414449798,211.34777997197892,71.26409887021845,0.9397052802649952,0.010544166323037776,0.06541669568563632,-0.014121622967537162,0,0,-0.9538269032325324,-0.010544166323037776,-0.06541669568563632,-0.9352918392141639,-0.9445476474867247,0,0
153.56624101955603,1093.1463157010076,74.828338960275,0.9183271498729099,0.008555358577066388,0.12010934289821747,-0.014121622967537162,0,0,-0.932448772840447,-0.008555358577066388,-0.12010934289821747,-0.909952167386006,-0.9269464383126749,0,0
138.92864283985838,602.1580731583105,74.54267433246892,0.896986690295016,0.005584135926019934,0.1565711077066049,-0.014121622967537162,0,0,-0.9111083132625531,-0.005584135926019934,-0.1565711077066049,-0.8858263720526102,-0.9079796180820178,0,0
160.8439044330725,674.6059938250444,60.40777364647001,0.875507127791263,0.0020160082662964186,0.17265718041618758,-0.014121622967537162,0,0,-0.8896287507588002,-0.0020160082662964186,-0.17265718041618758,-0.8629144532139763,-0.8873437176710628,0,0
119.42733126216413,528.3325926770696,50.24476518910293,0.8538167257610315,-0.0016708557974032664,0.16407794163774347,-0.014121622967537162,0,0,-0.8679383487285687,0.0016708557974032664,-0.16407794163774347,-0.8415198799937951,-0.8647352679561195,0,0
127.64222867598318,251.60762066022812,42.332717273451834,0.8318184471911608,-0.0048660425722044185,0.1243989622874395,-0.014121622967537162,0,0,-0.845940070158698,0.0048660425722044185,-0.1243989622874395,-0.8220978560776022,-0.8396990652516522,0,0
111.57932338755117,360.20900612823414,36.49662013940309,0.8096149838144295,-0.006991689121920094,0.0664891005329418,-0.014121622967537162,0,0,-0.8237366067819667,0.006991689121920094,-0.0664891005329418,-0.8038897086561714,-0.8132972514905774,0,0
184.22292190812155,182.55823066529945,32.873131352234964,0.7870190263795799,-0.007743158426404246,2.7755575615628914e-17,-0.014121622967537162,0,0,-0.801140649347117,0.007743158426404246,-2.7755575615628914e-17,-0.785985030358431,-0.7859850303584311,0,0
399.01729906632625,334.5408252723781,48.719098859537986,0.763969814009994,-0.006927120854255915,-0.07077871992216384,-0.014121622967537162,0,0,-0.7780914369775311,0.006927120854255915,0.07077871992216384,-0.7679286174988454,-0.7579141364170586,0,0
151.28683687310368,340.5824855543227,33.840516440659265,0.7417062372881518,-0.004638998692283994,-0.13405060591318912,-0.014121622967537162,0,0,-0.7558278602556889,0.004638998692283994,0.13405060591318912,-0.7500239392011051,-0.7310571189704481,0,0
77.49266392626436,459.67991945810627,35.41390242737805,0.7193974854441552,-0.0009699947843963171,-0.19196046766768682,-0.014121622967537162,0,0,-0.7335191084116923,0.0009699947843963171,0.19196046766768682,-0.7315123226559838,-0.7043518360856829,0,0
62.005885601807684,302.6164596847404,32.873131352234964,0.6976701252651372,0.003726312085338957,-0.23378425671260183,-0.014121622967537162,0,0,-0.7117917482326743,-0.003726312085338957,0.23378425671260183,-0.7122420333016362,-0.6791638988193702,0,0
77.79950406996568,1093.1463157010076,34.30133937049984,0.6762238637026364,0.008967353718149627,-0.24558071003296247,-0.014121622967537162,0,0,-0.6903454866701736,-0.008967353718149627,0.24558071003296247,-0.6909991946433002,-0.6562519799807364,0,0
69.22073170815571,471.8179059817352,41.07371114311431,0.6545966975105444,0.014105365110033352,-0.22091539854493566,-0.014121622967537162,0,0,-0.6687183204780816,-0.014105365110033352,0.22091539854493566,-0.6670251338717496,-0.6357678141316266,0,0
94.8539958627646,602.1580731583105,35.57727385086573,0.6326292315827988,0.01838704611062117,-0.16407794163774345,-0.014121622967537162,0,0,-0.646750854550336,-0.01838704611062117,0.16407794163774345,-0.6406233201106748,-0.6174079321483505,0,0
239.3652489782259,581.6409617069837,37.452770077611675,0.609993169689905,0.021402664244192314,-0.1008060556467182,-0.014121622967537162,0,0,-0.6241147926574422,-0.021402664244192314,0.1008060556467182,-0.6133110989785285,-0.5990480501650745,0,0
353.40072554933454,288.9697116820819,48.9906970233985,0.5871351942693539,0.022973964515185352,-0.03646176480838742,-0.014121622967537162,0,0,-0.6012568172368911,-0.022973964515185352,0.03646176480838742,-0.585847143284537,-0.5806881681817984,0,0
189.41093412341306,328.72509627198025,50.102785059575574,0.5642994086204614,0.023084166803169298,0.026810121182637828,-0.014121622967537162,0,0,-0.5784210315879985,-0.023084166803169298,-0.026810121182637828,-0.5585349221523908,-0.5623282861985223,0,0
293.3703955349555,437.33222201576723,62.624502623767405,0.5417274673344917,0.021799851773335113,0.08686479263174658,-0.014121622967537162,0,0,-0.5558490903020289,-0.021799851773335113,-0.08686479263174658,-0.5316779047057802,-0.5439684042152462,0,0
328.72509627198025,955.6520228707801,60.603559569501805,0.5195093025031904,0.01910624768093714,0.1544262980119939,-0.014121622967537162,0,0,-0.5336309254707275,-0.01910624768093714,-0.1544262980119939,-0.5045174181354792,-0.5263671950411963,0,0
769.566351540633,261.6981137825328,61.397967211159504,0.4977450353057674,0.014973091139183643,0.2209153985449357,-0.014121622967537162,0,0,-0.5118666582733046,-0.014973091139183643,-0.2209153985449357,-0.4776604006888687,-0.5089177204289917,0,0
1411.3480414449798,1570.544100534677,39.67832560006777,0.4762797695285181,0.009495073728522232,0.2788252602994334,-0.014121622967537162,0,0,-0.49040139249605524,-0.009495073728522232,-0.2788252602994334,-0.4514103214896393,-0.49086130756940616,0,0
254.878386734463,1776.501489545449,42.44040737188923,0.4596862849425266,0.00460957680965426,0.29383892816171053,-0.014121622967537162,0,0,-0.4738079079100638,-0.00460957680965426,-0.29383892816171053,-0.4330504395063632,-0.47462570945196364,0,0
562.6000187683081,1570.544100534677,254.878386734463,0.4388071287398015,-0.0012951566998834025,0.2573771633533231,-0.014121622967537162,0,0,-0.45292875170733865,0.0012951566998834025,-0.2573771633533231,-0.4139318847138608,-0.4503481795567225,0,0
211.34777997197892,170.27879631253745,79.6887422048836,0.41729519862394837,-0.00625978308005598,0.19625008705690886,-0.014121622967537162,0,0,-0.43141682159148553,0.00625978308005598,-0.19625008705690886,-0.3961789409779657,-0.4239463657956478,0,0
360.20900612823414,265.2554052777127,24.660015279911583,0.3949864467799517,-0.009928786987943656,0.1297609865239671,-0.014121622967537162,0,0,-0.40910806974748887,0.009928786987943656,-0.1297609865239671,-0.37827426268022535,-0.39663414466350155,0,0
180.92431015592842,544.8761250677193,26.87940715229901,0.3727132597489011,-0.012121386120776439,0.06648910053294181,-0.014121622967537162,0,0,-0.3868348827164383,0.012121386120776439,-0.06648910053294181,-0.360369584382485,-0.36977712721689104,0,0
484.6780696502813,155.91651753124995,23.480705112311483,0.35019353249948343,-0.012882408957339643,0.0010724048473055164,-0.014121622967537162,0,0,-0.3643151554670206,0.012882408957339643,-0.0010724048473055164,-0.34246490608474467,-0.34261664064659003,0,0
196.81893899271049,167.46934895889862,18.749479645181225,0.32767300207507255,-0.012145536818417638,-0.06648910053294177,-0.014121622967537162,0,0,-0.3417946250426097,0.012145536818417638,0.06648910053294177,-0.3247119623488496,-0.31530441951444377,0,0
116.02925942608664,1570.544100534677,22.546013685281594,0.3057018243596972,-0.009982667843318182,-0.129760986523967,-0.014121622967537162,0,0,-0.3198234473272344,0.009982667843318182,0.129760986523967,-0.30711075317479974,-0.2887508711915238,0,0
120.13062066766372,1570.544100534677,23.849908233631425,0.28330455112238206,-0.0063853926103149584,-0.18874325312577023,-0.014121622967537162,0,0,-0.2974261740899192,0.0063853926103149584,0.18874325312577023,-0.2885991366296784,-0.2618938537449133,0,0
85.53518482670935,265.2554052777127,29.074332795504482,0.2610207979815865,-0.0013934394147685188,-0.25201513911679546,-0.014121622967537162,0,0,-0.27514242094912367,0.0013934394147685188,0.25201513911679546,-0.2702392546464023,-0.23458163261276704,0,0
92.66842176880655,1570.544100534677,33.46350991438838,0.2396273729301568,0.0046443452064610395,-0.29812854755093254,-0.014121622967537162,0,0,-0.25374899589769395,-0.0046443452064610395,0.29812854755093254,-0.2512724344157452,-0.20909022622276385,0,0
80.66556470717478,1570.544100534677,28.29625192435787,0.21828534479919792,0.011127399612643599,-0.2916941184670995,-0.014121622967537162,0,0,-0.23240696776673508,-0.011127399612643599,0.2916941184670995,-0.22851225013895665,-0.18724044931704684,0,0
102.04483787812359,1570.544100534677,28.952686402369643,0.19689853297763454,0.01690412790368324,-0.23592906640721278,-0.014121622967537162,0,0,-0.2110201559451717,-0.01690412790368324,0.23592906640721278,-0.20241390550157246,-0.169032301895616,0,0
124.52854747504531,648.3999468665874,28.004743143301148,0.17475777797512956,0.021478946635848473,-0.17158477556888202,-0.014121622967537162,0,0,-0.18887940094266673,-0.021478946635848473,0.17158477556888202,-0.17525341893127144,-0.1509758890360304,0,0
162.1258003695371,417.22151175368833,33.68895942661416,0.15229524248463783,0.024643237537034873,-0.10831288957785674,-0.014121622967537162,0,0,-0.166416865452175,-0.024643237537034873,0.10831288957785674,-0.14809293236097043,-0.13276774161459956,0,0
407.8990969411948,284.7075611688845,34.30133937049984,0.1296813563605282,0.026429404364275058,-0.04933062297605351,-0.014121622967537162,0,0,-0.14380297932806535,-0.026429404364275058,0.04933062297605351,-0.12123591491435994,-0.1142561250694782,0,0
1411.3480414449798,211.34777997197892,37.72022963544492,0.10753179171177493,0.02683325521565457,0.012868858167666211,-0.014121622967537162,0,0,-0.1216534146793121,-0.02683325521565457,-0.012868858167666211,-0.09468236659143996,-0.09650318133358313,0,0
245.3252030939217,769.566351540633,35.82448132093792,0.08570524187982263,0.025826044580828062,0.07935795870060798,-0.014121622967537162,0,0,-0.0998268648473598,-0.025826044580828062,-0.07935795870060798,-0.06812881826851998,-0.07935717584506909,0,0
769.566351540633,544.8761250677193,32.583694610362,0.06414201029196448,0.02341107355722389,0.14370224953893876,-0.014121622967537162,0,0,-0.07826363325950164,-0.02341107355722389,-0.14370224953893876,-0.041878739069290516,-0.062211170356555046,0,0
1411.3480414449798,900.238757316699,37.452770077611675,0.044054301749435046,0.01980793382101375,0.2112637549191861,-0.014121622967537162,0,0,-0.05817592471697221,-0.01980793382101375,-0.2112637549191861,-0.01669080180297785,-0.046582510486493575,0,0
471.8179059817352,1570.544100534677,36.92653473301203,0.027691094670539526,0.01581838681745726,0.2670288069790728,-0.014121622967537162,0,0,-0.04181271763807669,-0.01581838681745726,-0.2670288069790728,0.004096833169822362,-0.03368507272964673,0,0
187.6483042942066,437.33222201576723,28.592015692053423,0.015587236521412676,0.012339211076172958,0.29276652331440506,-0.014121622967537162,0,0,-0.029708859488949836,-0.012339211076172958,-0.29276652331440506,0.01851161654512178,-0.02291191883863348,0,0
562.6000187683081,1570.544100534677,33.092704166817725,0.006988613382292995,0.009847613928199602,0.2713184263682948,-0.014121622967537162,0,0,-0.021110236349830155,-0.009847613928199602,-0.2713184263682948,0.025946610075539372,-0.012442234071310745,0,0
254.878386734463,648.3999468665874,30.396551423726756,0.0018344872284335343,0.008567527707819217,0.21555337430840812,-0.014121622967537162,0,0,-0.015956110195970697,-0.008567527707819217,-0.21555337430840812,0.027312221132146684,-0.0031864257987500675,0,0
648.3999468665874,1180.1265773010464,51.852303182374264,-0.0011432144618491289,0.007982170084620694,0.1726571804161876,-0.014121622967537162,0,0,-0.012978408505688033,-0.007982170084620694,-0.1726571804161876,0.027312221132146684,0.0028829566750602133,0,0
581.6409617069837,374.71408913910363,72.86976705815192,-0.003466527658796833,0.007616681131008494,0.13941263014971672,-0.014121622967537162,0,0,-0.010655095308740328,-0.007616681131008494,-0.13941263014971672,0.027312221132146684,0.007586728092263181,0,0
484.6780696502813,293.3703955349555,81.6648832554738,-0.005272783194715908,0.00738688281907544,0.11367491381438441,-0.014121622967537162,0,0,-0.008848839772821254,-0.00738688281907544,-0.11367491381438441,0.027312221132146684,0.01122835757654935,0,0
1570.544100534677,544.8761250677193,141.82331249922515,-0.006253448407201756,0.007281842683002087,0.09973365079941274,-0.014121622967537162,0,0,-0.007868174560335405,-0.007281842683002087,-0.09973365079941274,0.027312221132146684,0.01320090688053769,0,0
323.12240163650586,187.6483042942066,154.7323071690459,-0.006253448407201756,0.007281842683002087,0.09973365079941274,-0.014121622967537162,0,0,-0.007868174560335405,-0.007281842683002087,-0.09973365079941274,0.027312221132146684,0.01320090688053769,0,0
245.3252030939217,174.67928447558052,144.84210166738234,-0.006253448407201756,0.007281842683002087,0.09973365079941274,-0.014121622967537162,0,0,-0.007868174560335405,-0.007281842683002087,-0.09973365079941274,0.027312221132146684,0.01320090688053769,0,0
955.6520228707801,276.5725757314533,163.42873978461637,-0.006253448407201756,0.007281842683002087,0.09973365079941274,-0.014121622967537162,0,0,-0.007868174560335405,-0.007281842683002087,-0.09973365079941274,0.027312221132146684,0.01320090688053769,0,0
427.0195773074906,293.3703955349555,154.7323071690459,-0.006253448407201756,0.007281842683002087,0.09973365079941274,-0.014121622967537162,0,0,-0.007868174560335405,-0.007281842683002087,-0.09973365079941274,0.027312221132146684,0.01320090688053769,0,0
407.8990969411948,157.11931592309642,139.88023555455067,-0.006253448407201756,0.007281842683002087,0.09973365079941274,-0.014121622967537162,0,0,-0.007868174560335405,-0.007281842683002087,-0.09973365079941274,0.027312221132146684,0.01320090688053769,0,0
417.22151175368833,176.198566643824,164.75326598182954,-0.006253448407201756,0.007281842683002087,0.09973365079941274,-0.014121622967537162,0,0,-0.007868174560335405,-0.007281842683002087,-0.09973365079941274,0.027312221132146684,0.01320090688053769,0,0
288.9697116820819,328.72509627198025,182.55823066529945,-0.006177954092388533,0.007289356187209511,0.09866124595210722,-0.014121622967537162,0,0,-0.007943668875148628,-0.007289356187209511,-0.09866124595210722,0.027160486570301425,0.01320090688053769,0,0
360.20900612823414,328.72509627198025,276.5725757314533,-0.006177954092388533,0.007289356187209511,0.09866124595210722,-0.014121622967537162,0,0,-0.007943668875148628,-0.007289356187209511,-0.09866124595210722,0.027160486570301425,0.01320090688053769,0,0
498.3296704628293,317.7208243859324,166.09994149545804,-0.006177954092388533,0.007289356187209511,0.09866124595210722,-0.014121622967537162,0,0,-0.007943668875148628,-0.007289356187209511,-0.09866124595210722,0.027160486570301425,0.01320090688053769,0,0
399.01729906632625,272.6876389629632,146.92774685951784,-0.006177954092388533,0.007289356187209511,0.09866124595210722,-0.014121622967537162,0,0,-0.007943668875148628,-0.007289356187209511,-0.09866124595210722,0.027160486570301425,0.01320090688053769,0,0
328.72509627198025,248.42442609070224,218.28532251964043,-0.006177954092388533,0.007289356187209511,0.09866124595210722,-0.014121622967537162,0,0,-0.007943668875148628,-0.007289356187209511,-0.09866124595210722,0.027160486570301425,0.01320090688053769,0,0
130.91477695173097,258.2405371440609,103.61058678886198,-0.006177954092388533,0.007289356187209511,0.09866124595210722,-0.014121622967537162,0,0,-0.007943668875148628,-0.007289356187209511,-0.09866124595210722,0.027160486570301425,0.01320090688053769,0,0
268.9169663380496,200.75362703878065,213.60849807698625,-0.006177954092388533,0.007289356187209511,0.09866124595210722,-0.014121622967537162,0,0,-0.007943668875148628,-0.007289356187209511,-0.09866124595210722,0.027160486570301425,0.01320090688053769,0,0
