FDist,LDist,RDist,XEst,YEst,ThetaEst,XDes,YDes,ThetaDes,XError,YError,ThetaError,SL,SR,RW,LW
23.344165399617317,1411.3480414449798,18.88858405722158,0.0,0.0,0.0,0,0,0,0.0,0.0,0.0,0.0,0.0,0,0
26.446644470518727,280.5772654118684,17.51742772173086,0.0,0.0,0.0,0,0,0,0.0,0.0,0.0,0.0,0.0,0,0
26.128272755325845,1284.2268420173286,17.581608690126714,0.0,0.0,0.0,0,0,0,0.0,0.0,0.0,0.0,0.0,0,0
25.66035938867435,382.4520830402873,17.485436577305137,0.0,0.0,0.0,0,0,0,0.0,0.0,0.0,0.0,0.0,0,0
25.609067445845334,1284.2268420173286,17.613798941900477,0.0,0.0,0.0,0,0,0,0.0,0.0,0.0,0.0,0.0,0,0
25.71178945415557,734.7683303247097,17.54948502152684,0.0,0.0,0.0,0,0,0,0.0,0.0,0.0,0.0,0.0,0,0
25.30418426932561,1284.2268420173286,17.54948502152684,0.0,0.0,0.0,0,0,0,0.0,0.0,0.0,0.0,0.0,0,0
25.25384320516452,382.4520830402873,17.54948502152684,0.0,0.0,0.0,0,0,0,0.0,0.0,0.0,0.0,0.0,0,0
25.405269406077494,1284.2268420173286,17.421651905480985,0.0,0.0,0.0,0,0,0,0.0,0.0,0.0,0.0,0.0,0,0
25.71178945415557,512.8513118946122,17.678380057162876,0.0,0.0,0.0,0,0,0,0.0,0.0,0.0,0.0,0.0,0,0
23.298880234713614,648.3999468665874,17.263333182539768,0.0,0.0,0.0,0,0,0,0.0,0.0,0.0,0.0,0.0,0,0
25.66035938867435,1284.2268420173286,17.485436577305137,0.0,0.0,0.0,0,0,0,0.0,0.0,0.0,0.0,0.0,0,0
22.159982088780858,360.20900612823414,16.4356355397232,0.0,0.0,0.0,0,0,0,0.0,0.0,0.0,0.0,0.0,0,0
25.10361938144616,1093.1463157010076,17.421651905480985,0.0,0.0,0.0,0,0,0,0.0,0.0,0.0,0.0,0.0,0,0
24.905165748622878,1411.3480414449798,17.646055992159724,0.0,0.0,0.0,0,0,0,0.0,0.0,0.0,0.0,0.0,0,0
22.37340035638271,624.3377665398167,17.421651905480985,0.0,0.0,0.0,0,0,0,0.0,0.0,0.0,0.0,0.0,0,0
23.99030640367822,280.5772654118684,17.51742772173086,0.0,0.0,0.0,0,0,0,0.0,0.0,0.0,0.0,0.0,0,0
24.37002602209273,334.5408252723781,17.51742772173086,0.0,0.0,0.0,0,0,0,0.0,0.0,0.0,0.0,0.0,0,0
24.17918906549187,220.70517709223105,17.485436577305137,0.0,0.0,0.0,0,0,0,0.0,0.0,0.0,0.0,0.0,0,0
24.08450540165466,312.50933522689996,17.54948502152684,0.0,0.0,0.0,0,0,0,0.0,0.0,0.0,0.0,0.0,0,0
24.274361292354016,374.71408913910363,17.51742772173086,0.0,0.0,0.0,0,0,0,0.0,0.0,0.0,0.0,0.0,0,0
24.274361292354016,382.4520830402873,17.54948502152684,0.0,0.0,0.0,0.3,0,0,0.3,0.0,0.0,0.0,0.0,0,0
23.756904125116755,323.12240163650586,17.169117382297486,0.0070302861387668255,1.1355810737742923e-05,0.0032305373173933485,0.3,0,0,0.29296971386123316,-1.1355810737742923e-05,-0.0032305373173933485,-0.0068035115904303955,-0.007257079029792422,0,0
24.22671386331148,512.8513118946122,17.358129317117793,0.035831480382493404,0.0001509219023469036,0.006461074634786685,0.3,0,0,0.2641685196175066,-0.0001509219023469036,-0.006461074634786685,-0.035378260270238056,-0.036285395148962105,0,0
24.274361292354016,1019.267059271828,17.453511375747283,0.06629534712015522,0.00036415714441148114,0.00753792040725113,0.3,0,0,0.23370465287984477,-0.00036415714441148114,-0.00753792040725113,-0.06576727870749383,-0.06682560273267188,0,0
21.534920213973493,209.13650375320472,16.405832281219325,0.09600276989806007,0.0006360823958468251,0.010768457724644492,0.3,0,0,0.20399723010193993,-0.0006360823958468251,-0.010768457724644492,-0.09524916226602553,-0.09676105373056562,0,0
24.70878894042906,307.4777105974586,17.646055992159724,0.12563376370113694,0.0009870869271428676,0.012922149269573384,0.3,0,0,0.17436623629886305,-0.0009870869271428676,-0.012922149269573384,-0.12473104582455724,-0.12654531558200535,0,0
23.943387448052704,187.6483042942066,17.013365726712266,0.1484610878764218,0.001306667401628654,0.015075840814502275,0.3,0,0,0.1515389121235782,-0.001306667401628654,-0.015075840814502275,-0.14740941779265856,-0.1495260658430147,0,0
23.896588216502984,307.4777105974586,16.951506510099684,0.1761250923873281,0.0017535542625534354,0.017229532359431164,0.3,0,0,0.12387490761267189,-0.0017535542625534354,-0.017229532359431164,-0.17492584244728818,-0.1773448687905523,0,0
22.28772229885734,581.6409617069837,16.767421832471115,0.20235175171672135,0.0022478489527566975,0.020460069676824476,0.3,0,0,0.09764824828327864,-0.0022478489527566975,-0.020460069676824476,-0.2009303756373777,-0.20380296942000384,0,0
24.660015279911583,280.5772654118684,17.453511375747283,0.22683871334394973,0.00277530412883334,0.02261376122175334,0.3,0,0,0.07316128665605026,-0.00277530412883334,-0.02261376122175334,-0.22527182821647312,-0.22844680029200726,0,0
23.80334702660077,1284.2268420173286,17.485436577305137,0.2500394357141692,0.003337545149121975,0.0258442985391467,0.3,0,0,0.04996056428583079,-0.003337545149121975,-0.0258442985391467,-0.24825257847748244,-0.2518811179923786,0,0
21.782257748458605,346.8640580657511,16.706552743931482,0.26711761870449374,0.0037974204812636085,0.027997990084075615,0.3,0,0,0.03288238129550625,-0.0037974204812636085,-0.027997990084075615,-0.2651857628803314,-0.2691166806881356,0,0
24.17918906549187,261.6981137825328,16.736956733533653,0.28306157965410683,0.004252527477295761,0.02907483585654006,0.3,0,0,0.016938420345893157,-0.004252527477295761,-0.02907483585654006,-0.28106062325800235,-0.28514273021226055,0,0
24.5628489666094,233.7026839645806,17.453511375747283,0.2948493489497038,0.004595351541784258,0.02907483585654006,0.3,0,0,0.005150651050296162,-0.004595351541784258,-0.02907483585654006,-0.29285337668141503,-0.29693548363567324,0,0
24.660015279911583,1019.267059271828,17.358129317117793,0.3027078618134352,0.004823900918109923,0.02907483585654006,0.3,0,0,-0.002707861813435186,-0.004823900918109923,-0.02907483585654006,-0.30071521229702347,-0.3047973192512817,0,0
23.896588216502984,427.0195773074906,16.555442786015867,0.30656173162883477,0.004929753121784298,0.025844298539146708,0.3,0,0,-0.006561731628834777,-0.004929753121784298,-0.025844298539146708,-0.30479731925128173,-0.3084258587661779,0,0
22.330509274381335,624.3377665398167,16.706552743931482,0.3066373019984495,0.004931665904485524,0.024767452766682258,0.3,0,0,-0.00663730199844953,-0.004931665904485524,-0.024767452766682258,-0.30494850839773574,-0.3084258587661779,0,0
24.660015279911583,437.33222201576723,17.485436577305137,0.3066373019984495,0.004931665904485524,0.024767452766682258,0.3,0,0,-0.00663730199844953,-0.004931665904485524,-0.024767452766682258,-0.30494850839773574,-0.3084258587661779,0,0
24.274361292354016,254.878386734463,16.67620967286077,0.3066373019984495,0.004931665904485524,0.024767452766682258,0.3,0,0,-0.00663730199844953,-0.004931665904485524,-0.024767452766682258,-0.30494850839773574,-0.3084258587661779,0,0
24.855878172379555,1180.1265773010464,17.51742772173086,0.3066373019984495,0.004931665904485524,0.024767452766682258,0.3,0,0,-0.00663730199844953,-0.004931665904485524,-0.024767452766682258,-0.30494850839773574,-0.3084258587661779,0,0
24.905165748622878,602.1580731583105,17.389857955850943,0.3066373019984495,0.004931665904485524,0.024767452766682258,0.3,0,0,-0.00663730199844953,-0.004931665904485524,-0.024767452766682258,-0.30494850839773574,-0.3084258587661779,0,0
24.22671386331148,177.7453057985956,16.706552743931482,0.3066373019984495,0.004931665904485524,0.024767452766682258,0.3,0,0,-0.00663730199844953,-0.004931665904485524,-0.024767452766682258,-0.30494850839773574,-0.3084258587661779,0,0
24.80671986348088,427.0195773074906,17.29486713793426,0.3066373019984495,0.004931665904485524,0.024767452766682258,0.3,0,0,-0.00663730199844953,-0.004931665904485524,-0.024767452766682258,-0.30494850839773574,-0.3084258587661779,0,0
24.855878172379555,340.5824855543227,17.51742772173086,0.3066373019984495,0.004931665904485524,0.024767452766682258,0.3,0,0,-0.00663730199844953,-0.004931665904485524,-0.024767452766682258,-0.30494850839773574,-0.3084258587661779,0,0
23.99030640367822,254.878386734463,16.555442786015867,0.3066373019984495,0.004931665904485524,0.024767452766682258,0.3,0,0,-0.00663730199844953,-0.004931665904485524,-0.024767452766682258,-0.30494850839773574,-0.3084258587661779,0,0
22.28772229885734,437.33222201576723,17.013365726712266,0.3066373019984495,0.004931665904485524,0.024767452766682258,0.3,0,0,-0.00663730199844953,-0.004931665904485524,-0.024767452766682258,-0.30494850839773574,-0.3084258587661779,0,0
24.954583122703667,254.878386734463,17.51742772173086,0.30656173162883477,0.004929753121784298,0.025844298539146708,0.3,0,0,-0.006561731628834777,-0.004929753121784298,-0.025844298539146708,-0.30479731925128173,-0.3084258587661779,0,0
24.855878172379555,302.6164596847404,17.581608690126714,0.30656173162883477,0.004929753121784298,0.025844298539146708,0.3,0,0,-0.006561731628834777,-0.004929753121784298,-0.025844298539146708,-0.30479731925128173,-0.3084258587661779,0,0
24.61136879396949,624.3377665398167,17.29486713793426,0.30656173162883477,0.004929753121784298,0.025844298539146708,0.3,0,0,-0.006561731628834777,-0.004929753121784298,-0.025844298539146708,-0.30479731925128173,-0.3084258587661779,0,0
22.37340035638271,427.0195773074906,16.951506510099684,0.30656173162883477,0.004929753121784298,0.025844298539146708,0.3,0,0,-0.006561731628834777,-0.004929753121784298,-0.025844298539146708,-0.30479731925128173,-0.3084258587661779,0,0
24.855878172379555,340.5824855543227,17.581608690126714,0.30656173162883477,0.004929753121784298,0.025844298539146708,0.3,0,0,-0.006561731628834777,-0.004929753121784298,-0.025844298539146708,-0.30479731925128173,-0.3084258587661779,0,0
24.905165748622878,307.4777105974586,17.263333182539768,0.30656173162883477,0.004929753121784298,0.025844298539146708,0.3,0,0,-0.006561731628834777,-0.004929753121784298,-0.025844298539146708,-0.30479731925128173,-0.3084258587661779,0,0
24.274361292354016,236.49825525583836,16.706552743931482,0.30656173162883477,0.004929753121784298,0.025844298539146708,0.3,0,0,-0.006561731628834777,-0.004929753121784298,-0.025844298539146708,-0.30479731925128173,-0.3084258587661779,0,0
24.70878894042906,544.8761250677193,17.358129317117793,0.30656173162883477,0.004929753121784298,0.025844298539146708,0.3,0,0,-0.006561731628834777,-0.004929753121784298,-0.025844298539146708,-0.30479731925128173,-0.3084258587661779,0,0
25.053809401176977,808.2350827585409,17.421651905480985,0.30656173162883477,0.004929753121784298,0.025844298539146708,0.3,0,0,-0.006561731628834777,-0.004929753121784298,-0.025844298539146708,-0.30479731925128173,-0.3084258587661779,0,0
24.905165748622878,220.70517709223105,17.646055992159724,0.30656173162883477,0.004929753121784298,0.025844298539146708,0.3,0,0,-0.006561731628834777,-0.004929753121784298,-0.025844298539146708,-0.30479731925128173,-0.3084258587661779,0,0
24.80671986348088,340.5824855543227,17.581608690126714,0.30656173162883477,0.004929753121784298,0.025844298539146708,0.3,0,0,-0.006561731628834777,-0.004929753121784298,-0.025844298539146708,-0.30479731925128173,-0.3084258587661779,0,0
24.80671986348088,437.33222201576723,17.613798941900477,0.30656173162883477,0.004929753121784298,0.025844298539146708,0.3,0,0,-0.006561731628834777,-0.004929753121784298,-0.025844298539146708,-0.30479731925128173,-0.3084258587661779,0,0
24.32213184643946,703.2691653992177,17.54948502152684,0.30656173162883477,0.004929753121784298,0.025844298539146708,0.3,0,0,-0.006561731628834777,-0.004929753121784298,-0.025844298539146708,-0.30479731925128173,-0.3084258587661779,0,0
24.32213184643946,302.6164596847404,17.613798941900477,0.30656173162883477,0.004929753121784298,0.025844298539146708,0.3,0,0,-0.006561731628834777,-0.004929753121784298,-0.025844298539146708,-0.30479731925128173,-0.3084258587661779,0,0
24.274361292354016,427.0195773074906,17.389857955850943,0.30656173162883477,0.004929753121784298,0.025844298539146708,0.3,0,0,-0.006561731628834777,-0.004929753121784298,-0.025844298539146708,-0.30479731925128173,-0.3084258587661779,0,0
