FDist,LDist,RDist,XEst,YEst,ThetaEst,XDes,YDes,ThetaDes,XError,YError,ThetaError,SL,SR,RW,LW
44.45675008456414,48.31637032889038,40.76824443801301,0.0,0.0,0.0,0,0,0,0.0,0.0,0.0,0.0,0.0,0,0
42.76612439598537,46.25855108998474,38.08145749517021,0.0,0.0,0.0,0,0,0,0.0,0.0,0.0,0.0,0.0,0,0
43.20669553443567,45.88875276428319,39.87305607130267,0.0,0.0,0.0,0,0,0,0.0,0.0,0.0,0.0,0.0,0,0
44.573289080576004,48.719098859537986,41.07371114311431,0.0,0.0,0.0,0,0,0,0.0,0.0,0.0,0.0,0.0,0,0
44.45675008456414,47.65731322735808,41.279376340133794,0.0,0.0,0.0,0,0,0,0.0,0.0,0.0,0.0,0.0,0,0
44.22514953619365,48.584237987391454,41.279376340133794,0.0,0.0,0.0,0,0,0,0.0,0.0,0.0,0.0,0.0,0,0
44.45675008456414,48.584237987391454,41.176340005486864,0.0,0.0,0.0,0,0,0,0.0,0.0,0.0,0.0,0.0,0,0
44.573289080576004,48.44999661828506,40.46635602354186,0.0,0.0,0.0,0,0,0,0.0,0.0,0.0,0.0,0.0,0,0
44.11008151330754,47.919138344411984,40.76824443801301,0.0,0.0,0.0,0,0,0,0.0,0.0,0.0,0.0,0.0,0,0
44.573289080576004,48.584237987391454,40.869665833746936,0.0,0.0,0.0,0,0,0,0.0,0.0,0.0,0.0,0.0,0,0
43.88139400932728,48.584237987391454,40.46635602354186,0.0,0.0,0.0,0,0,0,0.0,0.0,0.0,0.0,0.0,0,0
44.45675008456414,48.584237987391454,40.56659194626288,0.0,0.0,0.0,0,0,0,0.0,0.0,0.0,0.0,0.0,0,0
43.20669553443567,48.854583701372256,37.54159736874482,0.0,0.0,0.0,0,0,0,0.0,0.0,0.0,0.0,0.0,0,0
44.573289080576004,48.584237987391454,41.07371114311431,0.0,0.0,0.0,0,0,0,0.0,0.0,0.0,0.0,0.0,0,0
34.37905456167617,48.31637032889038,40.97148724743448,0.0,0.0,0.0,0,0,0,0.0,0.0,0.0,0.0,0.0,0,0
36.24233355390543,47.01299362275322,37.99065036400073,0.0,0.0,0.0,0,0,0,0.0,0.0,0.0,0.0,0.0,0,0
70.2289601667081,49.264827372609226,40.46635602354186,0.0,0.0,0.0,0,0,0,0.0,0.0,0.0,0.0,0.0,0,0
42.22546365252094,146.92774685951784,38.35590662765991,0.0,0.0,0.0,0,0,0,0.0,0.0,0.0,0.0,0.0,0,0
39.58151945793042,512.8513118946122,24.466187237839733,0.0,0.0,0.0,0,0,0,0.0,0.0,0.0,0.0,0.0,0,0
90.16911060094986,60.213094273732246,18.3055648241262,0.0,0.0,0.0,0,0,0,0.0,0.0,0.0,0.0,0.0,0,0
90.57673222463723,34.37905456167617,18.440841606842675,0.0,0.0,0.0,0,0,0,0.0,0.0,0.0,0.0,0.0,0,0
624.3377665398167,28.473193408840125,19.493498319736666,0.0,0.0,0.0,0,0,0,0.0,0.0,0.0,0.0,0.0,0,0
624.3377665398167,851.4899528953961,17.485436577305137,0.0,0.0,0.0,0,0,0,0.0,0.0,0.0,0.0,0.0,0,0
1284.2268420173286,808.2350827585409,17.453511375747283,0.0,0.0,0.0,0.3,0,0,0.3,0.0,0.0,0.0,0.0,0,0
448.2028325964311,648.3999468665874,16.61570552713559,0.0024190263432641405,0.0,0.0,0.3,0,0,0.29758097365673586,0.0,0.0,-0.0024190263432641405,-0.0024190263432641405,0,0
808.2350827585409,1284.2268420173286,17.453511375747283,0.029859661525564626,0.00010342315167548869,0.007537920407251143,0.3,0,0,0.27014033847443536,-0.00010342315167548869,-0.007537920407251143,-0.029330694412077706,-0.030389018437255767,0,0
769.566351540633,602.1580731583105,17.51742772173086,0.06009607074801164,0.0003964718718400259,0.011845303497108925,0.3,0,0,0.23990392925198833,-0.0003964718718400259,-0.011845303497108925,-0.05926614540997145,-0.06092922602096554,0,0
769.566351540633,1180.1265773010464,17.485436577305137,0.09025511833085617,0.0008349374392346657,0.017229532359431178,0.3,0,0,0.20974488166914382,-0.0008349374392346657,-0.017229532359431178,-0.08905040726141118,-0.09146943360467531,0,0
360.20900612823414,284.7075611688845,17.581608690126714,0.12018494599011349,0.0014151466553391876,0.021536915449288985,0.3,0,0,0.1798150540098865,-0.0014151466553391876,-0.021536915449288985,-0.1186834799663969,-0.12170726289547706,0,0
288.9697116820819,648.3999468665874,16.64592733032599,0.1489028230509177,0.00209561790292176,0.025844298539146767,0.3,0,0,0.15109717694908228,-0.00209561790292176,-0.025844298539146767,-0.14710703949975057,-0.15073557901464674,0,0
1284.2268420173286,1411.3480414449798,17.453511375747283,0.175954242331839,0.0028823551791197235,0.03230537317393346,0.3,0,0,0.12404575766816098,-0.0028823551791197235,-0.03230537317393346,-0.1737163292756561,-0.17825200366927635,0,0
734.7683303247097,340.5824855543227,17.389857955850943,0.20201936750659796,0.003766840212944447,0.035535910491326775,0.3,0,0,0.09798063249340203,-0.003766840212944447,-0.035535910491326775,-0.19956967331929162,-0.20455891515227387,0,0
448.2028325964311,448.2028325964311,17.106626529125542,0.2267947092296094,0.004754494111693233,0.04415067667104234,0.3,0,0,0.07320529077039059,-0.004754494111693233,-0.04415067667104234,-0.22375993675193304,-0.22995869175654735,0,0
769.566351540633,851.4899528953961,17.581608690126714,0.24967473972666318,0.005827043194689386,0.049534905533364613,0.3,0,0,0.05032526027333681,-0.005827043194689386,-0.049534905533364613,-0.24628711957358035,-0.2532418203104647,0,0
498.3296704628293,648.3999468665874,16.67620967286077,0.26990702781749726,0.006873754117582468,0.05384228862322242,0.3,0,0,0.03009297218250273,-0.006873754117582468,-0.05384228862322242,-0.2662440869055095,-0.2738035442282099,0,0
648.3999468665874,276.5725757314533,17.581608690126714,0.2829647833926433,0.00759864864531244,0.057072825940615766,0.3,0,0,0.017035216607356685,-0.00759864864531244,-0.057072825940615766,-0.27909516435410026,-0.2871081891161627,0,0
1411.3480414449798,390.5444991736698,17.453511375747283,0.2948877837216514,0.008305633275092955,0.061380209030473545,0.3,0,0,0.005112216278348569,-0.008305633275092955,-0.061380209030473545,-0.2907367286310589,-0.2993545099789374,0,0
353.40072554933454,602.1580731583105,17.453511375747283,0.3026580479487025,0.008804174559116792,0.0667644378927958,0.3,0,0,-0.002658047948702502,-0.008804174559116792,-0.0667644378927958,-0.2981449968073054,-0.3075187238874539,0,0
808.2350827585409,851.4899528953961,17.485436577305137,0.3064296250422083,0.009052277322452552,0.06461074634786691,0.3,0,0,-0.006429625042208287,-0.009052277322452552,-0.06461074634786691,-0.30207591461510963,-0.3111472634023501,0,0
1093.1463157010076,276.5725757314533,17.453511375747283,0.30658050914952434,0.009061876497673342,0.06245705480293801,0.3,0,0,-0.0065805091495243495,-0.009061876497673342,-0.06245705480293801,-0.30237829290801765,-0.3111472634023501,0,0
900.238757316699,1411.3480414449798,17.51742772173086,0.30658050914952434,0.009061876497673342,0.06245705480293801,0.3,0,0,-0.0065805091495243495,-0.009061876497673342,-0.06245705480293801,-0.30237829290801765,-0.3111472634023501,0,0
448.2028325964311,448.2028325964311,17.29486713793426,0.30658050914952434,0.009061876497673342,0.06245705480293801,0.3,0,0,-0.0065805091495243495,-0.009061876497673342,-0.06245705480293801,-0.30237829290801765,-0.3111472634023501,0,0
498.3296704628293,471.8179059817352,16.859185705549585,0.30658050914952434,0.009061876497673342,0.06245705480293801,0.3,0,0,-0.0065805091495243495,-0.009061876497673342,-0.06245705480293801,-0.30237829290801765,-0.3111472634023501,0,0
242.3065498311679,302.6164596847404,17.646055992159724,0.30658050914952434,0.009061876497673342,0.06245705480293801,0.3,0,0,-0.0065805091495243495,-0.009061876497673342,-0.06245705480293801,-0.30237829290801765,-0.3111472634023501,0,0
317.7208243859324,851.4899528953961,17.581608690126714,0.30658050914952434,0.009061876497673342,0.06245705480293801,0.3,0,0,-0.0065805091495243495,-0.009061876497673342,-0.06245705480293801,-0.30237829290801765,-0.3111472634023501,0,0
1093.1463157010076,1284.2268420173286,17.646055992159724,0.30658050914952434,0.009061876497673342,0.06245705480293801,0.3,0,0,-0.0065805091495243495,-0.009061876497673342,-0.06245705480293801,-0.30237829290801765,-0.3111472634023501,0,0
