FDist,LDist,RDist,XEst,YEst,ThetaEst,XDes,YDes,ThetaDes,XError,YError,ThetaError,SL,SR,RW,LW
808.2350827585409,268.9169663380496,30.790100524402142,0.0,0.0,0.0,0,0,0,0.0,0.0,0.0,0.0,0.0,0,0
562.6000187683081,223.1819809443389,31.056556411796677,0.0,0.0,0.0,0,0,0,0.0,0.0,0.0,0.0,0.0,0,0
562.6000187683081,194.9110753588243,31.191035234338365,0.0,0.0,0.0,0,0,0,0.0,0.0,0.0,0.0,0.0,0,0
562.6000187683081,225.71785045590883,30.790100524402142,0.0,0.0,0.0,0,0,0,0.0,0.0,0.0,0.0,0.0,0,0
562.6000187683081,189.41093412341306,30.922914202681703,0.0,0.0,0.0,0,0,0,0.0,0.0,0.0,0.0,0.0,0,0
223.1819809443389,302.6164596847404,29.6935359242365,0.0,0.0,0.0,0,0,0,0.0,0.0,0.0,0.0,0.0,0,0
242.3065498311679,268.9169663380496,31.258590930792266,0.0,0.0,0.0,0,0,0,0.0,0.0,0.0,0.0,0.0,0,0
166.09994149545804,223.1819809443389,29.196701571220196,0.0,0.0,0.0,0,0,0,0.0,0.0,0.0,0.0,0.0,0,0
268.9169663380496,196.81893899271049,29.6935359242365,0.0,0.0,0.0,0,0,0,0.0,0.0,0.0,0.0,0.0,0,0
265.2554052777127,317.7208243859324,30.202480579810853,0.0,0.0,0.0,0,0,0,0.0,0.0,0.0,0.0,0.0,0,0
390.5444991736698,185.91929651913173,29.013419717033194,0.0,0.0,0.0,0,0,0,0.0,0.0,0.0,0.0,0.0,0,0
360.20900612823414,459.67991945810627,30.202480579810853,0.0,0.0,0.0,0,0,0,0.0,0.0,0.0,0.0,0.0,0,0
360.20900612823414,1570.544100534677,30.790100524402142,0.0,0.0,0.0,0,0,0,0.0,0.0,0.0,0.0,0.0,0,0
317.7208243859324,177.7453057985956,31.123690737050055,0.0,0.0,0.0,0,0,0,0.0,0.0,0.0,0.0,0.0,0,0
218.28532251964043,242.3065498311679,29.882946467274657,0.0,0.0,0.0,0,0,0,0.0,0.0,0.0,0.0,0.0,0,0
142.81538054950164,900.238757316699,31.056556411796677,0.0,0.0,0.0,0,0,0,0.0,0.0,0.0,0.0,0.0,0,0
581.6409617069837,223.1819809443389,28.831755768193197,0.0,0.0,0.0,0,0,0,0.0,0.0,0.0,0.0,0.0,0,0
562.6000187683081,390.5444991736698,30.202480579810853,0.0,0.0,0.0,0,0,0,0.0,0.0,0.0,0.0,0.0,0,0
808.2350827585409,206.97300472647143,30.790100524402142,0.0,0.0,0.0,0,0,0,0.0,0.0,0.0,0.0,0.0,0,0
471.8179059817352,769.566351540633,30.658107400064964,0.0,0.0,0.0,0,0,0,0.0,0.0,0.0,0.0,0.0,0,0
200.75362703878065,562.6000187683081,31.737482110528177,0.0,0.0,0.0,0.5,0,0,0.5,0.0,0.0,0.0,0.0,0,0
245.3252030939217,209.13650375320472,31.945994776763527,0.00864887002517965,0.0,0.0,0.5,0,0,0.49135112997482033,0.0,0.0,-0.00864887002517965,-0.00864887002517965,0,0
769.566351540633,323.12240163650586,40.06929243145368,0.025719005778827464,9.153049040394614e-06,0.0010724048473055227,0.5,0,0,0.47428099422117254,-9.153049040394614e-06,-0.0010724048473055227,-0.025643140951848435,-0.025794875513693694,0,0
185.91929651913173,225.71785045590883,56.71216714571853,0.043471857639151255,6.62679792615007e-05,0.005362024236527589,0.5,0,0,0.45652814236084877,-6.62679792615007e-05,-0.005362024236527589,-0.04309261556405299,-0.043851288373279285,0,0
648.3999468665874,196.81893899271049,69.47032576649053,0.06554885236292674,0.00019648460816024452,0.006434429083833087,0.5,0,0,0.43445114763707326,-0.00019648460816024452,-0.006434429083833087,-0.06509412703161527,-0.0660045344026868,0,0
851.4899528953961,382.4520830402873,34.535278547288506,0.08314969717667943,0.00030973755889580434,0.006434429083833087,0.5,0,0,0.4168503028233206,-0.00030973755889580434,-0.006434429083833087,-0.08269533620566508,-0.08360574357673661,0,0
163.42873978461637,129.25786434407527,29.25815894523266,0.10537809148539407,0.0004885251977293651,0.009651643625749606,0.5,0,0,0.39462190851460593,-0.0004885251977293651,-0.009651643625749606,-0.10469684767322734,-0.10606245872983465,0,0
167.46934895889862,162.1258003695371,31.191035234338365,0.12737778117032716,0.000771651713482475,0.016086072709582643,0.5,0,0,0.37262221882967284,-0.000771651713482475,-0.016086072709582643,-0.12624315545525383,-0.12851917388293269,0,0
129.25786434407527,209.13650375320472,37.0134486413167,0.14914785648436704,0.0011802605358848522,0.021448096946110207,0.5,0,0,0.350852143515633,-0.0011802605358848522,-0.021448096946110207,-0.14763772867543506,-0.1506724199123402,0,0
129.25786434407527,258.2405371440609,27.26606267467261,0.17099309787386385,0.0016254340573563328,0.019303287251499185,0.5,0,0,0.32900690212613615,-0.0016254340573563328,-0.019303287251499185,-0.16963924014299733,-0.17237046225621197,0,0
101.02616679983112,99.53441397948464,22.58943126976108,0.19306613187766014,0.0020634092522085396,0.020375692098804684,0.5,0,0,0.30693386812233986,-0.0020634092522085396,-0.020375692098804684,-0.1916407516105596,-0.1945237082856195,0,0
140.84502956740286,206.97300472647143,20.735250827891868,0.21521428262472614,0.0025385177921231623,0.022520501793415706,0.5,0,0,0.28478571737527386,-0.0025385177921231623,-0.022520501793415706,-0.21364226307812187,-0.21682868887687226,0,0
122.29045980286173,293.3703955349555,21.29107368585003,0.2371360657806757,0.002949974062765277,0.015013667862277121,0.5,0,0,0.2628639342193243,-0.002949974062765277,-0.015013667862277121,-0.2360989782312199,-0.2382232620970535,0,0
194.9110753588243,193.04122344313365,19.028900223129533,0.25921273043540594,0.0031275413081596998,0.001072404847305473,0.5,0,0,0.24078726956459406,-0.0031275413081596998,-0.001072404847305473,-0.25916263163169895,-0.2593143661935442,0,0
230.97580043058096,284.7075611688845,23.896588216502984,0.2813656579982219,0.003008755635241331,-0.011796453320360676,0.5,0,0,0.21863434200177811,-0.003008755635241331,0.011796453320360676,-0.282226285032178,-0.2805572048518802,0,0
390.5444991736698,407.8990969411948,24.61136879396949,0.30321391465439385,0.0027510117397914055,-0.011796453320360676,0.5,0,0,0.19678608534560615,-0.0027510117397914055,0.011796453320360676,-0.304076061937895,-0.30240698175759717,0,0
140.84502956740286,159.58252707905322,19.028900223129533,0.32088987045421796,0.0025519676300919513,-0.010724048473055178,0.5,0,0,0.17911012954578204,-0.0025519676300919513,0.010724048473055178,-0.32167727111194483,-0.32015992549349226,0,0
147.99350743133397,562.6000187683081,23.943387448052704,0.34289057223440383,0.0023632137252311844,-0.006434429083833137,0.5,0,0,0.15710942776559617,-0.0023632137252311844,0.006434429083833137,-0.34337531345581657,-0.34246490608474506,0,0
104.68049512451793,223.1819809443389,21.740789092600608,0.3646643284824465,0.0022814873553344316,-0.0010724048473055728,0.5,0,0,0.1353356715175535,-0.0022814873553344316,0.0010724048473055728,-0.3647698866759978,-0.3646181521141526,0,0
105.77203060255431,101.02616679983112,28.29625192435787,0.38643815985375113,0.0022231113097012445,-0.004289619389222092,0.5,0,0,0.11356184014624887,-0.0022231113097012445,0.004289619389222092,-0.3867713981435601,-0.3861644598961791,0,0
87.79450977305973,198.76603234393832,28.711534351575374,0.4084394688985381,0.002128733488956862,-0.004289619389222092,0.5,0,0,0.0915605311014619,-0.002128733488956862,0.004289619389222092,-0.40877290961112234,-0.40816597136374133,0,0
80.66556470717478,196.81893899271049,29.135426468315842,0.4299098322367932,0.002071171046747134,-0.001072404847305548,0.5,0,0,0.07009016776320681,-0.002071171046747134,0.001072404847305548,-0.4300157482694583,-0.42986401370761307,0,0
72.05879380612686,198.76603234393832,30.526926956734627,0.44902828808637263,0.0021326794331390933,0.00750683393113856,0.5,0,0,0.05097171191362737,-0.0021326794331390933,-0.00750683393113856,-0.44852736481457967,-0.4495895067474965,0,0
69.22073170815571,209.13650375320472,1570.544100534677,0.4639736590038361,0.0022528881868940807,0.008579238778444083,0.5,0,0,0.03602634099616392,-0.0022528881868940807,-0.008579238778444083,-0.46339735187541486,-0.46461122837017693,0,0
66.5782896093539,213.60849807698625,66.5782896093539,0.47345657697138793,0.0023495020378580165,0.011796453320360627,0.5,0,0,0.026543423028612068,-0.0023495020378580165,-0.011796453320360627,-0.47265316014797554,-0.47432224032827336,0,0
65.43626790658098,180.92431015592842,27.660416147404213,0.4819527547821128,0.002477070414823216,0.018230882404193714,0.5,0,0,0.018047245217887198,-0.002477070414823216,-0.018230882404193714,-0.48069509192577414,-0.48327457947714353,0,0
49.820833293006025,143.82153882231913,60.99849051546361,0.4876419100930042,0.002577748705142974,0.017158477556888197,0.5,0,0,0.012358089906995773,-0.002577748705142974,-0.017158477556888197,-0.4864610052758939,-0.48888875826541806,0,0
64.767717284378,198.76603234393832,230.97580043058096,0.49029689809643184,0.0026218847112128747,0.016086072709582688,0.5,0,0,0.009703101903568156,-0.0026218847112128747,-0.016086072709582688,-0.48919222738910856,-0.49146824581678744,0,0
52.611946269889565,132.61463364415852,88.96683466233691,0.49029689809643184,0.0026218847112128747,0.016086072709582688,0.5,0,0,0.009703101903568156,-0.0026218847112128747,-0.016086072709582688,-0.48919222738910856,-0.49146824581678744,0,0
62.005885601807684,152.41788953728954,121.56203207857888,0.49029689809643184,0.0026218847112128747,0.016086072709582688,0.5,0,0,0.009703101903568156,-0.0026218847112128747,-0.016086072709582688,-0.48919222738910856,-0.49146824581678744,0,0
64.767717284378,182.55823066529945,118.0448484665879,0.49029689809643184,0.0026218847112128747,0.016086072709582688,-0.009703101903568156,0,0,-0.5,-0.0026218847112128747,-0.016086072709582688,-0.48919222738910856,-0.49146824581678744,0,0
64.54756552171673,140.84502956740286,109.77294326259755,0.48529007216813674,0.0025574490214207877,0.009651643625749613,-0.009703101903568156,0,0,-0.4949931740717049,-0.0025574490214207877,-0.009651643625749613,-0.48464019053375085,-0.48600580159035817,0,0
73.41971802386729,225.71785045590883,1180.1265773010464,0.4654128902860875,0.0025148161836452856,-0.005362024236527558,-0.009703101903568156,0,0,-0.47511599218965567,-0.0025148161836452856,0.005362024236527558,-0.465825104864939,-0.4650664320557127,0,0
92.66842176880655,265.2554052777127,30.396551423726756,0.4437163576344723,0.0027707701909323638,-0.018230882404193707,-0.009703101903568156,0,0,-0.45341945953804047,-0.0027707701909323638,0.018230882404193707,-0.44503746989213877,-0.4424579823407694,0,0
146.92774685951784,242.3065498311679,30.526926956734627,0.42194720878134906,0.003226070706278824,-0.02359290664072127,-0.009703101903568156,0,0,-0.4316503106849172,-0.003226070706278824,0.02359290664072127,-0.42364289667195754,-0.42030473631136184,0,0
215.92040254306553,211.34777997197892,28.29625192435787,0.4002557664042243,0.0037612054148584953,-0.02573771633533227,-0.009703101903568156,0,0,-0.40995886830779243,-0.0037612054148584953,0.02573771633533227,-0.40209658888993105,-0.39845495940564485,0,0
177.7453057985956,176.198566643824,28.06270908445,0.3785655216808914,0.004342862872803518,-0.027882526029943268,-0.009703101903568156,0,0,-0.38826862358445957,-0.004342862872803518,0.027882526029943268,-0.38055028110790456,-0.37660518249992786,0,0
215.92040254306553,382.4520830402873,19.93438562175379,0.3567997530466946,0.004938225041006272,-0.02681012118263777,-0.009703101903568156,0,0,-0.36650285495026275,-0.004938225041006272,0.02681012118263777,-0.3587005042021876,-0.3549071401560561,0,0
145.87739303694283,220.70517709223105,23.435077391437254,0.334955516715265,0.0054302513881229865,-0.018230882404193686,-0.009703101903568156,0,0,-0.3446586186188332,-0.0054302513881229865,0.018230882404193686,-0.3362437890490895,-0.33366430149772014,0,0
120.13062066766372,382.4520830402873,21.740789092600608,0.31348700525764917,0.00571805532426268,-0.00857923877844408,-0.009703101903568156,0,0,-0.3231901071612173,-0.00571805532426268,0.00857923877844408,-0.314090543019682,-0.3128766665249199,0,0
93.09781934285294,900.238757316699,26.393218193002895,0.2918649825026242,0.00579921217241799,0.0010724048473055511,-0.009703101903568156,0,0,-0.30156808440619237,-0.00579921217241799,-0.0010724048473055511,-0.2917855624284292,-0.29193729699027443,0,0
100.52415418066585,185.91929651913173,23.344165399617317,0.2699397197013489,0.0056698905031680345,0.010724048473055157,-0.009703101903568156,0,0,-0.27964282160491705,-0.0056698905031680345,-0.010724048473055157,-0.2691771127134859,-0.27069445833193845,0,0
76.58539900875073,151.28683687310368,21.17043565318336,0.2483198105703947,0.005356867146046748,0.018230882404193717,-0.009703101903568156,0,0,-0.25802291247396286,-0.005356867146046748,-0.018230882404193717,-0.24702386668407836,-0.24960335423544772,0,0
104.68049512451793,284.7075611688845,20.931683493242176,0.22670286039743515,0.004881557065569536,0.025737716335332277,-0.009703101903568156,0,0,-0.2364059623010033,-0.004881557065569536,-0.025737716335332277,-0.22487062065467084,-0.22851225013895698,0,0
116.02925942608664,193.04122344313365,22.416395940132503,0.20471057118736802,0.004244593834261612,0.03217214541916531,-0.009703101903568156,0,0,-0.21441367309093617,-0.004244593834261612,-0.03217214541916531,-0.2024139055015728,-0.2069659423569305,0,0
107.45140018288424,209.13650375320472,21.17043565318336,0.18279824265962863,0.003480570607165029,0.03753416965569285,-0.009703101903568156,0,0,-0.19250134456319679,-0.003480570607165029,-0.03753416965569285,-0.18010892491032002,-0.185419634574904,0,0
94.8539958627646,164.75326598182954,24.32213184643946,0.16141706539573644,0.002723588385632697,0.033244550266470815,-0.009703101903568156,0,0,-0.1711201672993046,-0.002723588385632697,-0.033244550266470815,-0.15901782081382929,-0.16372159223103225,0,0
128.44498763419128,194.9110753588243,28.771556813350443,0.1397268206724036,0.0021419309276876747,0.020375692098804667,-0.009703101903568156,0,0,-0.14942992257597176,-0.0021419309276876747,-0.020375692098804667,-0.13823018584102909,-0.14111314251608895,0,0
174.67928447558052,185.91929651913173,29.756482389147592,0.12227904176233345,0.0018986710927733977,0.007506833931138518,-0.009703101903568156,0,0,-0.1319821436659016,-0.0018986710927733977,-0.007506833931138518,-0.12169111859989606,-0.12275326053281285,0,0
184.22292190812155,206.97300472647143,31.806765208853015,0.10073273398030695,0.0018986710927733992,-0.007506833931138653,-0.009703101903568156,0,0,-0.11043583588387511,-0.0018986710927733992,0.007506833931138653,-0.10120695275078637,-0.10014481081786955,0,0
317.7208243859324,152.41788953728954,29.25815894523266,0.08373987022366898,0.0021173619187344235,-0.01823088240419378,-0.009703101903568156,0,0,-0.09344297212723714,-0.0021173619187344235,0.01823088240419378,-0.08497135463334386,-0.08239186708197448,0,0
200.75362703878065,1411.3480414449798,64.54756552171673,0.06250349307123912,0.002641270025036201,-0.031099740571859904,-0.009703101903568156,0,0,-0.07220659497480728,-0.002641270025036201,0.031099740571859904,-0.06463892334607942,-0.06023862105256696,0,0
177.7453057985956,1570.544100534677,43.9954973922686,0.04377709880599521,0.0033344248501988465,-0.04289619389222053,-0.009703101903568156,0,0,-0.053480200709563365,-0.0033344248501988465,0.04289619389222053,-0.04673424504833909,-0.0406648625745288,0,0
198.76603234393832,1411.3480414449798,36.24233355390543,0.02884750399620104,0.004031390287224253,-0.050403027823359134,-0.009703101903568156,0,0,-0.03855060589976919,-0.004031390287224253,0.050403027823359134,-0.03231946167303967,-0.025187937266312584,0,0
160.8439044330725,323.12240163650586,32.583694610362,0.017860423219430897,0.004579735724924354,-0.049330622976053624,-0.009703101903568156,0,0,-0.027563525122999054,-0.004579735724924354,0.049330622976053624,-0.021242838658335914,-0.014263048813454079,0,0
151.28683687310368,448.2028325964311,30.396551423726756,0.009675066687501588,0.0049486619107872165,-0.040751384197609514,-0.009703101903568156,0,0,-0.019378168591069743,-0.0049486619107872165,0.040751384197609514,-0.012442234071311006,-0.006676320721191228,0,0
151.28683687310368,223.1819809443389,29.443633183885872,0.0036851914152129664,0.005157512550720193,-0.02895493087724888,-0.009703101903568156,0,0,-0.013388293318781122,-0.005157512550720193,0.02895493087724888,-0.0056141787882744406,-0.0015173456184524887,0,0
648.3999468665874,220.70517709223105,29.013419717033194,0.0002717649722450417,0.005221580136114294,-0.008579238778444135,-0.009703101903568156,0,0,-0.009974866875813199,-0.005221580136114294,0.008579238778444135,-0.0007586728092262157,0.0004552036855358524,0,0
399.01729906632625,258.2405371440609,31.123690737050055,-0.0002592998102873429,0.005224142980020898,-0.001072404847305545,-0.009703101903568156,0,0,-0.009443802093280813,-0.005224142980020898,0.001072404847305545,0.0003034691236905834,0.0004552036855358524,0,0
851.4899528953961,471.8179059817352,33.092704166817725,-0.0002592998102873429,0.005224142980020898,-0.001072404847305545,-0.009703101903568156,0,0,-0.009443802093280813,-0.005224142980020898,0.001072404847305545,0.0003034691236905834,0.0004552036855358524,0,0
1411.3480414449798,185.91929651913173,32.72794171450513,-0.0002592998102873429,0.005224142980020898,-0.001072404847305545,-0.009703101903568156,0,0,-0.009443802093280813,-0.005224142980020898,0.001072404847305545,0.0003034691236905834,0.0004552036855358524,0,0
323.12240163650586,734.7683303247097,32.369070457727666,-0.0002592998102873429,0.005224142980020898,-0.001072404847305545,-0.009703101903568156,0,0,-0.009443802093280813,-0.005224142980020898,0.001072404847305545,0.0003034691236905834,0.0004552036855358524,0,0
268.9169663380496,198.76603234393832,32.227138405664235,-0.0002592998102873429,0.005224142980020898,-0.001072404847305545,-0.009703101903568156,0,0,-0.009443802093280813,-0.005224142980020898,0.001072404847305545,0.0003034691236905834,0.0004552036855358524,0,0
1411.3480414449798,459.67991945810627,32.72794171450513,-0.00018343254027113038,0.005224102299802941,-3.209238430557093e-17,-0.009703101903568156,0,0,-0.009519669363297026,-0.005224102299802941,3.209238430557093e-17,0.0003034691236905834,0.0003034691236905954,0,0
1411.3480414449798,239.3652489782259,32.29799013034805,-0.00018343254027113038,0.005224102299802941,-3.209238430557093e-17,-0.009703101903568156,0,0,-0.009519669363297026,-0.005224102299802941,3.209238430557093e-17,0.0003034691236905834,0.0003034691236905954,0,0
239.3652489782259,312.50933522689996,31.39434006392785,-0.00018343254027113038,0.005224102299802941,-3.209238430557093e-17,0.49981656745972886,0,0,0.5,-0.005224102299802941,3.209238430557093e-17,0.0003034691236905834,0.0003034691236905954,0,0
624.3377665398167,265.2554052777127,30.26697313093551,0.004672073438777094,0.005224102299802941,-3.209238430557093e-17,0.49981656745972886,0,0,0.4951444940209518,-0.005224102299802941,3.209238430557093e-17,-0.004552036855357641,-0.004552036855357629,0,0
851.4899528953961,360.20900612823414,46.01147903511478,0.02492849475664257,0.005300133452285284,0.0075068339311385535,0.49981656745972886,0,0,0.4748880727030863,-0.005300133452285284,-0.0075068339311385535,-0.024277529895241054,-0.025339671828157842,0,0
245.3252030939217,209.13650375320472,69.7215507122142,0.046549025534585814,0.005566785534272182,0.017158477556888183,0.49981656745972886,0,0,0.45326754192514307,-0.005566785534272182,-0.017158477556888183,-0.04521689942988652,-0.04764465241941063,0,0
272.6876389629632,179.3202830877122,42.5485367221777,0.06839558608618505,0.0059416760448380915,0.017158477556888183,0.49981656745972886,0,0,0.4314209813735438,-0.0059416760448380915,-0.017158477556888183,-0.06706667633560354,-0.06949442932512764,0,0
114.72272976706012,164.75326598182954,27.546944329386996,0.08591850690880745,0.006232973684899437,0.01608607270958266,0.49981656745972886,0,0,0.4138980605509214,-0.006232973684899437,-0.01608607270958266,-0.08466788550965335,-0.0869439039373322,0,0
160.8439044330725,562.6000187683081,32.72794171450513,0.10814414032335662,0.006626290205748623,0.019303287251499178,0.49981656745972886,0,0,0.39167242713637224,-0.006626290205748623,-0.019303287251499178,-0.10666939697721561,-0.10940061909043024,0,0
145.87739303694283,399.01729906632625,36.581988162777755,0.13006499056221596,0.007084763546985999,0.022520501793415696,0.49981656745972886,0,0,0.3697515768975129,-0.007084763546985999,-0.022520501793415696,-0.12836743932108738,-0.13155386511983777,0,0
129.25786434407527,160.8439044330725,31.191035234338365,0.15160530201298203,0.007593056417103414,0.024665311488026743,0.49981656745972886,0,0,0.34821126544674685,-0.007593056417103414,-0.024665311488026743,-0.1497620125412686,-0.15325190746370954,0,0
135.24881572421333,167.46934895889862,26.446644470518727,0.1734495383444116,0.008085082764220129,0.020375692098804726,0.49981656745972886,0,0,0.32636702911531723,-0.008085082764220129,-0.020375692098804726,-0.17191525857067613,-0.17479821524573602,0,0
142.81538054950164,171.72011046907937,23.253708365120502,0.1911244776974626,0.008359947932820912,0.01072404847305512,0.49981656745972886,0,0,0.30869208976226625,-0.008359947932820912,-0.01072404847305512,-0.19027514055395223,-0.1917924861724048,0,0
152.41788953728954,280.5772654118684,20.121616418144527,0.21312578674224958,0.008454325753565294,-0.002144809694611005,0.49981656745972886,0,0,0.2866907807174793,-0.008454325753565294,0.002144809694611005,-0.21318705939258603,-0.21288359026889553,0,0
159.58252707905322,254.878386734463,22.459496422942998,0.2350502930832295,0.008230954530136675,-0.0182308824041937,0.49981656745972886,0,0,0.26476627437649936,-0.008230954530136675,0.0182308824041937,-0.2362507127930651,-0.23367122524169573,0,0
448.2028325964311,528.3325926770696,21.782257748458605,0.25696897497132676,0.007678453591203957,-0.03217214541916537,0.49981656745972886,0,0,0.2428475924884021,-0.007678453591203957,0.03217214541916537,-0.2591626316316989,-0.2546105947763412,0,0
1180.1265773010464,261.6981137825328,23.896588216502984,0.2789583295220194,0.006947157959323408,-0.03431695511377639,0.49981656745972886,0,0,0.22085823793770948,-0.006947157959323408,0.03431695511377639,-0.28131587766110644,-0.27646037168205817,0,0
312.50933522689996,254.878386734463,23.756904125116755,0.29632138569105854,0.006341755471416426,-0.03538935996108191,0.49981656745972886,0,0,0.20349518176867032,-0.006341755471416426,0.03538935996108191,-0.298765352273311,-0.29375811173241745,0,0
297.9167592848756,141.82331249922515,20.15931686442059,0.3183129791726612,0.005681207973347308,-0.02466531148802678,0.49981656745972886,0,0,0.18150358828706764,-0.005681207973347308,0.02466531148802678,-0.320008190931647,-0.316518296009206,0,0
87.79450977305973,163.42873978461637,24.75769029437472,0.3403112519503132,0.005303714056458025,-0.009651643625749586,0.49981656745972886,0,0,0.15950531550941566,-0.005303714056458025,0.009651643625749586,-0.3409475604662925,-0.33958194940968506,0,0
78.419964244608,323.12240163650586,26.770315400455452,0.3620851584449662,0.005292038833904278,0.008579238778444128,0.49981656745972886,0,0,0.13773140901476266,-0.005292038833904278,-0.008579238778444128,-0.3614317263154022,-0.3626456028101641,0,0
59.635598880684206,179.3202830877122,25.763358222779125,0.38385711176064025,0.005583910670201424,0.01823088240419371,0.49981656745972886,0,0,0.11595945569908861,-0.005583910670201424,-0.01823088240419371,-0.38252283041189294,-0.38510231796326216,0,0
72.05879380612686,159.58252707905322,26.770315400455452,0.4058525002138873,0.006102942122081885,0.02895493087724884,0.49981656745972886,0,0,0.09396406724584155,-0.006102942122081885,-0.02895493087724884,-0.4037656690702289,-0.4078625022400507,0,0
54.842902515546676,187.6483042942066,24.660015279911583,0.4272336774777795,0.0068599243436142186,0.04182378904491499,0.49981656745972886,0,0,0.07258288998194934,-0.0068599243436142186,-0.04182378904491499,-0.42424983491933865,-0.4301674828313035,0,0
48.31637032889038,245.3252030939217,427.0195773074906,0.44663600407198234,0.007734416043437301,0.04825821812874807,0.49981656745972886,0,0,0.053180563387746516,-0.007734416043437301,-0.04825821812874807,-0.44321665514999575,-0.4500447104330322,0,0
44.69032492014681,163.42873978461637,31.668418679204336,0.4624733934787757,0.008507806167066572,0.0493306229760536,0.49981656745972886,0,0,0.03734317398095316,-0.008507806167066572,-0.0493306229760536,-0.45899704958190246,-0.46597683942678414,0,0
43.20669553443567,242.3065498311679,64.1112337943502,0.4743715984794746,0.009063255779315247,0.043968598739526035,0.49981656745972886,0,0,0.02544496898025428,-0.009063255779315247,-0.043968598739526035,-0.4712875490913683,-0.4775086661270237,0,0
43.88139400932728,769.566351540633,302.6164596847404,0.48286240237675515,0.009391219588568684,0.03324455026647091,0.49981656745972886,0,0,0.016954165082973705,-0.009391219588568684,-0.03324455026647091,-0.48054335736392895,-0.4852471287811318,0,0
52.30584039894111,142.81538054950164,261.6981137825328,0.4877926974131768,0.009494336430023459,0.008579238778444114,0.49981656745972886,0,0,0.012023870046552032,-0.009494336430023459,-0.008579238778444114,-0.48721967808512023,-0.4884335545798822,0,0
53.07684344785989,211.34777997197892,53.867377246779164,0.4899927951078034,0.009479000111317215,-0.022520501793415762,0.49981656745972886,0,0,0.009823772351925442,-0.009479000111317215,0.022520501793415762,-0.4916199803786327,-0.4884335545798822,0,0
65.88884418534775,185.91929651913173,37.18822146772475,0.4907511730266398,0.009457849137799772,-0.03324455026647089,0.49981656745972886,0,0,0.009065394433089069,-0.009457849137799772,0.03324455026647089,-0.49313732599708526,-0.4884335545798822,0,0
64.767717284378,251.60762066022812,33.68895942661416,0.4907511730266398,0.009457849137799772,-0.03324455026647089,0.49981656745972886,0,0,0.009065394433089069,-0.009457849137799772,0.03324455026647089,-0.49313732599708526,-0.4884335545798822,0,0
71.79211210149265,293.3703955349555,45.16350334108189,0.4907511730266398,0.009457849137799772,-0.03324455026647089,0.49981656745972886,0,0,0.009065394433089069,-0.009457849137799772,0.03324455026647089,-0.49313732599708526,-0.4884335545798822,0,0
69.47032576649053,808.2350827585409,49.96147607113843,0.4907511730266398,0.009457849137799772,-0.03324455026647089,0.49981656745972886,0,0,0.009065394433089069,-0.009457849137799772,0.03324455026647089,-0.49313732599708526,-0.4884335545798822,0,0
65.6618596686084,280.5772654118684,32.873131352234964,0.4906753463248741,0.009460330188772573,-0.03217214541916538,0.49981656745972886,0,0,0.009141221134854771,-0.009460330188772573,0.03217214541916538,-0.49298559143524,-0.4884335545798822,0,0
63.466481404640184,167.46934895889862,37.54159736874482,0.4906753463248741,0.009460330188772573,-0.03217214541916538,0.49981656745972886,0,0,0.009141221134854771,-0.009460330188772573,0.03217214541916538,-0.49298559143524,-0.4884335545798822,0,0
53.867377246779164,204.85569342211394,46.50780728590231,0.4906753463248741,0.009460330188772573,-0.03217214541916538,0.49981656745972886,0,0,0.009141221134854771,-0.009460330188772573,0.03217214541916538,-0.49298559143524,-0.4884335545798822,0,0
71.527220004475,769.566351540633,39.48508308650554,0.4906753463248741,0.009460330188772573,-0.03217214541916538,0.49981656745972886,0,0,0.009141221134854771,-0.009460330188772573,0.03217214541916538,-0.49298559143524,-0.4884335545798822,0,0
61.599435781669065,194.9110753588243,38.91410827618916,0.4906753463248741,0.009460330188772573,-0.03217214541916538,-0.009324653675125916,0,0,-0.5,-0.009460330188772573,0.03217214541916538,-0.49298559143524,-0.4884335545798822,0,0
68.48157158520587,407.8990969411948,42.65710812266905,0.4858218756026524,0.009600901384647425,-0.025737716335332308,-0.009324653675125916,0,0,-0.4951465292777783,-0.009600901384647425,0.025737716335332308,-0.487674881770656,-0.48403325228636973,0,0
60.603559569501805,769.566351540633,38.820199780260964,0.4658692654755215,0.009739985930155763,0.011796453320360643,-0.009324653675125916,0,0,-0.4751939191506474,-0.009739985930155763,-0.011796453320360643,-0.4650664320557127,-0.46673551223601045,0,0
46.63326386384414,471.8179059817352,1570.544100534677,0.444256492425224,0.009102415911134611,0.04718581328144254,-0.009324653675125916,0,0,-0.45358114610034994,-0.009102415911134611,-0.04718581328144254,-0.4409406367223168,-0.44761695744350805,0,0
48.584237987391454,225.71785045590883,46.63326386384414,0.4222140952174177,0.007860088362802492,0.06541669568563625,-0.009324653675125916,0,0,-0.4315387488925436,-0.007860088362802492,-0.06541669568563625,-0.41757351419814726,-0.4268293224707078,0,0
67.04513494735056,307.4777105974586,23.389564303261636,0.40057037973957443,0.006325610643635697,0.07614074415869138,-0.009324653675125916,0,0,-0.40989503341470035,-0.006325610643635697,-0.07614074415869138,-0.3951167990450492,-0.40588995293606234,0,0
62.21088813178245,390.5444991736698,25.918902602329858,0.3790918822952146,0.00461753378048102,0.08257517324252443,-0.009324653675125916,0,0,-0.38841653597034054,-0.00461753378048102,-0.08257517324252443,-0.3731152875774869,-0.3847988488395716,0,0
68.72637072202204,448.2028325964311,26.33993847596105,0.35738194957877956,0.0029496123804817562,0.07077871992216378,-0.009324653675125916,0,0,-0.36670660325390547,-0.0029496123804817562,-0.07077871992216378,-0.35217591804284143,-0.3621903991246283,0,0
48.05094550934816,261.6981137825328,22.416395940132503,0.3353450842659096,0.0016127430575933143,0.050403027823359044,-0.009324653675125916,0,0,-0.3446697379410355,-0.0016127430575933143,-0.050403027823359044,-0.33154001763188645,-0.3386715420386135,0,0
80.99613175561399,162.1258003695371,22.459496422942998,0.31381309737751717,0.0008273007134881225,0.0225205017934157,-0.009324653675125916,0,0,-0.3231377510526431,-0.0008273007134881225,-0.0225205017934157,-0.3119662591538483,-0.3151526849525986,0,0
116.02925942608664,174.67928447558052,26.824785427057037,0.29211566640084397,0.0006644186427954162,-0.007506833931138667,-0.009324653675125916,0,0,-0.3014403200759699,-0.0006644186427954162,0.007506833931138667,-0.29239250067581013,-0.29133035874289326,0,0
360.20900612823414,353.40072554933454,23.896588216502984,0.2701197339837795,0.001159861839544888,-0.037534169655693006,-0.009324653675125916,0,0,-0.2794443876589054,-0.001159861839544888,0.037534169655693006,-0.27251527307408147,-0.2672045634094974,0,0
123.77355272308415,198.76603234393832,21.05064198016546,0.24814984354605021,0.0023390229869061116,-0.06970631507485839,-0.009324653675125916,0,0,-0.2574744972211761,-0.0023390229869061116,0.06970631507485839,-0.25278978003419805,-0.24292703351425626,0,0
153.56624101955603,280.5772654118684,22.075335325140372,0.22607405455288682,0.004189928162431443,-0.0975888411048017,-0.009324653675125916,0,0,-0.23539870822801273,-0.004189928162431443,0.0975888411048017,-0.23260908330877886,-0.2188012381808604,0,0
139.88023555455067,900.238757316699,28.120842178481034,0.20427062086080855,0.006501670413261187,-0.1136749138143844,-0.009324653675125916,0,0,-0.21359527453593447,-0.006501670413261187,0.1136749138143844,-0.21182144833597866,-0.19573758478038134,0,0
123.77355272308415,602.1580731583105,34.22388685589026,0.18240844423469665,0.008973863776645469,-0.11153010411977338,-0.009324653675125916,0,0,-0.19173309790982257,-0.008973863776645469,0.11153010411977338,-0.18966820230657114,-0.17388780787466432,0,0
168.8620920208621,1093.1463157010076,32.369070457727666,0.16066959054535812,0.011172725096314461,-0.09008200717366315,-0.009324653675125916,0,0,-0.16999424422048404,-0.011172725096314461,0.09008200717366315,-0.16630107978240155,-0.15355537658739987,0,0
135.24881572421333,900.238757316699,33.01927315595455,0.13873004204149025,0.012822791247625613,-0.0600546714491088,-0.009324653675125916,0,0,-0.14805469571661617,-0.012822791247625613,0.0600546714491088,-0.14217528444900568,-0.1336781489856712,0,0
185.91929651913173,254.878386734463,34.69257006062114,0.11696935592570754,0.013581527116749212,-0.009651643625749703,-0.009324653675125916,0,0,-0.12629400960083345,-0.013581527116749212,0.009651643625749703,-0.11683561262084775,-0.11547000156424037,0,0
101.5330368193872,459.67991945810627,31.530946491144263,0.09527581760141556,0.013139445078065729,0.05040302782335903,-0.009324653675125916,0,0,-0.10460047127654147,-0.013139445078065729,-0.05040302782335903,-0.0908890025453088,-0.09802052695203581,0,0
116.69355260679126,242.3065498311679,33.840516440659265,0.07357136329060678,0.011401686919193297,0.10938529442516223,-0.009324653675125916,0,0,-0.08289601696573269,-0.011401686919193297,-0.10938529442516223,-0.06494239246976985,-0.080419317777986,0,0
99.04654639912101,202.78305134967044,27.546944329386996,0.05273720599316962,0.008648857807160584,0.15335389316468825,-0.009324653675125916,0,0,-0.062061859668295534,-0.008648857807160584,-0.15335389316468825,-0.040816597136373985,-0.06251463948024567,0,0
108.02276929750369,562.6000187683081,34.613790153652,0.0352289550178103,0.0057114849888609395,0.17909160950002057,-0.009324653675125916,0,0,-0.04455360869293622,-0.0057114849888609395,-0.17909160950002057,-0.02124283865833583,-0.046582510486493686,0,0
107.45140018288424,1093.1463157010076,32.72794171450513,0.0243337495291283,0.003714969331707549,0.1833812288892426,-0.009324653675125916,0,0,-0.033658403204254214,-0.003714969331707549,-0.1833812288892426,-0.009862746519941554,-0.035809356595480436,0,0
120.13062066766372,624.3377665398167,28.892132026161015,0.014693287107618878,0.002028407877562653,0.16300553679043786,-0.009324653675125916,0,0,-0.024017940782744794,-0.002028407877562653,-0.16300553679043786,-0.0015173456184524176,-0.024580999018931418,0,0
123.77355272308415,162.1258003695371,52.766140948375714,0.008081741460020903,0.0011006565520789865,0.1158197235089953,-0.009324653675125916,0,0,-0.01740639513514682,-0.0011006565520789865,-0.1158197235089953,0.001820814742143237,-0.014566517937144455,0,0
104.1428794944386,1411.3480414449798,76.28731360165042,0.0036972212544623536,0.0007283088095857985,0.05362024236527555,-0.009324653675125916,0,0,-0.01302187492958827,-0.0007283088095857985,-0.05362024236527555,0.001820814742143237,-0.005765913350119547,0,0
225.71785045590883,145.87739303694283,42.44040737188923,0.001271081886756168,0.000639808263771129,0.019303287251499136,-0.009324653675125916,0,0,-0.010595735561882084,-0.000639808263771129,-0.019303287251499136,0.001820814742143237,-0.0009104073710713223,0,0
484.6780696502813,544.8761250677193,32.51192153438282,-0.0008531824348094719,0.0006306959224578785,-0.010724048473055223,-0.009324653675125916,0,0,-0.008471471240316443,-0.0006306959224578785,0.010724048473055223,0.001820814742143237,0.003338160360595874,0,0
193.04122344313365,288.9697116820819,29.505828159201656,-0.002294345599301954,0.0006608377684215816,-0.031099740571859966,-0.009324653675125916,0,0,-0.0070303080758239616,-0.0006608377684215816,0.031099740571859966,0.001820814742143237,0.006221117035655758,0,0
211.34777997197892,399.01729906632625,28.29625192435787,-0.0023701749181559003,0.0006632375010607719,-0.03217214541916548,-0.009324653675125916,0,0,-0.006954478756970015,-0.0006632375010607719,0.03217214541916548,0.001820814742143237,0.0063728515975010145,0,0
185.91929651913173,176.198566643824,26.770315400455452,-0.0023701749181559003,0.0006632375010607719,-0.03217214541916548,-0.009324653675125916,0,0,-0.006954478756970015,-0.0006632375010607719,0.03217214541916548,0.001820814742143237,0.0063728515975010145,0,0
209.13650375320472,220.70517709223105,29.013419717033194,-0.0023701749181559003,0.0006632375010607719,-0.03217214541916548,0.4976298250818441,0,0,0.5,-0.0006632375010607719,0.03217214541916548,0.001820814742143237,0.0063728515975010145,0,0
129.25786434407527,284.7075611688845,27.717394716872157,0.0025582034704360046,0.0004913983669387023,-0.03753416965569304,0.4976298250818441,0,0,0.4950716216114081,-0.0004913983669387023,0.03753416965569304,-0.0034898949224407587,0.0018208147421433039,0,0
136.15031850713706,648.3999468665874,30.59241608131846,0.022865900183174418,-0.0005112063780946162,-0.06112707629641432,0.4976298250818441,0,0,0.4747639248986697,0.0005112063780946162,0.06112707629641432,-0.025491406390003028,-0.01684253636482331,0,0
170.27879631253745,1570.544100534677,37.99065036400073,0.039978749340701086,-0.0015769914989761736,-0.06327188599102535,0.4976298250818441,0,0,0.45765107574114305,0.0015769914989761736,0.06327188599102535,-0.04278914644036233,-0.03383680729149209,0,0
153.56624101955603,265.2554052777127,51.55362639757167,0.061794561475706666,-0.002794814031099746,-0.04825821812874817,0.4976298250818441,0,0,0.43583526360613745,0.002794814031099746,0.04825821812874817,-0.06357678141316254,-0.056748726130125896,0,0
471.8179059817352,218.28532251964043,28.532517899129083,0.08363448879536724,-0.003450806029182183,-0.011796453320360716,0.4976298250818441,0,0,0.4139953362864769,0.003450806029182183,0.011796453320360716,-0.08284707076751019,-0.08117799058721228,0,0
134.3591943699604,184.22292190812155,30.856404298200047,0.10123553603119682,-0.0033753037725866787,0.02037569209880468,0.4976298250818441,0,0,0.3963942890506473,0.0033753037725866787,-0.02037569209880468,-0.09817226151388114,-0.10105521818894095,0,0
95.7560002023429,1093.1463157010076,37.452770077611675,0.12329410018731016,-0.002464041036223177,0.062199481143719676,0.4976298250818441,0,0,0.3743357248945339,0.002464041036223177,-0.062199481143719676,-0.11729081630638352,-0.12609142089340836,0,0
99.04654639912101,1570.544100534677,21.658147754059783,0.14499667843757708,-0.0007030079190573043,0.09973365079941263,0.4976298250818441,0,0,0.35263314664426704,0.0007030079190573043,-0.09973365079941263,-0.1364093710988859,-0.15052068535049473,0,0
116.69355260679126,353.40072554933454,21.616974340849836,0.1621166284502672,0.001167877766829308,0.11796453320360634,0.4976298250818441,0,0,0.3355131966315769,-0.001167877766829308,-0.11796453320360634,-0.1523415000926379,-0.16903230189561608,0,0
100.02692680886574,268.9169663380496,24.75769029437472,0.1838912753901571,0.0037366563953350994,0.11689212835630082,0.4976298250818441,0,0,0.313738549691687,-0.0037366563953350994,-0.11689212835630082,-0.17434301156020016,-0.1908820788013331,0,0
106.32612268515561,198.76603234393832,21.29107368585003,0.20568459201788533,0.006141905522288054,0.10295086534132915,0.4976298250818441,0,0,0.2919452330639588,-0.006141905522288054,-0.10295086534132915,-0.19725493039883396,-0.21182144833597855,0,0
95.7560002023429,1093.1463157010076,23.66437137022323,0.22752654522697,0.008055789795508446,0.07185112476946928,0.4976298250818441,0,0,0.27010327985487415,-0.008055789795508446,-0.07185112476946928,-0.22138072573222983,-0.23154694137586196,0,0
99.04654639912101,307.4777105974586,22.85218781026422,0.2491218419261389,0.009133572207539676,0.027882526029943247,0.4976298250818441,0,0,0.24850798315570521,-0.009133572207539676,-0.027882526029943247,-0.24611345931300674,-0.2500585579209833,0,0
115.37236097408694,185.91929651913173,24.41804431856243,0.2708195723472531,0.009249917078959719,-0.01715847755688829,0.4976298250818441,0,0,0.226810252734591,-0.009249917078959719,0.01715847755688829,-0.2709979274556289,-0.26857017446610465,0,0
808.2350827585409,528.3325926770696,25.004130828076164,0.2924251852417352,0.008403781211260666,-0.061127076296414326,0.4976298250818441,0,0,0.2052046398401089,-0.008403781211260666,0.061127076296414326,-0.2957306610364058,-0.287081791011226,0,0
113.44477390085575,407.8990969411948,24.274361292354016,0.3138234140092211,0.006644343538087076,-0.10295086534132934,0.4976298250818441,0,0,0.18380641107262302,-0.006644343538087076,0.10295086534132934,-0.32015992549349215,-0.30559340755634734,0,0
115.37236097408694,1570.544100534677,26.71599641697457,0.33528278991461974,0.003996015725369042,-0.14262984469163334,0.4976298250818441,0,0,0.16234703516722437,-0.003996015725369042,0.14262984469163334,-0.3445891899505785,-0.3244084932251592,0,0
110.97077873540402,1570.544100534677,22.117607626819968,0.35666346048491954,0.0007733800932917109,-0.15657110770660498,0.4976298250818441,0,0,0.14096636459692458,-0.0007733800932917109,0.15657110770660498,-0.3671976396655218,-0.34504439363611417,0,0
108.02276929750369,1570.544100534677,22.202459096284322,0.37824960711829947,-0.002610556128303463,-0.15442629801199395,0.4976298250818441,0,0,0.11938021796354464,0.002610556128303463,0.15442629801199395,-0.38889568200939356,-0.3670459051036764,0,0
120.84213728458607,648.3999468665874,23.756904125116755,0.3995836449086682,-0.00562754313472777,-0.1265437719820506,0.4976298250818441,0,0,0.0980461801731759,0.00562754313472777,0.1265437719820506,-0.4084694404874317,-0.3905647621896913,0,0
130.08105893503551,1570.544100534677,27.546944329386996,0.421324844166686,-0.00780309034239147,-0.07292352961677497,0.4976298250818441,0,0,0.07630498091515814,0.00780309034239147,0.07292352961677497,-0.4265258533470173,-0.4162079031415397,0,0
80.99613175561399,261.6981137825328,24.660015279911583,0.4382264956285104,-0.008555791998696712,-0.016086072709582802,0.4976298250818441,0,0,0.05940332945333371,0.008555791998696712,0.016086072709582802,-0.43942329110386413,-0.4371472726761852,0,0
57.41934790708907,242.3065498311679,1570.544100534677,0.4550668529383549,-0.008284873418364763,0.04825821812874796,0.4976298250818441,0,0,0.0425629721434892,0.008284873418364763,-0.04825821812874796,-0.45171379061332995,-0.45854184589636643,0,0
65.88884418534775,1411.3480414449798,1180.1265773010464,0.46603618322859874,-0.007453958442054119,0.1029508653413291,0.4976298250818441,0,0,0.03159364185324537,0.007453958442054119,-0.1029508653413291,-0.45884531502005704,-0.47341183295720163,0,0
76.58539900875073,1570.544100534677,123.77355272308415,0.4760381640649937,-0.0061214760109412885,0.16193313194313233,0.4976298250818441,0,0,0.021591661016850394,0.0061214760109412885,-0.16193313194313233,-0.4647629629320221,-0.48767488177065577,0,0
80.66556470717478,284.7075611688845,34.06976434240545,0.4826025411139261,-0.004904014581713049,0.20482932583535285,0.4976298250818441,0,0,0.015027283967918026,0.004904014581713049,-0.20482932583535285,-0.4684045924163082,-0.4973858937287522,0,0
80.01189902085736,1570.544100534677,45.04444673804966,0.4852724233943242,-0.004328425456964499,0.21984299369763002,0.4976298250818441,0,0,0.01235740168751992,0.004328425456964499,-0.21984299369763002,-0.47007367259660604,-0.5011792577748836,0,0
64.767717284378,648.3999468665874,35.65938806674725,0.48571698817194203,-0.0042305860281694856,0.21340856461379695,0.4976298250818441,0,0,0.01191283690990208,0.0042305860281694856,-0.21340856461379695,-0.4709840799676776,-0.5011792577748836,0,0
77.79950406996568,1570.544100534677,41.69564725646781,0.48571698817194203,-0.0042305860281694856,0.21340856461379695,0.4976298250818441,0,0,0.01191283690990208,0.0042305860281694856,-0.21340856461379695,-0.4709840799676776,-0.5011792577748836,0,0
82.00312876373096,1570.544100534677,37.81003834541127,0.4857911429848397,-0.004214557677078239,0.21233615976649145,-0.014283011828057968,0,0,-0.5000741548128977,0.004214557677078239,-0.21233615976649145,-0.47113581452952286,-0.5011792577748836,0,0
79.6887422048836,734.7683303247097,33.613559426012365,0.4809633950896987,-0.005220188071466198,0.19839489675151978,-0.014283011828057968,0,0,-0.4952464069177567,0.005220188071466198,-0.19839489675151978,-0.46719071592154615,-0.49526160986291856,0,0
77.79950406996568,1570.544100534677,323.12240163650586,0.4607725756005999,-0.008674440362840022,0.14048503499702208,-0.014283011828057968,0,0,-0.4750555874286579,0.008674440362840022,-0.14048503499702208,-0.4508033832422584,-0.47068061084398694,0,0
67.51788505098841,769.566351540633,48.854583701372256,0.43905595673277686,-0.01108301167781434,0.08043036354791336,-0.014283011828057968,0,0,-0.45333896856083483,0.01108301167781434,-0.08043036354791336,-0.43320217406820855,-0.44458226620660274,0,0
68.48157158520587,220.70517709223105,23.710579061410876,0.4167781103389519,-0.012182884047365812,0.018230882404193606,-0.014283011828057968,0,0,-0.43106112216700987,0.012182884047365812,-0.018230882404193606,-0.4152974957704682,-0.4178769833218375,0,0
176.198566643824,108.02276929750369,28.592015692053423,0.39447497665836456,-0.011895852338291966,-0.043968598739526146,-0.014283011828057968,0,0,-0.40875798848642253,0.011895852338291966,0.043968598739526146,-0.39739281747272787,-0.3911717004370722,0,0
110.36868736531008,239.3652489782259,22.075335325140372,0.3720086002932732,-0.010169815210069726,-0.10938529442516244,-0.014283011828057968,0,0,-0.3862916121213312,0.010169815210069726,0.10938529442516244,-0.3794881391749875,-0.3640112138667712,0,0
100.52415418066585,581.6409617069837,22.80812501336112,0.349633185191099,-0.0069321003494754296,-0.17801920465271526,-0.014283011828057968,0,0,-0.36391619701915695,0.0069321003494754296,0.17801920465271526,-0.36173519543909244,-0.3365472581727797,0,0
63.680115630491734,851.4899528953961,24.61136879396949,0.3279478816515601,-0.002402870830283359,-0.23378425671260195,-0.014283011828057968,0,0,-0.34223089347961805,0.002402870830283359,0.23378425671260195,-0.3435270480176616,-0.3104489135353955,0,0
80.01189902085736,769.566351540633,25.25384320516452,0.3069294490080699,0.002985127941757857,-0.26810121182637836,-0.014283011828057968,0,0,-0.32121246083612787,-0.002985127941757857,0.26810121182637836,-0.32425675866331394,-0.2863231182019996,0,0
82.68751571021457,328.72509627198025,24.466187237839733,0.2859241475276231,0.008719275660839697,-0.2648839972844618,-0.014283011828057968,0,0,-0.30020715935568104,-0.008719275660839697,0.2648839972844618,-0.3022552471957517,-0.26477681041997314,0,0
70.2289601667081,1570.544100534677,26.71599641697457,0.26454878692906586,0.013930846070890972,-0.21340856461379717,-0.014283011828057968,0,0,-0.2788317987571238,-0.013930846070890972,0.21340856461379717,-0.27661210624390326,-0.24641692843669705,0,0
130.08105893503551,1570.544100534677,25.30418426932561,0.2422381986934717,0.01803156431903968,-0.1501366786227719,-0.014283011828057968,0,0,-0.25652121052152965,-0.01803156431903968,0.1501366786227719,-0.24945161967360224,-0.2282087810152662,0,0
122.29045980286173,209.13650375320472,21.740789092600608,0.2194884168344114,0.020752492512379848,-0.08793719747905218,-0.014283011828057968,0,0,-0.23377142866246936,-0.020752492512379848,0.08793719747905218,-0.22213939854145598,-0.20969716447014486,0,0
200.75362703878065,353.40072554933454,22.330509274381335,0.1967636125271139,0.02202105765000857,-0.02359290664072143,-0.014283011828057968,0,0,-0.21104662435517188,-0.02202105765000857,0.02359290664072143,-0.19482717740930972,-0.19148901704871402,0,0
58.694353098834746,254.878386734463,21.658147754059783,0.17430818868132472,0.021780235364192914,0.04504100358683136,-0.014283011828057968,0,0,-0.1885912005093827,-0.021780235364192914,-0.04504100358683136,-0.16751495627716345,-0.1738878078746642,0,0
119.42733126216413,248.42442609070224,23.298880234713614,0.15229567850542713,0.020089067672904463,0.10831288957785658,-0.014283011828057968,0,0,-0.1665786903334851,-0.020089067672904463,-0.10831288957785658,-0.14096140795424347,-0.1562865987006144,0,0
94.8539958627646,624.3377665398167,24.37002602209273,0.13005684314532484,0.01696844957809577,0.17051237072157632,-0.014283011828057968,0,0,-0.1443398549733828,-0.01696844957809577,-0.17051237072157632,-0.11410439050763298,-0.1382301858410288,0,0
101.5330368193872,448.2028325964311,24.954583122703667,0.11249585091236677,0.01347716661340212,0.22198780339224095,-0.014283011828057968,0,0,-0.12677886274042474,-0.01347716661340212,-0.22198780339224095,-0.09255808272560648,-0.12396713702757464,0,0
102.56164513946942,1570.544100534677,26.661827824936275,0.09147741826887658,0.008089167841360911,0.27989766514673864,-0.014283011828057968,0,0,-0.10576043009693455,-0.008089167841360911,-0.27989766514673864,-0.06676320721191278,-0.10636592785352483,0,0
83.03372126641216,407.8990969411948,25.354659483658537,0.07125141144214081,0.002110596117793004,0.2949113330090158,-0.014283011828057968,0,0,-0.08553442327019878,-0.002110596117793004,-0.2949113330090158,-0.044609961182505264,-0.0863369656899509,0,0
112.19442975602797,1411.3480414449798,29.196701571220196,0.05155232127498686,-0.003506066336028707,0.2605943778952394,-0.014283011828057968,0,0,-0.06583533310304482,0.003506066336028707,-0.2605943778952394,-0.026553548322919677,-0.0634250468513171,0,0
106.88588226030939,955.6520228707801,29.882946467274657,0.0373137321792828,-0.0069210371174517876,0.2101913500718803,-0.014283011828057968,0,0,-0.05159674400734077,0.0069210371174517876,-0.2101913500718803,-0.015476925308215915,-0.045216899429886256,0,0
94.40905615911757,624.3377665398167,29.81961893815634,0.023580097833244017,-0.00942246726122267,0.15013667862277158,-0.014283011828057968,0,0,-0.037863109661301984,0.00942246726122267,-0.15013667862277158,-0.005765913350119466,-0.027008752008455414,0,0
129.25786434407527,242.3065498311679,52.30584039894111,0.015152060217583165,-0.01050389827208779,0.10509567503594004,-0.014283011828057968,0,0,-0.029435072045641133,0.01050389827208779,-0.10509567503594004,-0.0004552036855354699,-0.015325190746370624,0,0
146.92774685951784,209.13650375320472,58.32507928939602,0.007660868989250965,-0.011047114718713827,0.03967897935030376,-0.014283011828057968,0,0,-0.021943880817308935,0.011047114718713827,-0.03967897935030376,0.0024277529895244134,-0.0031864257987500623,0,0
562.6000187683081,769.566351540633,33.76461132687016,0.0031089603927460943,-0.011081285782495513,-0.024665311488027017,-0.014283011828057968,0,0,-0.01739197222080406,0.011081285782495513,0.024665311488027017,0.0024277529895244134,0.005917647911965359,0,0
170.27879631253745,1093.1463157010076,26.500217937724948,-0.00022531367540217818,-0.01092025463170139,-0.07185112476946959,-0.014283011828057968,0,0,-0.01405769815265579,0.01092025463170139,0.07185112476946959,0.0024277529895244134,0.012593968633156668,0,0
116.69355260679126,223.1819809443389,22.85218781026422,-0.0023415881956719087,-0.010735961122596867,-0.10187846049402395,-0.014283011828057968,0,0,-0.01194142363238606,0.010735961122596867,0.10187846049402395,0.0024277529895244134,0.016842536364823864,0,0
170.27879631253745,471.8179059817352,23.61828058878553,-0.003246660480692711,-0.010637544964428505,-0.1147473186616901,-0.014283011828057968,0,0,-0.011036351347365256,0.010637544964428505,0.1147473186616901,0.0024277529895244134,0.018663351106966947,0,0
168.8620920208621,648.3999468665874,23.074145052998297,-0.003397378480151992,-0.010620010372977193,-0.11689212835630114,-0.014283011828057968,0,0,-0.010885633347905975,0.010620010372977193,0.11689212835630114,0.0024277529895244134,0.01896682023065746,0,0
180.92431015592842,1570.544100534677,23.896588216502984,-0.003397378480151992,-0.010620010372977193,-0.11689212835630114,-0.014283011828057968,0,0,-0.010885633347905975,0.010620010372977193,0.11689212835630114,0.0024277529895244134,0.01896682023065746,0,0
103.08353533160607,437.33222201576723,21.865492873548824,-0.003397378480151992,-0.010620010372977193,-0.11689212835630114,-0.014283011828057968,0,0,-0.010885633347905975,0.010620010372977193,0.11689212835630114,0.0024277529895244134,0.01896682023065746,0,0
159.58252707905322,562.6000187683081,22.37340035638271,-0.003397378480151992,-0.010620010372977193,-0.11689212835630114,-0.014283011828057968,0,0,-0.010885633347905975,0.010620010372977193,0.11689212835630114,0.0024277529895244134,0.01896682023065746,0,0
213.60849807698625,1570.544100534677,24.22671386331148,-0.003397378480151992,-0.010620010372977193,-0.11689212835630114,-0.014283011828057968,0,0,-0.010885633347905975,0.010620010372977193,0.11689212835630114,0.0024277529895244134,0.01896682023065746,0,0
100.52415418066585,648.3999468665874,23.029533090035137,-0.003397378480151992,-0.010620010372977193,-0.11689212835630114,-0.014283011828057968,0,0,-0.010885633347905975,0.010620010372977193,0.11689212835630114,0.0024277529895244134,0.01896682023065746,0,0
