FDist,LDist,RDist,XEst,YEst,ThetaEst,XDes,YDes,ThetaDes,XError,YError,ThetaError,SL,SR,RW,LW
648.3999468665874,346.8640580657511,30.724001887465562,0.0,0.0,0.0,0,0,0,0.0,0.0,0.0,0.0,0.0,0,0
360.20900612823414,312.50933522689996,30.396551423726756,0.0,0.0,0.0,0,0,0,0.0,0.0,0.0,0.0,0.0,0,0
382.4520830402873,198.76603234393832,28.592015692053423,0.0,0.0,0.0,0,0,0,0.0,0.0,0.0,0.0,0.0,0,0
648.3999468665874,390.5444991736698,29.381623897205223,0.0,0.0,0.0,0,0,0,0.0,0.0,0.0,0.0,0.0,0,0
624.3377665398167,562.6000187683081,28.6516875778294,0.0,0.0,0.0,0,0,0,0.0,0.0,0.0,0.0,0.0,0,0
900.238757316699,399.01729906632625,30.526926956734627,0.0,0.0,0.0,0,0,0,0.0,0.0,0.0,0.0,0.0,0,0
955.6520228707801,194.9110753588243,30.526926956734627,0.0,0.0,0.0,0,0,0,0.0,0.0,0.0,0.0,0.0,0,0
1284.2268420173286,448.2028325964311,29.443633183885872,0.0,0.0,0.0,0,0,0,0.0,0.0,0.0,0.0,0.0,0,0
648.3999468665874,624.3377665398167,30.13818450719404,0.0,0.0,0.0,0,0,0,0.0,0.0,0.0,0.0,0.0,0,0
407.8990969411948,204.85569342211394,29.196701571220196,0.0,0.0,0.0,0,0,0,0.0,0.0,0.0,0.0,0.0,0,0
769.566351540633,399.01729906632625,30.01017807866701,0.0,0.0,0.0,0,0,0,0.0,0.0,0.0,0.0,0.0,0,0
346.8640580657511,154.7323071690459,29.381623897205223,0.0,0.0,0.0,0,0,0,0.0,0.0,0.0,0.0,0.0,0,0
399.01729906632625,187.6483042942066,29.31979943667244,0.0,0.0,0.0,1.0,0,0,1.0,0.0,0.0,0.0,0.0,0,0
674.6059938250444,390.5444991736698,29.443633183885872,0.0050072405408934815,0.0,0.0,1.0,0,0,0.9949927594591065,0.0,0.0,-0.0050072405408934815,-0.0050072405408934815,0,0
471.8179059817352,288.9697116820819,37.100676960883916,0.026098296125663306,4.52363698533951e-05,0.0042896193892220415,1.0,0,0,0.9739017038743367,-4.52363698533951e-05,-0.0042896193892220415,-0.025794875513693694,-0.02640181376107472,0,0
176.198566643824,437.33222201576723,90.57673222463723,0.048478754694439144,0.0001772429180497156,0.007506833931138586,1.0,0,0,0.9515212453055608,-0.0001772429180497156,-0.007506833931138586,-0.04794812154310121,-0.049010263476018015,0,0
245.3252030939217,193.04122344313365,60.213094273732246,0.07070732795394238,0.0003321926208403732,0.006434429083833063,1.0,0,0,0.9292926720460576,-0.0003321926208403732,-0.006434429083833063,-0.070253102134354,-0.07116350950542553,0,0
236.49825525583836,182.55823066529945,40.06929243145368,0.0933153096543661,0.0004776640834231175,0.006434429083833063,1.0,0,0,0.9066846903456339,-0.0004776640834231175,-0.006434429083833063,-0.09286155184929729,-0.09377195922036882,0,0
1284.2268420173286,179.3202830877122,33.5384100204288,0.11592312235034029,0.0006473803668721628,0.008579238778444109,1.0,0,0,0.8840768776496597,-0.0006473803668721628,-0.008579238778444109,-0.11531826700239532,-0.11653214349715738,0,0
900.238757316699,223.1819809443389,30.13818450719404,0.13815169560984353,0.0008023300696628208,0.00536202423652759,1.0,0,0,0.8618483043901565,-0.0008023300696628208,-0.00536202423652759,-0.13777498215549336,-0.13853365496471964,0,0
382.4520830402873,138.92864283985838,32.44038053928213,0.16030462317265945,0.0009211157425811895,0.00536202423652759,1.0,0,0,0.8396953768273405,-0.0009211157425811895,-0.00536202423652759,-0.15992822818490088,-0.16068690099412716,0,0
1019.267059271828,196.81893899271049,28.473193408840125,0.18245724500898314,0.0010874149196520666,0.00965164362574963,1.0,0,0,0.8175427549910168,-0.0010874149196520666,-0.00965164362574963,-0.1817780050906179,-0.18314361614722519,0,0
1284.2268420173286,346.8640580657511,28.29625192435787,0.2046094592121716,0.0013012268358648365,0.00965164362574963,1.0,0,0,0.7953905407878283,-0.0013012268358648365,-0.00965164362574963,-0.20393125112002541,-0.2052968621766327,0,0
288.9697116820819,340.5824855543227,23.849908233631425,0.22676208104849532,0.0014675260129357135,0.005362024236527589,1.0,0,0,0.7732379189515046,-0.0014675260129357135,-0.005362024236527589,-0.22638796627312346,-0.22714663908234972,0,0
900.238757316699,248.42442609070224,22.76417078542179,0.24921858959076065,0.0015638564782472209,0.0032172145419165684,1.0,0,0,0.7507814104092394,-0.0015638564782472209,-0.0032172145419165684,-0.24899641598806677,-0.2494516196736025,0,0
280.5772654118684,218.28532251964043,23.61828058878553,0.2714476997055109,0.001575775782108713,-0.0021448096946109956,1.0,0,0,0.7285523002944891,-0.001575775782108713,0.0021448096946109956,-0.27160486570301007,-0.2713013965793195,0,0
360.20900612823414,185.91929651913173,24.70878894042906,0.29390436320584135,0.0015276104386676885,-0.0021448096946109956,1.0,0,0,0.7060956367941587,-0.0015276104386676885,0.0021448096946109956,-0.2940615808561081,-0.29375811173241756,0,0
1284.2268420173286,225.71785045590883,26.934181235571288,0.31628513064324504,0.0014676071861875854,-0.003217214541916494,1.0,0,0,0.683714869356755,-0.0014676071861875854,0.003217214541916494,-0.31651829600920617,-0.31606309232367036,0,0
1411.3480414449798,242.3065498311679,23.389564303261636,0.3386659495588915,0.0014316052070967565,4.9873299934333204e-17,1.0,0,0,0.6613340504411085,-0.0014316052070967565,-4.9873299934333204e-17,-0.3386715420386137,-0.33867154203861366,0,0
528.3325926770696,194.9110753588243,21.33147560417641,0.36059156537794856,0.0013963354716484532,-0.003217214541916469,1.0,0,0,0.6394084346220514,-0.0013963354716484532,0.003217214541916469,-0.36082478806802126,-0.3603695843824854,0,0
302.6164596847404,168.8620920208621,21.29107368585003,0.38251705511900896,0.0013140395800102622,-0.004289619389221992,1.0,0,0,0.6174829448809911,-0.0013140395800102622,0.004289619389221992,-0.38282629953558356,-0.3822193612882024,0,0
900.238757316699,261.6981137825328,24.131786407761517,0.4044426205068384,0.0012552567326653478,-0.001072404847305473,1.0,0,0,0.5955573794931617,-0.0012552567326653478,0.001072404847305473,-0.4045243418794553,-0.40437260731760993,0,0
399.01729906632625,204.85569342211394,26.553939227512814,0.42667170505695506,0.0012194988347886937,-0.0021448096946109956,1.0,0,0,0.5733282949430449,-0.0012194988347886937,0.0021448096946109956,-0.4268293224707081,-0.4265258533470175,0,0
323.12240163650586,317.7208243859324,25.55791304847336,0.4485972704447845,0.0011607159874437788,-0.003217214541916518,1.0,0,0,0.5514027295552155,-0.0011607159874437788,0.003217214541916518,-0.4488308339382704,-0.44837563025273447,0,0
184.22292190812155,129.25786434407527,37.18822146772475,0.4707504018260432,0.001231987609770971,0.00965164362574963,1.0,0,0,0.5292495981739568,-0.001231987609770971,-0.00965164362574963,-0.4700736725966064,-0.4714392836532135,0,0
167.46934895889862,239.3652489782259,28.237612839164704,0.49290149505100184,0.00154082183496649,0.018230882404193714,1.0,0,0,0.5070985049489982,-0.00154082183496649,-0.018230882404193714,-0.49161998037863286,-0.4941994679300021,0,0
109.77294326259755,236.49825525583836,624.3377665398167,0.5152008196393362,0.00204309873098147,0.026810121182637797,1.0,0,0,0.48479918036066383,-0.00204309873098147,-0.026810121182637797,-0.5133180227225046,-0.5171113867686359,0,0
360.20900612823414,288.9697116820819,47.01299362275322,0.537573942995791,0.0026310636570759786,0.025737716335332297,1.0,0,0,0.462426057004209,-0.0026310636570759786,-0.025737716335332297,-0.5357747378756026,-0.5394163673598886,0,0
193.04122344313365,184.22292190812155,32.369070457727666,0.5597953841599986,0.003215042380281711,0.02681012118263782,1.0,0,0,0.44020461584000137,-0.003215042380281711,-0.02681012118263782,-0.5579279839050101,-0.5617213479511414,0,0
160.8439044330725,307.4777105974586,32.44038053928213,0.5817146459488549,0.003744037305314132,0.02144809694611028,1.0,0,0,0.4182853540511451,-0.003744037305314132,-0.02144809694611028,-0.5802329644962628,-0.5832676557331679,0,0
145.87739303694283,459.67991945810627,26.446644470518727,0.6036354961877143,0.00420251064655151,0.020375692098804757,1.0,0,0,0.3963645038122857,-0.00420251064655151,-0.020375692098804757,-0.6022344759638251,-0.6051174326388848,0,0
167.46934895889862,194.9110753588243,36.411556150709906,0.6255568254904535,0.004637475702607483,0.019303287251499233,1.0,0,0,0.37444317450954645,-0.004637475702607483,-0.019303287251499233,-0.6242359874313873,-0.6269672095446018,0,0
239.3652489782259,167.46934895889862,37.81003834541127,0.6477845295649105,0.0048877758062209585,0.003217214541916563,1.0,0,0,0.3522154704350895,-0.0048877758062209585,-0.003217214541916563,-0.6476031099555569,-0.6480583136410926,0,0
211.34777997197892,265.2554052777127,28.831755768193197,0.6697857247471593,0.004769803733802032,-0.013941263014971651,1.0,0,0,0.33021427525284075,-0.004769803733802032,0.013941263014971651,-0.6708184979178813,-0.6688459486138928,0,0
261.6981137825328,528.3325926770696,32.369070457727666,0.6919343722670658,0.004318447246754557,-0.0268101211826378,1.0,0,0,0.3080656277329342,-0.004318447246754557,0.0268101211826378,-0.6938821513183604,-0.6900887872722288,0,0
265.2554052777127,1411.3480414449798,33.16637689226863,0.7138504824829814,0.0036719288765892505,-0.03217214541916534,1.0,0,0,0.28614951751701856,-0.0036719288765892505,0.03217214541916534,-0.7161871319096131,-0.7116350950542553,0,0
118.73212177360972,602.1580731583105,30.922914202681703,0.7314419661235355,0.0030868923710848113,-0.03431695511377636,1.0,0,0,0.2685580338764645,-0.0030868923710848113,0.03431695511377636,-0.7339400756455082,-0.7290845696664598,0,0
193.04122344313365,581.6409617069837,32.51192153438282,0.7535829713952674,0.002350553321053362,-0.03217214541916534,1.0,0,0,0.24641702860473258,-0.002350553321053362,0.03217214541916534,-0.7559415871130705,-0.7513895502577126,0,0
206.97300472647143,198.76603234393832,30.790100524402142,0.7757288803418632,0.0017804423068169817,-0.019303287251499192,1.0,0,0,0.22427111965813684,-0.0017804423068169817,0.019303287251499192,-0.7771844257714065,-0.7744532036581917,0,0
134.3591943699604,204.85569342211394,29.56820969111582,0.7975001575707286,0.0014418744811155889,-0.011796453320360606,1.0,0,0,0.20249984242927144,-0.0014418744811155889,0.011796453320360606,-0.7984272644297424,-0.7967581842494444,0,0
120.84213728458607,213.60849807698625,31.056556411796677,0.8193494821671112,0.0013012846112369636,-0.0010724048473055026,1.0,0,0,0.18065051783288877,-0.0013012846112369636,0.0010724048473055026,-0.8195183685262332,-0.8193666339643877,0,0
129.25786434407527,236.49825525583836,29.31979943667244,0.8411226875138726,0.0014764110697531136,0.01715847755688821,1.0,0,0,0.15887731248612735,-0.0014764110697531136,-0.01715847755688821,-0.8400025343753429,-0.8424302873648668,0,0
123.77355272308415,284.7075611688845,35.82448132093792,0.8632679723362964,0.0020702711317109705,0.03646176480838745,1.0,0,0,0.13673202766370363,-0.0020702711317109705,-0.03646176480838745,-0.8607901693481431,-0.8659491444508817,0,0
128.44498763419128,164.75326598182954,42.118643758499466,0.885175889169352,0.002951777249127464,0.043968598739526035,1.0,0,0,0.11482411083064803,-0.002951777249127464,-0.043968598739526035,-0.8821847425683244,-0.8884058596039797,0,0
206.97300472647143,242.3065498311679,102.04483787812359,0.9069990856367723,0.0040292032437901325,0.05469264721258114,1.0,0,0,0.09300091436322766,-0.0040292032437901325,-0.05469264721258114,-0.9032758466648151,-0.9110143093189229,0,0
312.50933522689996,448.2028325964311,64.3287418393918,0.9284355062890376,0.0052373774574602,0.05790986175449768,1.0,0,0,0.0715644937109624,-0.0052373774574602,-0.05790986175449768,-0.9245186853231511,-0.9327123516627946,0,0
312.50933522689996,340.5824855543227,71.00273031673345,0.9482089738826418,0.006288020060382374,0.04825821812874807,1.0,0,0,0.051791026117358197,-0.006288020060382374,-0.04825821812874807,-0.9450028511722608,-0.951830906455297,0,0
407.8990969411948,245.3252030939217,75.40573089722304,0.9635214413069569,0.0069123699558264915,0.0332445502664709,1.0,0,0,0.03647855869304306,-0.0069123699558264915,-0.0332445502664709,-0.9613901838515485,-0.9660939552687512,0,0
624.3377665398167,459.67991945810627,70.74309622023037,0.9752771357452098,0.007208693988818088,0.017158477556888204,1.0,0,0,0.0247228642547902,-0.007208693988818088,-0.017158477556888204,-0.9742876216083953,-0.9767153745979191,0,0
239.3652489782259,206.97300472647143,69.7215507122142,0.9836223638896615,0.007262391508563396,-0.004289619389222059,1.0,0,0,0.01637763611033849,-0.007262391508563396,0.004289619389222059,-0.984150368128337,-0.9835434298809557,0,0
284.7075611688845,360.20900612823414,62.624502623767405,0.9883255267419604,0.007186729562704924,-0.027882526029943344,1.0,0,0,0.011674473258039608,-0.007186729562704924,0.027882526029943344,-0.9905232197258378,-0.9865781211178608,0,0
230.97580043058096,254.878386734463,55.679217725074686,0.9899175192710274,0.00712438270929552,-0.05040302782335912,1.0,0,0,0.010082480728972554,-0.00712438270929552,0.05040302782335912,-0.9937096455245882,-0.9865781211178608,0,0
399.01729906632625,528.3325926770696,53.867377246779164,0.9901448133277786,0.007112550101935239,-0.053620242365275655,1.0,0,0,0.009855186672221405,-0.007112550101935239,0.053620242365275655,-0.9941648492101239,-0.9865781211178608,0,0
218.28532251964043,312.50933522689996,51.702600387636146,0.9901448133277786,0.007112550101935239,-0.053620242365275655,1.0,0,0,0.009855186672221405,-0.007112550101935239,0.053620242365275655,-0.9941648492101239,-0.9865781211178608,0,0
407.8990969411948,648.3999468665874,54.027895775402335,0.9901448133277786,0.007112550101935239,-0.053620242365275655,1.0,0,0,0.009855186672221405,-0.007112550101935239,0.053620242365275655,-0.9941648492101239,-0.9865781211178608,0,0
900.238757316699,1093.1463157010076,54.842902515546676,0.9901448133277786,0.007112550101935239,-0.053620242365275655,1.0,0,0,0.009855186672221405,-0.007112550101935239,0.053620242365275655,-0.9941648492101239,-0.9865781211178608,0,0
734.7683303247097,734.7683303247097,54.351395854975586,0.9901448133277786,0.007112550101935239,-0.053620242365275655,1.0,0,0,0.009855186672221405,-0.007112550101935239,0.053620242365275655,-0.9941648492101239,-0.9865781211178608,0,0
528.3325926770696,248.42442609070224,68.72637072202204,0.9901448133277786,0.007112550101935239,-0.053620242365275655,1.0,0,0,0.009855186672221405,-0.007112550101935239,0.053620242365275655,-0.9941648492101239,-0.9865781211178608,0,0
1284.2268420173286,851.4899528953961,67.99665713203012,0.9901448133277786,0.007112550101935239,-0.053620242365275655,1.0,0,0,0.009855186672221405,-0.007112550101935239,0.053620242365275655,-0.9941648492101239,-0.9865781211178608,0,0
512.8513118946122,602.1580731583105,64.54756552171673,0.9901448133277786,0.007112550101935239,-0.053620242365275655,1.0,0,0,0.009855186672221405,-0.007112550101935239,0.053620242365275655,-0.9941648492101239,-0.9865781211178608,0,0
648.3999468665874,268.9169663380496,72.05879380612686,0.9901448133277786,0.007112550101935239,-0.053620242365275655,1.0,0,0,0.009855186672221405,-0.007112550101935239,0.053620242365275655,-0.9941648492101239,-0.9865781211178608,0,0
1093.1463157010076,353.40072554933454,77.18804967871625,0.9900690529155426,0.007116575552521148,-0.05254783751797014,1.0,0,0,0.009930947084457409,-0.007116575552521148,0.05254783751797014,-0.9940131146482787,-0.9865781211178608,0,0
1093.1463157010076,1411.3480414449798,82.00312876373096,0.9900690529155426,0.007116575552521148,-0.05254783751797014,-0.009930947084457409,0,0,-1.0,-0.007116575552521148,0.05254783751797014,-0.9940131146482787,-0.9865781211178608,0,0
562.6000187683081,602.1580731583105,66.81098138696464,0.9852948557371523,0.00734458297886945,-0.042896193892220526,-0.009930947084457409,0,0,-0.9952258028216097,-0.00734458297886945,0.042896193892220526,-0.9885506704218494,-0.9824812879480389,0,0
512.8513118946122,360.20900612823414,70.2289601667081,0.9653432782122432,0.007590651391369641,0.018230882404193703,-0.009930947084457409,0,0,-0.9752742252967006,-0.007590651391369641,-0.018230882404193703,-0.9642731405266083,-0.9668526280779774,0,0
236.49825525583836,302.6164596847404,140.84502956740286,0.9437468381120704,0.0065360284955115425,0.07935795870060797,-0.009930947084457409,0,0,-0.9536777851965278,-0.0065360284955115425,-0.07935795870060797,-0.9383265304510693,-0.9495548880276181,0,0
196.81893899271049,1019.267059271828,96.67455639633857,0.9220894191072765,0.004286730293959668,0.12761617682935605,-0.009930947084457409,0,0,-0.9320203661917339,-0.004286730293959668,-0.12761617682935605,-0.9131385931847567,-0.931195006044342,0,0
114.0802412881919,239.3652489782259,72.59760196071355,0.900147819822963,0.001231811230207679,0.1490642737754663,-0.009930947084457409,0,0,-0.9100787669074204,-0.001231811230207679,-0.1490642737754663,-0.8894680015368965,-0.910559105633387,0,0
159.58252707905322,242.3065498311679,65.43626790658098,0.8783100226360464,-0.0020118389400710915,0.14584705923354976,-0.009930947084457409,0,0,-0.8882409697205038,0.0020118389400710915,-0.14584705923354976,-0.8676182246311795,-0.8882541250421343,0,0
117.36537105675751,512.8513118946122,64.98920973082122,0.8566594115235968,-0.004955270489653604,0.12439896228743953,-0.009930947084457409,0,0,-0.8665903586080542,0.004955270489653604,-0.12439896228743953,-0.8472857933439151,-0.8648870025179647,0,0
104.1428794944386,1411.3480414449798,36.07430705116846,0.834918212265579,-0.007130817697317302,0.07506833931138593,-0.009930947084457409,0,0,-0.8448491593500365,0.007130817697317302,-0.07506833931138593,-0.828925911360639,-0.8395473306898068,0,0
150.1726803268919,261.6981137825328,41.279376340133794,0.8124876412616725,-0.008214118166295937,0.021448096946110287,-0.009930947084457409,0,0,-0.8224185883461299,0.008214118166295937,-0.021448096946110287,-0.8102625602536724,-0.8132972514905773,0,0
346.8640580657511,233.7026839645806,32.65570094258199,0.7903350194253488,-0.008047818989225061,-0.0364617648083874,-0.009930947084457409,0,0,-0.8002659665098062,0.008047818989225061,0.0364617648083874,-0.7922061473940868,-0.7870471722913478,0,0
1284.2268420173286,1411.3480414449798,51.405375698086,0.7677749271295385,-0.006569903525592149,-0.09437162656288511,-0.009930947084457409,0,0,-0.777705874213996,0.006569903525592149,0.09437162656288511,-0.7736945308489654,-0.7603418894065825,0,0
1093.1463157010076,1019.267059271828,40.869665833746936,0.7456277884985328,-0.0039210529002874864,-0.14370224953893873,-0.009930947084457409,0,0,-0.7555587355829902,0.0039210529002874864,0.14370224953893873,-0.7548794451801536,-0.7345470138928889,0,0
152.41788953728954,346.8640580657511,48.18335473866846,0.7238335404601381,-0.0003966515546712226,-0.17694679980540964,-0.009930947084457409,0,0,-0.7337644875445956,0.0003966515546712226,0.17694679980540964,-0.7351539521402701,-0.7101177494358025,0,0
98.56325615049124,900.238757316699,59.445249703111536,0.7018257730880421,0.0036728111584102318,-0.18874325312577028,-0.009930947084457409,0,0,-0.7117567201724995,-0.0036728111584102318,0.18874325312577028,-0.7136076443582436,-0.6869023614734782,0,0
134.3591943699604,1411.3480414449798,52.30584039894111,0.6798093281197003,0.007695062074680316,-0.17265718041618758,-0.009930947084457409,0,0,-0.6897402752041577,-0.007695062074680316,0.17265718041618758,-0.6900887872722288,-0.6656595228151422,0,0
471.8179059817352,312.50933522689996,51.405375698086,0.65753933853255,0.011125052589849825,-0.1329782010658836,-0.009930947084457409,0,0,-0.6674702856170074,-0.011125052589849825,0.1329782010658836,-0.6647491154440709,-0.6459340297752587,0,0
317.7208243859324,1411.3480414449798,49.12744338052328,0.6348996639989386,0.013464096267407286,-0.0729235296167749,-0.009930947084457409,0,0,-0.644830611083396,-0.013464096267407286,0.0729235296167749,-0.6377403634356151,-0.6274224132301374,0,0
154.7323071690459,459.67991945810627,43.76776822876407,0.6119304639974996,0.014388305103314543,-0.0075068339311385734,-0.009930947084457409,0,0,-0.621861411081957,-0.014388305103314543,0.0075068339311385734,-0.6101246731797784,-0.6090625312468613,0,0
168.8620920208621,1411.3480414449798,47.52728688645133,0.5886479170612682,0.013751454282275359,0.06219948114371976,-0.009930947084457409,0,0,-0.5985788641457256,-0.013751454282275359,-0.06219948114371976,-0.5819020446765606,-0.5907026492635852,0,0
137.0639518589543,328.72509627198025,43.76776822876407,0.565689233841791,0.01155350682950813,0.12868858167666156,-0.009930947084457409,0,0,-0.5756201809262484,-0.01155350682950813,-0.12868858167666156,-0.5541346198588786,-0.5723427672803091,0,0
204.85569342211394,1411.3480414449798,39.58151945793042,0.542919388659228,0.00788386671915137,0.1908880628203813,-0.009930947084457409,0,0,-0.5528503357436854,-0.00788386671915137,-0.1908880628203813,-0.5266706641648871,-0.5536794161733425,0,0
648.3999468665874,204.85569342211394,36.15817161555471,0.5255052159542946,0.004061159396303789,0.24129109064374038,-0.009930947084457409,0,0,-0.535436163038752,-0.004061159396303789,-0.24129109064374038,-0.5052760909447058,-0.5394163673598883,0,0
1180.1265773010464,1411.3480414449798,35.25166339646849,0.5045100890819785,-0.0014169506036689023,0.2691736166736837,-0.009930947084457409,0,0,-0.5144410361664359,0.0014169506036689023,-0.2691736166736837,-0.4816054992968457,-0.5196908743200048,0,0
624.3377665398167,624.3377665398167,36.07430705116846,0.4876594427183504,-0.005949045193361335,0.2563047585060176,-0.009930947084457409,0,0,-0.4975903898028078,0.005949045193361335,-0.2563047585060176,-0.4650664320557127,-0.5013309923367287,0,0
734.7683303247097,1411.3480414449798,108.6000844939372,0.4661635961723206,-0.010982854255452744,0.20375692098804743,-0.009930947084457409,0,0,-0.476094543256778,0.010982854255452744,-0.20375692098804743,-0.4467065500724366,-0.47553611682303504,0,0
769.566351540633,407.8990969411948,74.25900132173959,0.4438186483891321,-0.014892016075525023,0.1426298446916332,-0.009930947084457409,0,0,-0.4537495954735895,0.014892016075525023,-0.1426298446916332,-0.4283466680891605,-0.4485273648145793,0,0
211.34777997197892,1411.3480414449798,30.01017807866701,0.42119449282323607,-0.017376683707927235,0.07614074415869143,-0.009930947084457409,0,0,-0.4311254399076935,0.017376683707927235,-0.07614074415869143,-0.4102902552295749,-0.42106340912058776,0,0
399.01729906632625,307.4777105974586,29.196701571220196,0.39860684063598073,-0.018346202754000673,0.009651643625749662,-0.009930947084457409,0,0,-0.40853778772043814,0.018346202754000673,-0.009651643625749662,-0.39238557693183457,-0.3937511879884415,0,0
142.81538054950164,198.76603234393832,21.575898614386084,0.3755490356194717,-0.017826841609821918,-0.05469264721258113,-0.009930947084457409,0,0,-0.38547998270392914,0.017826841609821918,0.05469264721258113,-0.3738739603867132,-0.36613549773260473,0,0
145.87739303694283,1019.267059271828,22.632955363231254,0.3524233515537748,-0.015787975568414294,-0.12118174774552293,-0.009930947084457409,0,0,-0.3623542986382322,0.015787975568414294,0.12118174774552293,-0.3553623438415919,-0.33821633835307746,0,0
90.16911060094986,624.3377665398167,22.330509274381335,0.33000339570677834,-0.012334887474018055,-0.18445363373654822,-0.009930947084457409,0,0,-0.33993434279123574,0.012334887474018055,0.18445363373654822,-0.33715419642016103,-0.31105585178277645,0,0
104.1428794944386,1411.3480414449798,27.210360375618606,0.30784143659213153,-0.007494866216868885,-0.24558071003296245,-0.009930947084457409,0,0,-0.31777238367658894,0.007494866216868885,0.24558071003296245,-0.31879431443688494,-0.2840470997743207,0,0
60.40777364647001,258.2405371440609,31.737482110528177,0.28618697354858025,-0.001546060810499147,-0.290621713619794,-0.009930947084457409,0,0,-0.29611792063303766,0.001546060810499147,0.290621713619794,-0.2995240250825373,-0.25840395882247225,0,0
92.2427776670329,1180.1265773010464,28.06270908445,0.2647275294211947,0.004809614544730757,-0.28525968938326646,-0.009930947084457409,0,0,-0.2746584765056521,-0.004809614544730757,0.28525968938326646,-0.27676384080574873,-0.23640244735490998,0,0
85.53518482670935,1411.3480414449798,31.530946491144263,0.24752304126372662,0.009486375123693588,-0.24558071003296247,-0.009930947084457409,0,0,-0.257453988348184,-0.009486375123693588,0.24558071003296247,-0.25612794039479375,-0.22138072573222953,0,0
89.76495072901147,581.6409617069837,28.711534351575374,0.2249825940933948,0.014371080799464638,-0.18123641919463168,-0.009930947084457409,0,0,-0.2349135411778522,-0.014371080799464638,0.18123641919463168,-0.22851225013895698,-0.20286910918710818,0,0
139.88023555455067,851.4899528953961,30.922914202681703,0.20225156538181288,0.017797251313567904,-0.11796453320360643,-0.009930947084457409,0,0,-0.2121825124662703,-0.017797251313567904,0.11796453320360643,-0.20104829444496547,-0.18435749264198684,0,0
242.3065498311679,204.85569342211394,34.37905456167617,0.1795026798595482,0.019790604829966998,-0.05683745690719218,-0.009930947084457409,0,0,-0.18943362694400562,-0.019790604829966998,0.05683745690719218,-0.17388780787466446,-0.1658458760968655,0,0
323.12240163650586,170.27879631253745,31.39434006392785,0.15644604180833865,0.020359419345380353,0.007506833931138615,-0.009930947084457409,0,0,-0.16637698889279606,-0.020359419345380353,-0.007506833931138615,-0.1462721176188277,-0.14733425955174415,0,0
624.3377665398167,624.3377665398167,32.800418117764416,0.13362653700452082,0.019490252356259355,0.06863391022755287,-0.009930947084457409,0,0,-0.14355748408897823,-0.019490252356259355,-0.06863391022755287,-0.11911163104852668,-0.1288226430066228,0,0
245.3252030939217,220.70517709223105,37.54159736874482,0.11098189774479317,0.017199771814937488,0.13297820106588362,-0.009930947084457409,0,0,-0.12091284482925058,-0.017199771814937488,-0.13297820106588362,-0.09179940991638041,-0.11061449558519196,0,0
1284.2268420173286,382.4520830402873,35.495445821510074,0.08891551544773517,0.013461172639103836,0.20268451614074195,-0.009930947084457409,0,0,-0.09884646253219258,-0.013461172639103836,-0.20268451614074195,-0.06448718878423415,-0.0931650209729874,0,0
254.878386734463,624.3377665398167,32.94608262610615,0.0672994190485575,0.008276786945026303,0.26810121182637825,-0.009930947084457409,0,0,-0.07723036613301491,-0.008276786945026303,-0.26810121182637825,-0.037630171337623655,-0.07556381179893759,0,0
900.238757316699,1411.3480414449798,38.08145749517021,0.04728219098133565,0.002394924417227504,0.3034905717874602,-0.009930947084457409,0,0,-0.05721313806579306,-0.002394924417227504,-0.3034905717874602,-0.014263048813454075,-0.0572039298156615,0,0
194.9110753588243,417.22151175368833,31.39434006392785,0.031226366168669178,-0.002435363540441448,0.28097006999404445,-0.009930947084457409,0,0,-0.04115731325312659,0.002435363540441448,-0.28097006999404445,0.0009104073710716268,-0.0388440478323854,0,0
1284.2268420173286,1411.3480414449798,44.80786091202521,0.018883275503173154,-0.0056135804553826985,0.22306020823954675,-0.009930947084457409,0,0,-0.028814222587630563,0.0056135804553826985,-0.22306020823954675,0.009559277396251276,-0.022001511467561873,0,0
1284.2268420173286,340.5824855543227,28.592015692053423,0.011445367151880175,-0.007108893968896331,0.17372958526349316,-0.009930947084457409,0,0,-0.021376314236337582,0.007108893968896331,-0.17372958526349316,0.013656110566073215,-0.010924888452858111,0,0
769.566351540633,528.3325926770696,73.9772983740448,0.005436693886564102,-0.007965193685158857,0.10938529442516239,-0.009930947084457409,0,0,-0.015367640971021512,0.007965193685158857,-0.10938529442516239,0.015173456184525785,-0.00030346912369011957,0,0
353.40072554933454,242.3065498311679,84.44606393366254,0.0015046910826255052,-0.008286374283076242,0.05362024236527572,-0.009930947084457409,0,0,-0.011435638167082915,0.008286374283076242,-0.05362024236527572,0.015173456184525785,0.007586728092263245,0,0
602.1580731583105,734.7683303247097,32.72794171450513,-0.001604310990386288,-0.008384763321283042,0.00965164362574969,-0.009930947084457409,0,0,-0.00832663609407112,0.008384763321283042,-0.00965164362574969,0.015173456184525785,0.013807845127918782,0,0
900.238757316699,194.9110753588243,27.490449651671298,-0.0038044238666388283,-0.008371786406375608,-0.021448096946110187,-0.009930947084457409,0,0,-0.006126523217818581,0.008371786406375608,0.021448096946110187,0.015173456184525785,0.018208147421431238,0,0
151.28683687310368,191.20821604693444,25.71178945415557,-0.004714477369242459,-0.008346405238154676,-0.03431695511377634,-0.009930947084457409,0,0,-0.005216469715214949,0.008346405238154676,0.03431695511377634,0.015173456184525785,0.02002896216357432,0,0
544.8761250677193,346.8640580657511,26.71599641697457,-0.0047902985752207965,-0.008343761559168182,-0.03538935996108185,-0.009930947084457409,0,0,-0.005140648509236612,0.008343761559168182,0.03538935996108185,0.015173456184525785,0.02018069672541958,0,0
116.02925942608664,202.78305134967044,24.5628489666094,-0.0047902985752207965,-0.008343761559168182,-0.03538935996108185,-0.009930947084457409,0,0,-0.005140648509236612,0.008343761559168182,0.03538935996108185,0.015173456184525785,0.02018069672541958,0,0
448.2028325964311,448.2028325964311,26.934181235571288,-0.0047902985752207965,-0.008343761559168182,-0.03538935996108185,-0.009930947084457409,0,0,-0.005140648509236612,0.008343761559168182,0.03538935996108185,0.015173456184525785,0.02018069672541958,0,0
390.5444991736698,1180.1265773010464,26.989108340162986,-0.0047902985752207965,-0.008343761559168182,-0.03538935996108185,-0.009930947084457409,0,0,-0.005140648509236612,0.008343761559168182,0.03538935996108185,0.015173456184525785,0.02018069672541958,0,0
528.3325926770696,360.20900612823414,27.044189133291546,-0.0047902985752207965,-0.008343761559168182,-0.03538935996108185,-0.009930947084457409,0,0,-0.005140648509236612,0.008343761559168182,0.03538935996108185,0.015173456184525785,0.02018069672541958,0,0
220.70517709223105,213.60849807698625,25.763358222779125,-0.0047902985752207965,-0.008343761559168182,-0.03538935996108185,-0.009930947084457409,0,0,-0.005140648509236612,0.008343761559168182,0.03538935996108185,0.015173456184525785,0.02018069672541958,0,0
648.3999468665874,448.2028325964311,26.934181235571288,-0.0047902985752207965,-0.008343761559168182,-0.03538935996108185,-0.009930947084457409,0,0,-0.005140648509236612,0.008343761559168182,0.03538935996108185,0.015173456184525785,0.02018069672541958,0,0
471.8179059817352,334.5408252723781,25.053809401176977,-0.0047902985752207965,-0.008343761559168182,-0.03538935996108185,-0.009930947084457409,0,0,-0.005140648509236612,0.008343761559168182,0.03538935996108185,0.015173456184525785,0.02018069672541958,0,0
184.22292190812155,171.72011046907937,26.128272755325845,-0.0047902985752207965,-0.008343761559168182,-0.03538935996108185,-0.009930947084457409,0,0,-0.005140648509236612,0.008343761559168182,0.03538935996108185,0.015173456184525785,0.02018069672541958,0,0
353.40072554933454,512.8513118946122,26.770315400455452,-0.0047902985752207965,-0.008343761559168182,-0.03538935996108185,-0.009930947084457409,0,0,-0.005140648509236612,0.008343761559168182,0.03538935996108185,0.015173456184525785,0.02018069672541958,0,0
353.40072554933454,346.8640580657511,26.71599641697457,-0.0047902985752207965,-0.008343761559168182,-0.03538935996108185,-0.009930947084457409,0,0,-0.005140648509236612,0.008343761559168182,0.03538935996108185,0.015173456184525785,0.02018069672541958,0,0
390.5444991736698,334.5408252723781,25.203635736394993,-0.0047902985752207965,-0.008343761559168182,-0.03538935996108185,-0.009930947084457409,0,0,-0.005140648509236612,0.008343761559168182,0.03538935996108185,0.015173456184525785,0.02018069672541958,0,0
674.6059938250444,390.5444991736698,26.770315400455452,-0.0047902985752207965,-0.008343761559168182,-0.03538935996108185,-0.009930947084457409,0,0,-0.005140648509236612,0.008343761559168182,0.03538935996108185,0.015173456184525785,0.02018069672541958,0,0
399.01729906632625,346.8640580657511,26.87940715229901,-0.0047902985752207965,-0.008343761559168182,-0.03538935996108185,-0.009930947084457409,0,0,-0.005140648509236612,0.008343761559168182,0.03538935996108185,0.015173456184525785,0.02018069672541958,0,0
353.40072554933454,307.4777105974586,26.553939227512814,-0.0047902985752207965,-0.008343761559168182,-0.03538935996108185,-0.009930947084457409,0,0,-0.005140648509236612,0.008343761559168182,0.03538935996108185,0.015173456184525785,0.02018069672541958,0,0
367.3069052663625,293.3703955349555,26.075716529157752,-0.0047902985752207965,-0.008343761559168182,-0.03538935996108185,-0.009930947084457409,0,0,-0.005140648509236612,0.008343761559168182,0.03538935996108185,0.015173456184525785,0.02018069672541958,0,0
353.40072554933454,346.8640580657511,27.044189133291546,-0.0047902985752207965,-0.008343761559168182,-0.03538935996108185,-0.009930947084457409,0,0,-0.005140648509236612,0.008343761559168182,0.03538935996108185,0.015173456184525785,0.02018069672541958,0,0
407.8990969411948,437.33222201576723,26.824785427057037,-0.0047902985752207965,-0.008343761559168182,-0.03538935996108185,-0.009930947084457409,0,0,-0.005140648509236612,0.008343761559168182,0.03538935996108185,0.015173456184525785,0.02018069672541958,0,0
399.01729906632625,206.97300472647143,26.23381622464695,-0.0047902985752207965,-0.008343761559168182,-0.03538935996108185,-0.009930947084457409,0,0,-0.005140648509236612,0.008343761559168182,0.03538935996108185,0.015173456184525785,0.02018069672541958,0,0
141.82331249922515,143.82153882231913,24.037345561355124,-0.0047902985752207965,-0.008343761559168182,-0.03538935996108185,-0.009930947084457409,0,0,-0.005140648509236612,0.008343761559168182,0.03538935996108185,0.015173456184525785,0.02018069672541958,0,0
317.7208243859324,734.7683303247097,26.71599641697457,-0.0047902985752207965,-0.008343761559168182,-0.03538935996108185,-0.009930947084457409,0,0,-0.005140648509236612,0.008343761559168182,0.03538935996108185,0.015173456184525785,0.02018069672541958,0,0
149.07502982648927,602.1580731583105,26.446644470518727,-0.0047902985752207965,-0.008343761559168182,-0.03538935996108185,-0.009930947084457409,0,0,-0.005140648509236612,0.008343761559168182,0.03538935996108185,0.015173456184525785,0.02018069672541958,0,0
265.2554052777127,390.5444991736698,26.989108340162986,-0.0047902985752207965,-0.008343761559168182,-0.03538935996108185,-0.009930947084457409,0,0,-0.005140648509236612,0.008343761559168182,0.03538935996108185,0.015173456184525785,0.02018069672541958,0,0
1093.1463157010076,182.55823066529945,26.989108340162986,-0.0047902985752207965,-0.008343761559168182,-0.03538935996108185,-0.009930947084457409,0,0,-0.005140648509236612,0.008343761559168182,0.03538935996108185,0.015173456184525785,0.02018069672541958,0,0
955.6520228707801,225.71785045590883,27.099424286132248,-0.0047902985752207965,-0.008343761559168182,-0.03538935996108185,-0.009930947084457409,0,0,-0.005140648509236612,0.008343761559168182,0.03538935996108185,0.015173456184525785,0.02018069672541958,0,0
323.12240163650586,1411.3480414449798,26.71599641697457,-0.0047902985752207965,-0.008343761559168182,-0.03538935996108185,-0.009930947084457409,0,0,-0.005140648509236612,0.008343761559168182,0.03538935996108185,0.015173456184525785,0.02018069672541958,0,0
144.84210166738234,459.67991945810627,25.81506627835381,-0.0047902985752207965,-0.008343761559168182,-0.03538935996108185,-0.009930947084457409,0,0,-0.005140648509236612,0.008343761559168182,0.03538935996108185,0.015173456184525785,0.02018069672541958,0,0
265.2554052777127,1411.3480414449798,26.71599641697457,-0.0047902985752207965,-0.008343761559168182,-0.03538935996108185,-0.009930947084457409,0,0,-0.005140648509236612,0.008343761559168182,0.03538935996108185,0.015173456184525785,0.02018069672541958,0,0
459.67991945810627,851.4899528953961,26.824785427057037,-0.0047902985752207965,-0.008343761559168182,-0.03538935996108185,-0.009930947084457409,0,0,-0.005140648509236612,0.008343761559168182,0.03538935996108185,0.015173456184525785,0.02018069672541958,0,0
