FDist,LDist,RDist,XEst,YEst,ThetaEst,XDes,YDes,ThetaDes,XError,YError,ThetaError,SL,SR,RW,LW
174.67928447558052,18.3055648241262,39.48508308650554,0.0,0.0,0.0,0,0,0,0.0,0.0,0.0,0.0,0.0,0,0
132.61463364415852,16.767421832471115,37.99065036400073,0.0,0.0,0.0,0,0,0,0.0,0.0,0.0,0.0,0.0,0,0
184.22292190812155,18.138076919253407,40.66722061663911,0.0,0.0,0.0,0,0,0,0.0,0.0,0.0,0.0,0.0,0,0
512.8513118946122,18.03843055896276,40.76824443801301,0.0,0.0,0.0,0,0,0,0.0,0.0,0.0,0.0,0.0,0,0
703.2691653992177,18.339276104241605,40.167981003823776,0.0,0.0,0.0,0,0,0,0.0,0.0,0.0,0.0,0.0,0,0
1284.2268420173286,18.138076919253407,39.67832560006777,0.0,0.0,0.0,0,0,0,0.0,0.0,0.0,0.0,0.0,0,0
1019.267059271828,18.204859322179495,41.176340005486864,0.0,0.0,0.0,0,0,0,0.0,0.0,0.0,0.0,0.0,0,0
284.7075611688845,17.710771354120418,37.452770077611675,0.0,0.0,0.0,0,0,0,0.0,0.0,0.0,0.0,0.0,0,0
1411.3480414449798,18.071576020988715,38.08145749517021,0.0,0.0,0.0,0,0,0,0.0,0.0,0.0,0.0,0.0,0,0
1411.3480414449798,18.373059168895537,41.38282267374021,0.0,0.0,0.0,0,0,0,0.0,0.0,0.0,0.0,0.0,0,0
1180.1265773010464,18.104791397724426,41.69564725646781,0.0,0.0,0.0,0,0,0,0.0,0.0,0.0,0.0,0.0,0,0
1284.2268420173286,18.00535478258695,40.36651046494504,0.0,0.0,0.0,0,0,0,0.0,0.0,0.0,0.0,0.0,0,0
280.5772654118684,17.646055992159724,39.77550372711136,0.0,0.0,0.0,0.3,0,0,0.3,0.0,0.0,0.0,0.0,0,0
1284.2268420173286,18.00535478258695,40.56659194626288,0.007105885763355164,7.651946001608625e-06,0.002153691544928897,0.3,0,0,0.2928941142366448,-7.651946001608625e-06,-0.002153691544928897,-0.0069547007368844045,-0.007257079029792422,0,0
512.8513118946122,17.678380057162876,37.72022963544492,0.03522680613034594,0.00012878027198266287,0.006461074634786703,0.3,0,0,0.26477319386965403,-0.00012878027198266287,-0.006461074634786703,-0.03477350368442202,-0.03568063856314607,0,0
471.8179059817352,17.51742772173086,37.900177953656964,0.06508568872108615,0.0003699361014843295,0.009691611952180063,0.3,0,0,0.23491431127891382,-0.0003699361014843295,-0.009691611952180063,-0.06440657638940775,-0.06576727870749383,0,0
703.2691653992177,18.204859322179495,40.56659194626288,0.09441468256060209,0.0006857763400904141,0.011845303497108954,0.3,0,0,0.2055853174393979,-0.0006857763400904141,-0.011845303497108954,-0.09358608165503145,-0.09524916226602553,0,0
1180.1265773010464,17.972348463819834,40.66722061663911,0.12344015435963979,0.0010921303208935342,0.01615268658696676,0.3,0,0,0.1765598456403602,-0.0010921303208935342,-0.01615268658696676,-0.12231201948129311,-0.12457985667810324,0,0
1284.2268420173286,17.906543292002304,40.76824443801301,0.15110313225667785,0.001598595831956599,0.02046006967682454,0.3,0,0,0.14889686774332214,-0.001598595831956599,-0.02046006967682454,-0.1496772549894687,-0.15254984877209488,0,0
851.4899528953961,18.071576020988715,40.66722061663911,0.17249215142642266,0.0020247566956514596,0.019383223904360095,0.3,0,0,0.12750784857357733,-0.0020247566956514596,-0.019383223904360095,-0.17114611378593797,-0.17386751842211012,0,0
382.4520830402873,17.51742772173086,37.900177953656964,0.1980388359324305,0.00249247621133265,0.017229532359431154,0.3,0,0,0.1019611640675695,-0.00249247621133265,-0.017229532359431154,-0.19684826868311947,-0.1992672950263836,0,0
734.7683303247097,17.972348463819834,41.176340005486864,0.22252907776286854,0.0028353373826352814,0.010768457724644458,0.3,0,0,0.07747092223713145,-0.0028353373826352814,-0.010768457724644458,-0.2217944778480309,-0.223306369312571,0,0
1284.2268420173286,17.51742772173086,40.167981003823776,0.24566080258087708,0.0029349751991680825,-0.0021536915449289866,0.3,0,0,0.05433919741912291,-0.0029349751991680825,0.0021536915449289866,-0.2458335521342183,-0.2455311738413103,0,0
1180.1265773010464,17.972348463819834,40.66722061663911,0.26614678642220885,0.002857763975740925,-0.005384228862322348,0.3,0,0,0.03385321357779114,-0.002857763975740925,0.005384228862322348,-0.2665464651984175,-0.26579051946614746,0,0
1284.2268420173286,17.873743987908504,40.76824443801301,0.2820211957952947,0.0027381016749521833,-0.009691611952180141,0.3,0,0,0.017978804204705268,-0.0027381016749521833,0.009691611952180141,-0.2827237038689965,-0.2813630015509104,0,0
437.33222201576723,17.646055992159724,38.820199780260964,0.2938886337583467,0.002591131057294374,-0.015075840814502393,0.3,0,0,0.0061113662416533154,-0.002591131057294374,0.015075840814502393,-0.2949700247317712,-0.29285337668141503,0,0
123.77355272308415,17.678380057162876,39.97098488311734,0.30167405205667497,0.0024779432040571603,-0.013998995042037953,0.3,0,0,-0.0016740520566749795,-0.0024779432040571603,0.013998995042037953,-0.3026806712009256,-0.30071521229702347,0,0
182.55823066529945,17.841013239325363,41.279376340133794,0.3062092820252746,0.0024144503945566723,-0.013998995042037953,0.3,0,0,-0.006209282025274598,-0.0024144503945566723,0.013998995042037953,-0.30721634559454586,-0.3052508866906437,0,0
1180.1265773010464,18.03843055896276,41.07371114311431,0.3074186374137295,0.002394914356920616,-0.018306378131895756,0.3,0,0,-0.007418637413729501,-0.002394914356920616,0.018306378131895756,-0.3087282370590859,-0.3061580215693678,0,0
1284.2268420173286,18.204859322179495,41.279376340133794,0.3074186374137295,0.002394914356920616,-0.018306378131895756,0.3,0,0,-0.007418637413729501,-0.002394914356920616,0.018306378131895756,-0.3087282370590859,-0.3061580215693678,0,0
427.0195773074906,18.00535478258695,41.38282267374021,0.3074186374137295,0.002394914356920616,-0.018306378131895756,0.3,0,0,-0.007418637413729501,-0.002394914356920616,0.018306378131895756,-0.3087282370590859,-0.3061580215693678,0,0
1180.1265773010464,17.972348463819834,41.59095555144303,0.3074186374137295,0.002394914356920616,-0.018306378131895756,0.3,0,0,-0.007418637413729501,-0.002394914356920616,0.018306378131895756,-0.3087282370590859,-0.3061580215693678,0,0
703.2691653992177,17.939411375632368,41.176340005486864,0.3074186374137295,0.002394914356920616,-0.018306378131895756,0.3,0,0,-0.007418637413729501,-0.002394914356920616,0.018306378131895756,-0.3087282370590859,-0.3061580215693678,0,0
1284.2268420173286,18.00535478258695,41.906294265999335,0.3074186374137295,0.002394914356920616,-0.018306378131895756,0.3,0,0,-0.007418637413729501,-0.002394914356920616,0.018306378131895756,-0.3087282370590859,-0.3061580215693678,0,0
1284.2268420173286,18.00535478258695,42.5485367221777,0.30734305477280077,0.0023962574472429373,-0.017229532359431306,0.3,0,0,-0.007343054772800783,-0.0023962574472429373,0.017229532359431306,-0.3085770479126319,-0.3061580215693678,0,0
448.2028325964311,18.00535478258695,42.44040737188923,0.30734305477280077,0.0023962574472429373,-0.017229532359431306,0.3,0,0,-0.007343054772800783,-0.0023962574472429373,0.017229532359431306,-0.3085770479126319,-0.3061580215693678,0,0
206.97300472647143,17.51742772173086,41.07371114311431,0.30734305477280077,0.0023962574472429373,-0.017229532359431306,0.3,0,0,-0.007343054772800783,-0.0023962574472429373,0.017229532359431306,-0.3085770479126319,-0.3061580215693678,0,0
624.3377665398167,18.271925091134115,42.332717273451834,0.30734305477280077,0.0023962574472429373,-0.017229532359431306,0.3,0,0,-0.007343054772800783,-0.0023962574472429373,0.017229532359431306,-0.3085770479126319,-0.3061580215693678,0,0
1284.2268420173286,17.906543292002304,43.20669553443567,0.30734305477280077,0.0023962574472429373,-0.017229532359431306,0.3,0,0,-0.007343054772800783,-0.0023962574472429373,0.017229532359431306,-0.3085770479126319,-0.3061580215693678,0,0
512.8513118946122,17.51742772173086,43.76776822876407,0.30734305477280077,0.0023962574472429373,-0.017229532359431306,0.3,0,0,-0.007343054772800783,-0.0023962574472429373,0.017229532359431306,-0.3085770479126319,-0.3061580215693678,0,0
174.67928447558052,17.743230101200233,47.26898596692454,0.30734305477280077,0.0023962574472429373,-0.017229532359431306,0.3,0,0,-0.007343054772800783,-0.0023962574472429373,0.017229532359431306,-0.3085770479126319,-0.3061580215693678,0,0
123.02757911911826,17.453511375747283,47.397845831374006,0.30734305477280077,0.0023962574472429373,-0.017229532359431306,0.3,0,0,-0.007343054772800783,-0.0023962574472429373,0.017229532359431306,-0.3085770479126319,-0.3061580215693678,0,0
143.82153882231913,17.906543292002304,49.820833293006025,0.30734305477280077,0.0023962574472429373,-0.017229532359431306,0.3,0,0,-0.007343054772800783,-0.0023962574472429373,0.017229532359431306,-0.3085770479126319,-0.3061580215693678,0,0
312.50933522689996,17.972348463819834,49.820833293006025,0.30734305477280077,0.0023962574472429373,-0.017229532359431306,0.3,0,0,-0.007343054772800783,-0.0023962574472429373,0.017229532359431306,-0.3085770479126319,-0.3061580215693678,0,0
1093.1463157010076,18.104791397724426,50.96490904549061,0.30734305477280077,0.0023962574472429373,-0.017229532359431306,0.3,0,0,-0.007343054772800783,-0.0023962574472429373,0.017229532359431306,-0.3085770479126319,-0.3061580215693678,0,0
1019.267059271828,18.339276104241605,52.0027403531362,0.30734305477280077,0.0023962574472429373,-0.017229532359431306,0.3,0,0,-0.007343054772800783,-0.0023962574472429373,0.017229532359431306,-0.3085770479126319,-0.3061580215693678,0,0
