FDist,LDist,RDist,XEst,YEst,ThetaEst,XDes,YDes,ThetaDes,XError,YError,ThetaError,SL,SR,RW,LW
302.6164596847404,471.8179059817352,21.17043565318336,0.0,0.0,0.0,0,0,0,0.0,0.0,0.0,0.0,0.0,0,0
189.41093412341306,1284.2268420173286,21.99109567138421,0.0,0.0,0.0,0,0,0,0.0,0.0,0.0,0.0,0.0,0,0
312.50933522689996,1411.3480414449798,21.99109567138421,0.0,0.0,0.0,0,0,0,0.0,0.0,0.0,0.0,0.0,0,0
248.42442609070224,448.2028325964311,21.45325395754319,0.0,0.0,0.0,0,0,0,0.0,0.0,0.0,0.0,0.0,0,0
399.01729906632625,1411.3480414449798,22.075335325140372,0.0,0.0,0.0,0,0,0,0.0,0.0,0.0,0.0,0.0,0,0
399.01729906632625,900.238757316699,21.575898614386084,0.0,0.0,0.0,0,0,0,0.0,0.0,0.0,0.0,0.0,0,0
168.8620920208621,346.8640580657511,21.371972721925673,0.0,0.0,0.0,0,0,0,0.0,0.0,0.0,0.0,0.0,0,0
399.01729906632625,1411.3480414449798,22.075335325140372,0.0,0.0,0.0,0,0,0,0.0,0.0,0.0,0.0,0.0,0,0
293.3703955349555,674.6059938250444,20.852837358537094,0.0,0.0,0.0,0,0,0,0.0,0.0,0.0,0.0,0.0,0,0
317.7208243859324,1411.3480414449798,21.99109567138421,0.0,0.0,0.0,0,0,0,0.0,0.0,0.0,0.0,0.0,0,0
323.12240163650586,1411.3480414449798,21.616974340849836,0.0,0.0,0.0,0,0,0,0.0,0.0,0.0,0.0,0.0,0,0
353.40072554933454,734.7683303247097,21.90726008446299,0.0,0.0,0.0,0,0,0,0.0,0.0,0.0,0.0,0.0,0,0
407.8990969411948,851.4899528953961,21.99109567138421,0.0,0.0,0.0,0,0,0,0.0,0.0,0.0,0.0,0.0,0,0
624.3377665398167,602.1580731583105,21.494038780723614,0.0,0.0,0.0,0,0,0,0.0,0.0,0.0,0.0,0.0,0,0
448.2028325964311,1411.3480414449798,22.459496422942998,0.0,0.0,0.0,0,0,0,0.0,0.0,0.0,0.0,0.0,0,0
1093.1463157010076,528.3325926770696,22.330509274381335,0.0,0.0,0.0,0,0,0,0.0,0.0,0.0,0.0,0.0,0,0
251.60762066022812,624.3377665398167,21.494038780723614,0.0,0.0,0.0,0.3,0,0,0.3,0.0,0.0,0.0,0.0,0,0
900.238757316699,1411.3480414449798,22.159982088780858,0.007105885763355164,7.651946001608625e-06,0.002153691544928897,0.3,0,0,0.2928941142366448,-7.651946001608625e-06,-0.002153691544928897,-0.0069547007368844045,-0.007257079029792422,0,0
562.6000187683081,1284.2268420173286,21.99109567138421,0.029708581251689136,6.850113571006126e-05,0.003230537317393342,0.3,0,0,0.27029141874831086,-6.850113571006126e-05,-0.003230537317393342,-0.029481883558531714,-0.02993545099789374,0,0
288.9697116820819,900.238757316699,22.117607626819968,0.0601728365803553,0.00021612616174284776,0.006461074634786679,0.3,0,0,0.2398271634196447,-0.00021612616174284776,-0.006461074634786679,-0.05971971284933347,-0.06062684772805752,0,0
360.20900612823414,624.3377665398167,21.99109567138421,0.0907119109125929,0.0004792196549162818,0.010768457724644485,0.3,0,0,0.2092880890874071,-0.0004792196549162818,-0.010768457724644485,-0.08995754214013524,-0.09146943360467531,0,0
284.7075611688845,851.4899528953961,22.075335325140372,0.12094721565279991,0.0008699465243328321,0.015075840814502268,0.3,0,0,0.17905278434720007,-0.0008699465243328321,-0.015075840814502268,-0.11989299313802898,-0.12200964118838509,0,0
293.3703955349555,1411.3480414449798,21.949127558551538,0.14989536712849763,0.0013843501177819308,0.020460069676824517,0.3,0,0,0.15010463287150236,-0.0013843501177819308,-0.020460069676824517,-0.14846774181783665,-0.15134033560046278,0,0
288.9697116820819,1411.3480414449798,21.99109567138421,0.17710245539734384,0.001999709613639274,0.024767452766682324,0.3,0,0,0.12289754460265614,-0.001999709613639274,-0.024767452766682324,-0.1753794098866502,-0.1788567602550924,0,0
417.22151175368833,528.3325926770696,22.117607626819968,0.2030975657896963,0.0026996968448637086,0.029074835856540082,0.3,0,0,0.0969024342103037,-0.0026996968448637086,-0.029074835856540082,-0.2010815647838317,-0.20516367173808991,0,0
265.2554052777127,1284.2268420173286,21.99109567138421,0.22750390751954463,0.003422659502682234,0.030151681629004504,0.3,0,0,0.07249609248045535,-0.003422659502682234,-0.030151681629004504,-0.22542301736292714,-0.22965631346363935,0,0
293.3703955349555,1411.3480414449798,22.075335325140372,0.2504734530369421,0.004140197852241852,0.032305373173933394,0.3,0,0,0.049526546963057916,-0.004140197852241852,-0.032305373173933394,-0.24825257847748247,-0.2527882528711027,0,0
459.67991945810627,346.8640580657511,21.616974340849836,0.2707207716035246,0.004838177801762107,0.0366127562637912,0.3,0,0,0.0292792283964754,-0.004838177801762107,-0.0366127562637912,-0.26820954580941164,-0.27334997678884787,0,0
239.3652489782259,340.5824855543227,21.658147754059783,0.2863580506866902,0.005419388580672068,0.03768960203625563,0.3,0,0,0.013641949313309809,-0.005419388580672068,-0.03768960203625563,-0.28378202789417456,-0.2890736480200648,0,0
194.9110753588243,674.6059938250444,20.696236055220425,0.2978397928152646,0.005864718045943108,0.03984329358118455,0.3,0,0,0.0021602071847353632,-0.005864718045943108,-0.03984329358118455,-0.2951212138782252,-0.30071521229702347,0,0
152.41788953728954,562.6000187683081,21.010896801842307,0.3047889740302556,0.006141742919982402,0.03984329358118455,0.3,0,0,-0.004788974030255633,-0.006141742919982402,-0.03984329358118455,-0.30207591461510963,-0.3076699130339079,0,0
139.88023555455067,1019.267059271828,21.371972721925673,0.30841493666895203,0.006278468754925862,0.035535910491326754,0.3,0,0,-0.008414936668952044,-0.006278468754925862,-0.035535910491326754,-0.3060068324229139,-0.3109960742558961,0,0
138.92864283985838,484.6780696502813,20.97124408445338,0.3084904849518751,0.006281113835028559,0.0344590647188623,0.3,0,0,-0.008490484951875099,-0.006281113835028559,-0.0344590647188623,-0.3061580215693679,-0.3109960742558961,0,0
198.76603234393832,851.4899528953961,21.494038780723614,0.3084904849518751,0.006281113835028559,0.0344590647188623,0.3,0,0,-0.008490484951875099,-0.006281113835028559,-0.0344590647188623,-0.3061580215693679,-0.3109960742558961,0,0
242.3065498311679,346.8640580657511,21.010896801842307,0.3084904849518751,0.006281113835028559,0.0344590647188623,0.3,0,0,-0.008490484951875099,-0.006281113835028559,-0.0344590647188623,-0.3061580215693679,-0.3109960742558961,0,0
293.3703955349555,1019.267059271828,21.658147754059783,0.3084904849518751,0.006281113835028559,0.0344590647188623,0.3,0,0,-0.008490484951875099,-0.006281113835028559,-0.0344590647188623,-0.3061580215693679,-0.3109960742558961,0,0
317.7208243859324,437.33222201576723,21.494038780723614,0.3084904849518751,0.006281113835028559,0.0344590647188623,0.3,0,0,-0.008490484951875099,-0.006281113835028559,-0.0344590647188623,-0.3061580215693679,-0.3109960742558961,0,0
288.9697116820819,346.8640580657511,21.865492873548824,0.3084904849518751,0.006281113835028559,0.0344590647188623,0.3,0,0,-0.008490484951875099,-0.006281113835028559,-0.0344590647188623,-0.3061580215693679,-0.3109960742558961,0,0
245.3252030939217,258.2405371440609,21.371972721925673,0.30841493386441204,0.006278550110292835,0.03338221894639785,0.3,0,0,-0.008414933864412055,-0.006278550110292835,-0.03338221894639785,-0.3061580215693679,-0.3108448851094421,0,0
159.58252707905322,258.2405371440609,21.130411066922797,0.308339382776949,0.0062759863855571104,0.0344590647188623,0.3,0,0,-0.008339382776949011,-0.0062759863855571104,-0.0344590647188623,-0.3060068324229139,-0.3108448851094421,0,0
225.71785045590883,581.6409617069837,21.250766618660897,0.308339382776949,0.0062759863855571104,0.0344590647188623,0.3,0,0,-0.008339382776949011,-0.0062759863855571104,-0.0344590647188623,-0.3060068324229139,-0.3108448851094421,0,0
145.87739303694283,674.6059938250444,21.130411066922797,0.308339382776949,0.0062759863855571104,0.0344590647188623,0.3,0,0,-0.008339382776949011,-0.0062759863855571104,-0.0344590647188623,-0.3060068324229139,-0.3108448851094421,0,0
648.3999468665874,851.4899528953961,21.949127558551538,0.308339382776949,0.0062759863855571104,0.0344590647188623,0.3,0,0,-0.008339382776949011,-0.0062759863855571104,-0.0344590647188623,-0.3060068324229139,-0.3108448851094421,0,0
196.81893899271049,648.3999468665874,21.616974340849836,0.308339382776949,0.0062759863855571104,0.0344590647188623,0.3,0,0,-0.008339382776949011,-0.0062759863855571104,-0.0344590647188623,-0.3060068324229139,-0.3108448851094421,0,0
459.67991945810627,1411.3480414449798,22.202459096284322,0.308339382776949,0.0062759863855571104,0.0344590647188623,0.3,0,0,-0.008339382776949011,-0.0062759863855571104,-0.0344590647188623,-0.3060068324229139,-0.3108448851094421,0,0
955.6520228707801,544.8761250677193,22.075335325140372,0.308339382776949,0.0062759863855571104,0.0344590647188623,0.3,0,0,-0.008339382776949011,-0.0062759863855571104,-0.0344590647188623,-0.3060068324229139,-0.3108448851094421,0,0
459.67991945810627,340.5824855543227,22.159982088780858,0.308339382776949,0.0062759863855571104,0.0344590647188623,0.3,0,0,-0.008339382776949011,-0.0062759863855571104,-0.0344590647188623,-0.3060068324229139,-0.3108448851094421,0,0
1284.2268420173286,242.3065498311679,22.117607626819968,0.308339382776949,0.0062759863855571104,0.0344590647188623,0.3,0,0,-0.008339382776949011,-0.0062759863855571104,-0.0344590647188623,-0.3060068324229139,-0.3108448851094421,0,0
648.3999468665874,674.6059938250444,20.97124408445338,0.308339382776949,0.0062759863855571104,0.0344590647188623,0.3,0,0,-0.008339382776949011,-0.0062759863855571104,-0.0344590647188623,-0.3060068324229139,-0.3108448851094421,0,0
317.7208243859324,674.6059938250444,21.05064198016546,0.308339382776949,0.0062759863855571104,0.0344590647188623,0.3,0,0,-0.008339382776949011,-0.0062759863855571104,-0.0344590647188623,-0.3060068324229139,-0.3108448851094421,0,0
