FDist,LDist,RDist,XEst,YEst,ThetaEst,XDes,YDes,ThetaDes,XError,YError,ThetaError,SL,SR,RW,LW
92.66842176880655,955.6520228707801,17.808350823217232,0.0,0.0,0.0,0,0,0,0.0,0.0,0.0,0.0,0.0,0,0
93.09781934285294,280.5772654118684,17.646055992159724,0.0,0.0,0.0,0,0,0,0.0,0.0,0.0,0.0,0.0,0,0
73.9772983740448,624.3377665398167,17.389857955850943,0.0,0.0,0.0,0,0,0,0.0,0.0,0.0,0.0,0.0,0,0
85.53518482670935,581.6409617069837,17.54948502152684,0.0,0.0,0.0,0,0,0,0.0,0.0,0.0,0.0,0.0,0,0
85.90410486184942,437.33222201576723,16.92067070245342,0.0,0.0,0.0,0,0,0,0.0,0.0,0.0,0.0,0.0,0,0
76.28731360165042,624.3377665398167,16.92067070245342,0.0,0.0,0.0,0,0,0,0.0,0.0,0.0,0.0,0.0,0,0
75.40573089722304,340.5824855543227,17.169117382297486,0.0,0.0,0.0,0,0,0,0.0,0.0,0.0,0.0,0.0,0,0
93.09781934285294,302.6164596847404,17.710771354120418,0.0,0.0,0.0,0,0,0,0.0,0.0,0.0,0.0,0.0,0,0
95.30295822324965,346.8640580657511,18.071576020988715,0.0,0.0,0.0,0,0,0,0.0,0.0,0.0,0.0,0.0,0,0
101.02616679983112,382.4520830402873,18.88858405722158,0.0,0.0,0.0,0,0,0,0.0,0.0,0.0,0.0,0.0,0,0
83.38264517783642,302.6164596847404,19.099517867391533,0.0,0.0,0.0,0,0,0,0.0,0.0,0.0,0.0,0.0,0,0
83.03372126641216,581.6409617069837,19.566163838158445,0.0,0.0,0.0,0,0,0,0.0,0.0,0.0,0.0,0.0,0,0
110.97077873540402,674.6059938250444,20.349107076989263,0.0,0.0,0.0,0,0,0,0.0,0.0,0.0,0.0,0.0,0,0
111.57932338755117,382.4520830402873,20.464022603165645,0.0,0.0,0.0,0,0,0,0.0,0.0,0.0,0.0,0.0,0,0
124.52854747504531,223.1819809443389,20.696236055220425,0.0,0.0,0.0,0,0,0,0.0,0.0,0.0,0.0,0.0,0,0
83.73432085224402,179.3202830877122,19.38510129674627,0.0,0.0,0.0,0,0,0,0.0,0.0,0.0,0.0,0.0,0,0
110.97077873540402,312.50933522689996,20.852837358537094,0.0,0.0,0.0,0,0,0,0.0,0.0,0.0,0.0,0.0,0,0
110.36868736531008,1019.267059271828,20.89221469509625,0.0,0.0,0.0,0,0,0,0.0,0.0,0.0,0.0,0.0,0,0
98.08447665807216,734.7683303247097,20.774355752373964,0.0,0.0,0.0,0,0,0,0.0,0.0,0.0,0.0,0.0,0,0
95.30295822324965,32.44038053928213,19.67576893443448,0.0,0.0,0.0,0,0,0,0.0,0.0,0.0,0.0,0.0,0,0
88.18202887947652,25.053809401176977,17.613798941900477,0.0,0.0,0.0,0,0,0,0.0,0.0,0.0,0.0,0.0,0,0
90.16911060094986,28.237612839164704,17.581608690126714,0.0,0.0,0.0,0,0,0,0.0,0.0,0.0,0.0,0.0,0,0
95.30295822324965,28.771556813350443,17.646055992159724,0.0,0.0,0.0,0,0,0,0.0,0.0,0.0,0.0,0.0,0,0
89.76495072901147,29.381623897205223,17.775756517532926,0.0,0.0,0.0,0,0,0,0.0,0.0,0.0,0.0,0.0,0,0
85.90410486184942,30.331663097801872,17.389857955850943,0.0,0.0,0.0,0,0,0,0.0,0.0,0.0,0.0,0.0,0,0
90.57673222463723,26.128272755325845,17.808350823217232,0.0,0.0,0.0,0.3,0,0,0.3,0.0,0.0,0.0,0.0,0,0
92.2427776670329,27.546944329386996,17.841013239325363,0.0025702139995114424,2.7677251495180177e-06,0.0021536915449289003,0.3,0,0,0.2974297860004885,-2.7677251495180177e-06,-0.0021536915449289003,-0.0024190263432641405,-0.002721404636172158,0,0
95.30295822324965,28.592015692053423,18.104791397724426,0.030615308779375572,0.00016887099696972086,0.009691611952180042,0.3,0,0,0.2693846912206244,-0.00016887099696972086,-0.009691611952180042,-0.029935450997893742,-0.03129615331597982,0,0
92.2427776670329,28.711534351575374,17.808350823217232,0.055333154107180024,0.00044836463382333516,0.012922149269573429,0.3,0,0,0.24466684589281995,-0.00044836463382333516,-0.012922149269573429,-0.054428092723443164,-0.056242362480891275,0,0
72.59760196071355,27.099424286132248,17.358129317117793,0.08617171651278051,0.0009465335935427653,0.019383223904360126,0.3,0,0,0.2138282834872195,-0.0009465335935427653,-0.019383223904360126,-0.08481711116069893,-0.0875385157968711,0,0
72.05879380612686,26.770315400455452,16.67620967286077,0.11662890680853116,0.0016189956124762774,0.02476745276668238,0.3,0,0,0.18337109319146883,-0.0016189956124762774,-0.02476745276668238,-0.11490375130504668,-0.11838110167348889,0,0
75.11601708077,31.737482110528177,17.51742772173086,0.1462503657753213,0.0024485536982900274,0.031228527401469076,0.3,0,0,0.1537496342246787,-0.0024485536982900274,-0.031228527401469076,-0.1440832565706704,-0.14846774181783665,0,0
76.28731360165042,25.456014597653017,17.51742772173086,0.17458202357397234,0.003409950474186468,0.036612756263791325,0.3,0,0,0.12541797642602764,-0.003409950474186468,-0.036612756263791325,-0.172053248664662,-0.17719367964409832,0,0
75.69750294678715,34.535278547288506,17.972348463819834,0.20117132113488162,0.004441239762182563,0.04092013935364916,0.3,0,0,0.09882867886511837,-0.004441239762182563,-0.04092013935364916,-0.19836016014765953,-0.2041053477129119,0,0
90.98786202822609,27.490449651671298,18.03843055896276,0.22632037793654491,0.00553874272548447,0.04630436821597141,0.3,0,0,0.07367962206345507,-0.00553874272548447,-0.04630436821597141,-0.22315518016611696,-0.22965631346363938,0,0
93.53102222430564,27.889309733104497,17.873743987908504,0.24965228697552813,0.006657655915683913,0.04953490553336477,0.3,0,0,0.05034771302447186,-0.006657655915683913,-0.04953490553336477,-0.2462871195735803,-0.25324182031046477,0,0
93.09781934285294,26.71599641697457,18.00535478258695,0.27041360563633693,0.007720528088468578,0.05276544285075811,0.3,0,0,0.02958639436366306,-0.007720528088468578,-0.05276544285075811,-0.2668488434913255,-0.274257111667572,0,0
93.53102222430564,25.004130828076164,17.775756517532926,0.2872462754550277,0.008636804050562776,0.05599598016815147,0.3,0,0,0.012753724544972311,-0.008636804050562776,-0.05599598016815147,-0.2834796496012664,-0.291341485216875,0,0
93.09781934285294,25.405269406077494,18.138076919253407,0.2990956620594056,0.009307416658057411,0.05707282594061592,0.3,0,0,0.000904337940594413,-0.009307416658057411,-0.05707282594061592,-0.2952724030246791,-0.30328542778674167,0,0
92.66842176880655,27.774536019956848,18.138076919253407,0.30694469694233684,0.00975587028261387,0.05707282594061592,0.3,0,0,-0.006944696942336848,-0.00975587028261387,-0.05707282594061592,-0.30313423864028755,-0.3111472634023501,0,0
91.82083615681199,25.763358222779125,17.808350823217232,0.310718726995,0.009963345377571098,0.05276544285075811,0.3,0,0,-0.010718726995000039,-0.009963345377571098,-0.05276544285075811,-0.3072163455945458,-0.3146246137707923,0,0
89.36420701132127,25.25384320516452,17.972348463819834,0.310718726995,0.009963345377571098,0.05276544285075811,0.3,0,0,-0.010718726995000039,-0.009963345377571098,-0.05276544285075811,-0.3072163455945458,-0.3146246137707923,0,0
92.2427776670329,26.33993847596105,18.071576020988715,0.310718726995,0.009963345377571098,0.05276544285075811,0.3,0,0,-0.010718726995000039,-0.009963345377571098,-0.05276544285075811,-0.3072163455945458,-0.3146246137707923,0,0
89.76495072901147,28.29625192435787,17.939411375632368,0.310718726995,0.009963345377571098,0.05276544285075811,0.3,0,0,-0.010718726995000039,-0.009963345377571098,-0.05276544285075811,-0.3072163455945458,-0.3146246137707923,0,0
92.66842176880655,26.023303163846677,17.873743987908504,0.310718726995,0.009963345377571098,0.05276544285075811,0.3,0,0,-0.010718726995000039,-0.009963345377571098,-0.05276544285075811,-0.3072163455945458,-0.3146246137707923,0,0
93.09781934285294,27.546944329386996,18.171432816688856,0.310718726995,0.009963345377571098,0.05276544285075811,0.3,0,0,-0.010718726995000039,-0.009963345377571098,-0.05276544285075811,-0.3072163455945458,-0.3146246137707923,0,0
89.76495072901147,27.831840782090417,17.972348463819834,0.3106432354965482,0.009959399092878577,0.05168859707829366,0.3,0,0,-0.01064323549654822,-0.009959399092878577,-0.05168859707829366,-0.3072163455945458,-0.3144734246243383,0,0
89.76495072901147,26.18097245007521,17.939411375632368,0.3106432354965482,0.009959399092878577,0.05168859707829366,0.3,0,0,-0.01064323549654822,-0.009959399092878577,-0.05168859707829366,-0.3072163455945458,-0.3144734246243383,0,0
75.99135610686974,25.15356131134849,17.613798941900477,0.3105677439980964,0.009955452808186056,0.05276544285075811,0.3,0,0,-0.010567743998096402,-0.009955452808186056,-0.05276544285075811,-0.3070651564480918,-0.3144734246243383,0,0
75.40573089722304,25.354659483658537,17.646055992159724,0.3105677439980964,0.009955452808186056,0.05276544285075811,0.3,0,0,-0.010567743998096402,-0.009955452808186056,-0.05276544285075811,-0.3070651564480918,-0.3144734246243383,0,0
90.98786202822609,26.989108340162986,17.972348463819834,0.3105677439980964,0.009955452808186056,0.05276544285075811,0.3,0,0,-0.010567743998096402,-0.009955452808186056,-0.05276544285075811,-0.3070651564480918,-0.3144734246243383,0,0
92.66842176880655,27.26606267467261,18.00535478258695,0.3105677439980964,0.009955452808186056,0.05276544285075811,0.3,0,0,-0.010567743998096402,-0.009955452808186056,-0.05276544285075811,-0.3070651564480918,-0.3144734246243383,0,0
92.66842176880655,25.456014597653017,18.238356668915443,0.3105677439980964,0.009955452808186056,0.05276544285075811,0.3,0,0,-0.010567743998096402,-0.009955452808186056,-0.05276544285075811,-0.3070651564480918,-0.3144734246243383,0,0
89.36420701132127,25.918902602329858,17.743230101200233,0.3105677439980964,0.009955452808186056,0.05276544285075811,0.3,0,0,-0.010567743998096402,-0.009955452808186056,-0.05276544285075811,-0.3070651564480918,-0.3144734246243383,0,0
89.76495072901147,26.661827824936275,18.138076919253407,0.3105677439980964,0.009955452808186056,0.05276544285075811,0.3,0,0,-0.010567743998096402,-0.009955452808186056,-0.05276544285075811,-0.3070651564480918,-0.3144734246243383,0,0
87.02903054016306,25.66035938867435,17.137840123031808,0.3105677439980964,0.009955452808186056,0.05276544285075811,0.3,0,0,-0.010567743998096402,-0.009955452808186056,-0.05276544285075811,-0.3070651564480918,-0.3144734246243383,0,0
89.76495072901147,27.154814473847836,17.972348463819834,0.3105677439980964,0.009955452808186056,0.05276544285075811,0.3,0,0,-0.010567743998096402,-0.009955452808186056,-0.05276544285075811,-0.3070651564480918,-0.3144734246243383,0,0
89.76495072901147,24.61136879396949,18.238356668915443,0.3105677439980964,0.009955452808186056,0.05276544285075811,0.3,0,0,-0.010567743998096402,-0.009955452808186056,-0.05276544285075811,-0.3070651564480918,-0.3144734246243383,0,0
77.18804967871625,25.10361938144616,17.581608690126714,0.3105677439980964,0.009955452808186056,0.05276544285075811,0.3,0,0,-0.010567743998096402,-0.009955452808186056,-0.05276544285075811,-0.3070651564480918,-0.3144734246243383,0,0
73.9772983740448,26.18097245007521,17.743230101200233,0.3105677439980964,0.009955452808186056,0.05276544285075811,0.3,0,0,-0.010567743998096402,-0.009955452808186056,-0.05276544285075811,-0.3070651564480918,-0.3144734246243383,0,0
85.53518482670935,25.763358222779125,17.358129317117793,0.3105677439980964,0.009955452808186056,0.05276544285075811,0.3,0,0,-0.010567743998096402,-0.009955452808186056,-0.05276544285075811,-0.3070651564480918,-0.3144734246243383,0,0
93.09781934285294,29.196701571220196,18.071576020988715,0.3104922567929536,0.009951425233096332,0.053842288623222566,0.3,0,0,-0.010492256792953625,-0.009951425233096332,-0.053842288623222566,-0.3069139673016378,-0.3144734246243383,0,0
92.66842176880655,27.94694360726399,17.808350823217232,0.3104922567929536,0.009951425233096332,0.053842288623222566,0.3,0,0,-0.010492256792953625,-0.009951425233096332,-0.053842288623222566,-0.3069139673016378,-0.3144734246243383,0,0
87.41019065628254,29.135426468315842,17.613798941900477,0.3104922567929536,0.009951425233096332,0.053842288623222566,0.3,0,0,-0.010492256792953625,-0.009951425233096332,-0.053842288623222566,-0.3069139673016378,-0.3144734246243383,0,0
85.16922919230018,31.258590930792266,17.044389531385626,0.3104922567929536,0.009951425233096332,0.053842288623222566,0.3,0,0,-0.010492256792953625,-0.009951425233096332,-0.053842288623222566,-0.3069139673016378,-0.3144734246243383,0,0
89.76495072901147,31.59957383146636,18.03843055896276,0.3104922567929536,0.009951425233096332,0.053842288623222566,0.3,0,0,-0.010492256792953625,-0.009951425233096332,-0.053842288623222566,-0.3069139673016378,-0.3144734246243383,0,0
89.36420701132127,40.869665833746936,18.714890970363626,0.3104922567929536,0.009951425233096332,0.053842288623222566,0.3,0,0,-0.010492256792953625,-0.009951425233096332,-0.053842288623222566,-0.3069139673016378,-0.3144734246243383,0,0
89.76495072901147,100.02692680886574,18.714890970363626,0.3104922567929536,0.009951425233096332,0.053842288623222566,0.3,0,0,-0.010492256792953625,-0.009951425233096332,-0.053842288623222566,-0.3069139673016378,-0.3144734246243383,0,0
93.09781934285294,32.51192153438282,18.373059168895537,0.3104922567929536,0.009951425233096332,0.053842288623222566,0.3,0,0,-0.010492256792953625,-0.009951425233096332,-0.053842288623222566,-0.3069139673016378,-0.3144734246243383,0,0
90.16911060094986,47.787928988589464,18.104791397724426,0.3104922567929536,0.009951425233096332,0.053842288623222566,0.3,0,0,-0.010492256792953625,-0.009951425233096332,-0.053842288623222566,-0.3069139673016378,-0.3144734246243383,0,0
92.66842176880655,38.44807213279861,18.104791397724426,0.3104922567929536,0.009951425233096332,0.053842288623222566,0.3,0,0,-0.010492256792953625,-0.009951425233096332,-0.053842288623222566,-0.3069139673016378,-0.3144734246243383,0,0
92.66842176880655,27.154814473847836,17.873743987908504,0.3104922567929536,0.009951425233096332,0.053842288623222566,0.3,0,0,-0.010492256792953625,-0.009951425233096332,-0.053842288623222566,-0.3069139673016378,-0.3144734246243383,0,0
93.09781934285294,28.06270908445,17.106626529125542,0.3104922567929536,0.009951425233096332,0.053842288623222566,0.3,0,0,-0.010492256792953625,-0.009951425233096332,-0.053842288623222566,-0.3069139673016378,-0.3144734246243383,0,0
87.02903054016306,32.65570094258199,17.421651905480985,0.3104922567929536,0.009951425233096332,0.053842288623222566,0.3,0,0,-0.010492256792953625,-0.009951425233096332,-0.053842288623222566,-0.3069139673016378,-0.3144734246243383,0,0
93.96808322544976,40.167981003823776,17.613798941900477,0.3104922567929536,0.009951425233096332,0.053842288623222566,0.3,0,0,-0.010492256792953625,-0.009951425233096332,-0.053842288623222566,-0.3069139673016378,-0.3144734246243383,0,0
93.09781934285294,42.65710812266905,17.710771354120418,0.3104922567929536,0.009951425233096332,0.053842288623222566,0.3,0,0,-0.010492256792953625,-0.009951425233096332,-0.053842288623222566,-0.3069139673016378,-0.3144734246243383,0,0
88.5727896902875,35.7417900319635,16.98240478570954,0.3104922567929536,0.009951425233096332,0.053842288623222566,0.3,0,0,-0.010492256792953625,-0.009951425233096332,-0.053842288623222566,-0.3069139673016378,-0.3144734246243383,0,0
92.66842176880655,32.72794171450513,17.646055992159724,0.3104922567929536,0.009951425233096332,0.053842288623222566,0.3,0,0,-0.010492256792953625,-0.009951425233096332,-0.053842288623222566,-0.3069139673016378,-0.3144734246243383,0,0
