FDist,LDist,RDist,XEst,YEst,ThetaEst,XDes,YDes,ThetaDes,XError,YError,ThetaError,SL,SR,RW,LW
228.31501027837746,40.167981003823776,25.763358222779125,0.0,0.0,0.0,0,0,0,0.0,0.0,0.0,0.0,0.0,0,0
225.71785045590883,44.92590039496099,26.934181235571288,0.0,0.0,0.0,0,0,0,0.0,0.0,0.0,0.0,0.0,0,0
459.67991945810627,44.34070465302382,25.405269406077494,0.0,0.0,0.0,0,0,0,0.0,0.0,0.0,0.0,0.0,0,0
528.3325926770696,47.919138344411984,26.934181235571288,0.0,0.0,0.0,0,0,0,0.0,0.0,0.0,0.0,0.0,0,0
288.9697116820819,47.01299362275322,26.60780897647566,0.0,0.0,0.0,0,0,0,0.0,0.0,0.0,0.0,0.0,0,0
340.5824855543227,44.34070465302382,26.393218193002895,0.0,0.0,0.0,0,0,0,0.0,0.0,0.0,0.0,0.0,0,0
1284.2268420173286,46.13474391281483,26.661827824936275,0.0,0.0,0.0,0,0,0,0.0,0.0,0.0,0.0,0.0,0,0
399.01729906632625,46.3829042936969,26.770315400455452,0.0,0.0,0.0,0,0,0,0.0,0.0,0.0,0.0,0.0,0,0
280.5772654118684,44.573289080576004,25.15356131134849,0.0,0.0,0.0,0,0,0,0.0,0.0,0.0,0.0,0.0,0,0
223.1819809443389,46.01147903511478,26.934181235571288,0.0,0.0,0.0,0,0,0,0.0,0.0,0.0,0.0,0.0,0,0
353.40072554933454,46.63326386384414,26.553939227512814,0.0,0.0,0.0,0,0,0,0.0,0.0,0.0,0.0,0.0,0,0
280.5772654118684,47.01299362275322,26.770315400455452,0.0,0.0,0.0,0,0,0,0.0,0.0,0.0,0.0,0.0,0,0
340.5824855543227,45.04444673804966,25.15356131134849,0.0,0.0,0.0,0,0,0,0.0,0.0,0.0,0.0,0.0,0,0
182.55823066529945,45.16350334108189,25.86691420803121,0.0,0.0,0.0,0,0,0,0.0,0.0,0.0,0.0,0.0,0,0
390.5444991736698,47.01299362275322,27.044189133291546,0.0,0.0,0.0,0,0,0,0.0,0.0,0.0,0.0,0.0,0,0
528.3325926770696,44.69032492014681,25.81506627835381,0.0,0.0,0.0,0,0,0,0.0,0.0,0.0,0.0,0.0,0,0
399.01729906632625,47.01299362275322,26.989108340162986,0.0,0.0,0.0,0,0,0,0.0,0.0,0.0,0.0,0.0,0,0
233.7026839645806,43.54193707016939,24.660015279911583,0.0,0.0,0.0,0,0,0,0.0,0.0,0.0,0.0,0.0,0,0
288.9697116820819,47.14070323672423,26.770315400455452,0.0,0.0,0.0,0,0,0,0.0,0.0,0.0,0.0,0.0,0,0
734.7683303247097,47.01299362275322,26.770315400455452,0.0,0.0,0.0,1.0,0,0,1.0,0.0,0.0,0.0,0.0,0,0
265.2554052777127,47.01299362275322,26.934181235571288,0.002124283865833598,0.0,0.0,1.0,0,0,0.9978757161341664,0.0,0.0,-0.002124283865833598,-0.002124283865833598,0,0
265.2554052777127,46.50780728590231,29.074332795504482,0.0172977400503593,0.0,0.0,1.0,0,0,0.9827022599496407,0.0,0.0,-0.0172977400503593,-0.0172977400503593,0,0
317.7208243859324,45.16350334108189,35.7417900319635,0.035278283044201664,9.641211655882328e-06,0.0010724048473055227,1.0,0,0,0.9647217169557983,-9.641211655882328e-06,-0.0010724048473055227,-0.03520241834809963,-0.03535415290994488,0,0
459.67991945810627,43.20669553443567,58.32507928939602,0.05333460245769338,6.773246547051135e-05,0.005362024236527564,1.0,0,0,0.9466653975423066,-6.773246547051135e-05,-0.005362024236527564,-0.052955362083994706,-0.05371403489322098,0,0
624.3377665398167,43.654616942576325,57.2411266723497,0.07548773383895213,0.00013900408779770324,0.0010724048473055225,1.0,0,0,0.9245122661610479,-0.00013900408779770324,-0.0010724048473055225,-0.07541207723709274,-0.07556381179893798,0,0
265.2554052777127,41.69564725646781,49.40285364503735,0.09794443607885456,0.00016308677336638694,0.0010724048473055225,1.0,0,0,0.9020555639211454,-0.00016308677336638694,-0.0010724048473055225,-0.09786879239019078,-0.09802052695203602,0,0
648.3999468665874,41.48668155431983,29.25815894523266,0.12024940384416305,0.00018700673808663356,0.0010724048473055225,1.0,0,0,0.879750596155837,-0.00018700673808663356,-0.0010724048473055225,-0.12017377298144356,-0.1203255075432888,0,0
1093.1463157010076,41.69564725646781,28.120842178481034,0.14263017128156677,0.00024700999056673787,0.004289619389222066,1.0,0,0,0.8573698287184333,-0.00024700999056673787,-0.004289619389222066,-0.1423270190108511,-0.1429339572582321,0,0
459.67991945810627,41.80075928277381,33.46350991438838,0.16447983510965758,0.00031730528930040686,0.002144809694611045,1.0,0,0,0.8355201648903424,-0.00031730528930040686,-0.002144809694611045,-0.16432853047841336,-0.16463199960210387,0,0
528.3325926770696,42.012254864281495,30.526926956734627,0.18648123271433237,0.0003880887498308375,0.004289619389222066,1.0,0,0,0.8135187672856676,-0.0003880887498308375,-0.004289619389222066,-0.18617830738413038,-0.1867852456315114,0,0
390.5444991736698,40.869665833746936,25.609067445845334,0.20855807509834412,0.0005419807754693406,0.009651643625749606,1.0,0,0,0.7914419249016559,-0.0005419807754693406,-0.009651643625749606,-0.20787634972800215,-0.20924196078460944,0,0
251.60762066022812,35.01040148158687,22.075335325140372,0.23078646940705877,0.0007207684143029013,0.006434429083833087,1.0,0,0,0.7692135305929413,-0.0007207684143029013,-0.006434429083833087,-0.23033306488110017,-0.2312434722521717,0,0
900.238757316699,40.06929243145368,24.17918906549187,0.25286346413083427,0.0008509850432016451,0.005362024236527589,1.0,0,0,0.7471365358691657,-0.0008509850432016451,-0.005362024236527589,-0.2524863109105077,-0.253244983719734,0,0
184.22292190812155,41.279376340133794,23.572306256804332,0.27501650634144736,0.0009460137454684024,0.0032172145419165684,1.0,0,0,0.7249834936585526,-0.0009460137454684024,-0.0032172145419165684,-0.2747912915017605,-0.27524649518729627,0,0
353.40072554933454,44.22514953619365,24.17918906549187,0.29724559089156405,0.0009817716433450582,4.9439619065339e-17,1.0,0,0,0.7027544091084359,-0.0009817716433450582,-4.9439619065339e-17,-0.29724800665485857,-0.2972480066548585,0,0
184.22292190812155,42.65710812266905,25.10361938144616,0.31955057148281685,0.0009817716433450593,4.9439619065339e-17,1.0,0,0,0.6804494285171832,-0.0009817716433450593,-4.9439619065339e-17,-0.31955298724611136,-0.3195529872461113,0,0
734.7683303247097,41.69564725646781,21.534920213973493,0.3417038175122244,0.0009817716433450604,4.9439619065339e-17,1.0,0,0,0.6582961824877755,-0.0009817716433450604,-4.9439619065339e-17,-0.3417062332755189,-0.34170623327551886,0,0
194.9110753588243,40.869665833746936,19.277419187964682,0.36385705080293895,0.0010055288872168708,0.00214480969461107,1.0,0,0,0.636142949197061,-0.0010055288872168708,-0.00214480969461107,-0.3637077447430812,-0.36401121386677165,0,0
648.3999468665874,42.65710812266905,21.33147560417641,0.38578269183762437,0.0009937723042272098,-0.0032172145419164695,1.0,0,0,0.6142173081623756,-0.0009937723042272098,0.0032172145419164695,-0.386012725334334,-0.38555752164879814,0,0
236.49825525583836,42.118643758499466,22.459496422942998,0.4074806218891312,0.0009239651672903042,-0.0032172145419164695,1.0,0,0,0.5925193781108689,-0.0009239651672903042,0.0032172145419164695,-0.40771076767820574,-0.4072555639926699,0,0
204.85569342211394,36.92653473301203,25.15356131134849,0.42948208275094146,0.0008767761483784906,-0.0010724048473054488,1.0,0,0,0.5705179172490585,-0.0008767761483784906,0.0010724048473054488,-0.42956054458392273,-0.4294088100220774,0,0
448.2028325964311,66.81098138696464,27.490449651671298,0.45163527782559176,0.0008292616879569403,-0.0032172145419164695,1.0,0,0,0.5483647221744082,-0.0008292616879569403,0.0032172145419164695,-0.45186552517517553,-0.45141032148963967,0,0
209.13650375320472,38.08145749517021,21.823825552140526,0.4734849416536826,0.0007589663892232732,-0.0032172145419164695,1.0,0,0,0.5265150583463174,-0.0007589663892232732,0.0032172145419164695,-0.4737153020808925,-0.47326009839535665,0,0
173.18670720903205,36.92653473301203,30.658107400064964,0.49556224105803676,0.0008181560382799196,0.008579238778444158,1.0,0,0,0.5044377589419633,-0.0008181560382799196,-0.008579238778444158,-0.4949581407392285,-0.49617201723399046,0,0
317.7208243859324,32.72794171450513,955.6520228707801,0.5174862178819862,0.0010885506056280394,0.016086072709582743,1.0,0,0,0.48251378211801377,-0.0010885506056280394,-0.016086072709582743,-0.5163527139594097,-0.5186287323870885,0,0
258.2405371440609,152.41788953728954,171.72011046907937,0.5397126437637199,0.001434196504340613,0.01501366786227722,1.0,0,0,0.46028735623628014,-0.001434196504340613,-0.01501366786227722,-0.5386576945506625,-0.540781978416496,0,0
399.01729906632625,193.04122344313365,26.87940715229901,0.5620151105168726,0.0017690634938742635,0.01501366786227722,1.0,0,0,0.4379848894831274,-0.0017690634938742635,-0.01501366786227722,-0.5609626751419152,-0.5630869590077487,0,0
228.31501027837746,158.34116103748556,30.59241608131846,0.5840141423482137,0.002099374469944871,0.01501366786227722,1.0,0,0,0.4159858576517863,-0.002099374469944871,-0.01501366786227722,-0.5829641866094775,-0.585088470475311,0,0
382.4520830402873,150.1726803268919,25.004130828076164,0.6057103880374926,0.0023785957923772496,0.010724048473055154,1.0,0,0,0.39428961196250745,-0.0023785957923772496,-0.010724048473055154,-0.6049656980770397,-0.6064830436954922,0,0
194.9110753588243,233.7026839645806,26.71599641697457,0.627255196684551,0.002632759911501482,0.012868858167666199,1.0,0,0,0.372744803315449,-0.002632759911501482,-0.012868858167666199,-0.6263602712972209,-0.628181086039364,0,0
562.6000187683081,187.6483042942066,30.396551423726756,0.6489511304596817,0.002935248227960107,0.015013667862277195,1.0,0,0,0.35104886954031833,-0.002935248227960107,-0.015013667862277195,-0.6479065790792474,-0.650030862945081,0,0
900.238757316699,624.3377665398167,26.934181235571288,0.670950503868031,0.0032419671502433283,0.012868858167666175,1.0,0,0,0.329049496131969,-0.0032419671502433283,-0.012868858167666175,-0.6700598251086549,-0.6718806398507979,0,0
284.7075611688845,448.2028325964311,28.06270908445,0.6927230331150246,0.0034871416544654025,0.009651643625749655,1.0,0,0,0.3072769668849754,-0.0034871416544654025,-0.009651643625749655,-0.6920613365762172,-0.6934269476328244,0,0
215.92040254306553,159.58252707905322,29.81961893815634,0.7147235198236707,0.0036994891054986335,0.009651643625749655,1.0,0,0,0.28527648017632934,-0.0036994891054986335,-0.009651643625749655,-0.7140628480437794,-0.7154284591003867,0,0
242.3065498311679,206.97300472647143,34.1466956368953,0.7368005145474461,0.003829705734397378,0.0021448096946110945,1.0,0,0,0.2631994854525539,-0.003829705734397378,-0.0021448096946110945,-0.7366712977587226,-0.7369747668824131,0,0
317.7208243859324,167.46934895889862,28.892132026161015,0.7589536459287048,0.003758434112070188,-0.008579238778444034,1.0,0,0,0.24104635407129515,-0.003758434112070188,0.008579238778444034,-0.7595832165973565,-0.7583693401025944,0,0
1093.1463157010076,602.1580731583105,28.831755768193197,0.7810303105834351,0.0035808668666757657,-0.007506833931138536,1.0,0,0,0.21896968941656492,-0.0035808668666757657,0.007506833931138536,-0.7815847280649187,-0.7805225861320019,0,0
769.566351540633,734.7683303247097,30.461639058159932,0.8031069752381653,0.0034032996212813435,-0.008579238778444034,1.0,0,0,0.19689302476183468,-0.0034032996212813435,0.008579238778444034,-0.8037379740943262,-0.8025240975995641,0,0
288.9697116820819,258.2405371440609,28.06270908445,0.8247280282041836,0.0031830200410835705,-0.011796453320360578,1.0,0,0,0.17527197179581644,-0.0031830200410835705,0.011796453320360578,-0.8255877510000432,-0.8239186708197453,0,0
280.5772654118684,562.6000187683081,24.514455284677474,0.8465765487027892,0.0029487064656953605,-0.009651643625749558,1.0,0,0,0.1534234512972108,-0.0029487064656953605,0.009651643625749558,-0.847285793343915,-0.8459201822873076,0,0
353.40072554933454,734.7683303247097,28.473193408840125,0.8684257099660125,0.002784685359543264,-0.0053620242365275406,1.0,0,0,0.13157429003398746,-0.002784685359543264,0.0053620242365275406,-0.8688321011259414,-0.8680734283167151,0,0
900.238757316699,390.5444991736698,29.074332795504482,0.8902754868717295,0.0027846853595432644,0.005362024236527563,1.0,0,0,0.10972451312827047,-0.0027846853595432644,-0.005362024236527563,-0.8899232052224322,-0.8906818780316583,0,0
284.7075611688845,1411.3480414449798,45.64490144276858,0.9120482665252286,0.0030065107613564614,0.015013667862277145,1.0,0,0,0.08795173347477137,-0.0030065107613564614,-0.015013667862277145,-0.9110143093189229,-0.9131385931847563,0,0
1093.1463157010076,448.2028325964311,87.79450977305973,0.9336661864258539,0.0034354555398199635,0.024665311488026774,1.0,0,0,0.06633381357414614,-0.0034354555398199635,-0.024665311488026774,-0.9319536788535684,-0.9354435737760091,0,0
346.8640580657511,312.50933522689996,59.255959637469736,0.951944395197589,0.003896191616923025,0.025737716335332273,1.0,0,0,0.048055604802411,-0.003896191616923025,-0.025737716335332273,-0.9501618262749992,-0.9538034557592852,0,0
528.3325926770696,1411.3480414449798,58.32507928939602,0.9657480403466684,0.004236731886019179,0.02359290664072124,1.0,0,0,0.03425195965333161,-0.004236731886019179,-0.02359290664072124,-0.9641214059647629,-0.9674595663253582,0,0
955.6520228707801,528.3325926770696,63.254114597104426,0.976139346219284,0.004465214275581908,0.02037569209880471,1.0,0,0,0.023860653780716,-0.004465214275581908,-0.02037569209880471,-0.974742825293931,-0.9776257819689904,0,0
459.67991945810627,312.50933522689996,66.34704544306035,0.9834213948709289,0.004597987158227228,0.016086072709582656,1.0,0,0,0.016578605129071056,-0.004597987158227228,-0.016086072709582656,-0.9823295533861938,-0.9846055718138722,0,0
390.5444991736698,204.85569342211394,69.22073170815571,0.9873662189894045,0.004644524250461242,0.007506833931138554,1.0,0,0,0.012633781010595535,-0.004644524250461242,-0.007506833931138554,-0.9868815902415515,-0.9879437321744678,0,0
390.5444991736698,382.4520830402873,61.802071720251114,0.9885042005555906,0.0046524568291024014,0.006434429083833041,1.0,0,0,0.011495799444409371,-0.0046524568291024014,-0.006434429083833041,-0.9880954667363135,-0.9890058741073846,0,0
648.3999468665874,448.2028325964311,68.23833891011859,0.9885042005555906,0.0046524568291024014,0.006434429083833041,1.0,0,0,0.011495799444409371,-0.0046524568291024014,-0.006434429083833041,-0.9880954667363135,-0.9890058741073846,0,0
346.8640580657511,204.85569342211394,69.7215507122142,0.9885042005555906,0.0046524568291024014,0.006434429083833041,1.0,0,0,0.011495799444409371,-0.0046524568291024014,-0.006434429083833041,-0.9880954667363135,-0.9890058741073846,0,0
360.20900612823414,261.6981137825328,70.74309622023037,0.9885042005555906,0.0046524568291024014,0.006434429083833041,1.0,0,0,0.011495799444409371,-0.0046524568291024014,-0.006434429083833041,-0.9880954667363135,-0.9890058741073846,0,0
317.7208243859324,544.8761250677193,69.7215507122142,0.9885042005555906,0.0046524568291024014,0.006434429083833041,1.0,0,0,0.011495799444409371,-0.0046524568291024014,-0.006434429083833041,-0.9880954667363135,-0.9890058741073846,0,0
302.6164596847404,189.41093412341306,60.603559569501805,0.9885042005555906,0.0046524568291024014,0.006434429083833041,1.0,0,0,0.011495799444409371,-0.0046524568291024014,-0.006434429083833041,-0.9880954667363135,-0.9890058741073846,0,0
448.2028325964311,265.2554052777127,69.7215507122142,0.9885042005555906,0.0046524568291024014,0.006434429083833041,1.0,0,0,0.011495799444409371,-0.0046524568291024014,-0.006434429083833041,-0.9880954667363135,-0.9890058741073846,0,0
312.50933522689996,284.7075611688845,74.25900132173959,0.9885042005555906,0.0046524568291024014,0.006434429083833041,1.0,0,0,0.011495799444409371,-0.0046524568291024014,-0.006434429083833041,-0.9880954667363135,-0.9890058741073846,0,0
258.2405371440609,189.41093412341306,64.767717284378,0.9885042005555906,0.0046524568291024014,0.006434429083833041,1.0,0,0,0.011495799444409371,-0.0046524568291024014,-0.006434429083833041,-0.9880954667363135,-0.9890058741073846,0,0
353.40072554933454,265.2554052777127,72.59760196071355,0.9885042005555906,0.0046524568291024014,0.006434429083833041,1.0,0,0,0.011495799444409371,-0.0046524568291024014,-0.006434429083833041,-0.9880954667363135,-0.9890058741073846,0,0
360.20900612823414,218.28532251964043,73.14379906825155,0.9885042005555906,0.0046524568291024014,0.006434429083833041,1.0,0,0,0.011495799444409371,-0.0046524568291024014,-0.006434429083833041,-0.9880954667363135,-0.9890058741073846,0,0
239.3652489782259,272.6876389629632,66.34704544306035,0.9885042005555906,0.0046524568291024014,0.006434429083833041,1.0,0,0,0.011495799444409371,-0.0046524568291024014,-0.006434429083833041,-0.9880954667363135,-0.9890058741073846,0,0
459.67991945810627,284.7075611688845,74.25900132173959,0.9885042005555906,0.0046524568291024014,0.006434429083833041,1.0,0,0,0.011495799444409371,-0.0046524568291024014,-0.006434429083833041,-0.9880954667363135,-0.9890058741073846,0,0
225.71785045590883,206.97300472647143,64.1112337943502,0.9885042005555906,0.0046524568291024014,0.006434429083833041,1.0,0,0,0.011495799444409371,-0.0046524568291024014,-0.006434429083833041,-0.9880954667363135,-0.9890058741073846,0,0
1180.1265773010464,399.01729906632625,72.32728403086773,0.9885042005555906,0.0046524568291024014,0.006434429083833041,1.0,0,0,0.011495799444409371,-0.0046524568291024014,-0.006434429083833041,-0.9880954667363135,-0.9890058741073846,0,0
900.238757316699,284.7075611688845,69.7215507122142,0.9885042005555906,0.0046524568291024014,0.006434429083833041,1.0,0,0,0.011495799444409371,-0.0046524568291024014,-0.006434429083833041,-0.9880954667363135,-0.9890058741073846,0,0
1284.2268420173286,382.4520830402873,68.23833891011859,0.9885042005555906,0.0046524568291024014,0.006434429083833041,1.0,0,0,0.011495799444409371,-0.0046524568291024014,-0.006434429083833041,-0.9880954667363135,-0.9890058741073846,0,0
769.566351540633,211.34777997197892,68.97275209823704,0.9885042005555906,0.0046524568291024014,0.006434429083833041,1.0,0,0,0.011495799444409371,-0.0046524568291024014,-0.006434429083833041,-0.9880954667363135,-0.9890058741073846,0,0
769.566351540633,459.67991945810627,71.00273031673345,0.9885042005555906,0.0046524568291024014,0.006434429083833041,1.0,0,0,0.011495799444409371,-0.0046524568291024014,-0.006434429083833041,-0.9880954667363135,-0.9890058741073846,0,0
317.7208243859324,624.3377665398167,71.26409887021845,0.9885042005555906,0.0046524568291024014,0.006434429083833041,1.0,0,0,0.011495799444409371,-0.0046524568291024014,-0.006434429083833041,-0.9880954667363135,-0.9890058741073846,0,0
312.50933522689996,213.60849807698625,69.47032576649053,0.9885042005555906,0.0046524568291024014,0.006434429083833041,1.0,0,0,0.011495799444409371,-0.0046524568291024014,-0.006434429083833041,-0.9880954667363135,-0.9890058741073846,0,0
900.238757316699,284.7075611688845,71.00273031673345,0.9885042005555906,0.0046524568291024014,0.006434429083833041,1.0,0,0,0.011495799444409371,-0.0046524568291024014,-0.006434429083833041,-0.9880954667363135,-0.9890058741073846,0,0
624.3377665398167,648.3999468665874,69.97442321249366,0.9885042005555906,0.0046524568291024014,0.006434429083833041,1.0,0,0,0.011495799444409371,-0.0046524568291024014,-0.006434429083833041,-0.9880954667363135,-0.9890058741073846,0,0
284.7075611688845,602.1580731583105,69.47032576649053,0.9885042005555906,0.0046524568291024014,0.006434429083833041,1.0,0,0,0.011495799444409371,-0.0046524568291024014,-0.006434429083833041,-0.9880954667363135,-0.9890058741073846,0,0
602.1580731583105,230.97580043058096,64.54756552171673,0.9885042005555906,0.0046524568291024014,0.006434429083833041,1.0,0,0,0.011495799444409371,-0.0046524568291024014,-0.006434429083833041,-0.9880954667363135,-0.9890058741073846,0,0
648.3999468665874,220.70517709223105,72.32728403086773,0.9885042005555906,0.0046524568291024014,0.006434429083833041,1.0,0,0,0.011495799444409371,-0.0046524568291024014,-0.006434429083833041,-0.9880954667363135,-0.9890058741073846,0,0
280.5772654118684,218.28532251964043,63.254114597104426,0.9885042005555906,0.0046524568291024014,0.006434429083833041,-0.011495799444409371,0,0,-1.0,-0.0046524568291024014,-0.006434429083833041,-0.9880954667363135,-0.9890058741073846,0,0
484.6780696502813,323.12240163650586,65.88884418534775,0.9837246779776087,0.004619139998809529,0.007506833931138558,-0.011495799444409371,0,0,-0.995220477422018,-0.004619139998809529,-0.007506833931138558,-0.9832399607572653,-0.9843021026901816,0,0
317.7208243859324,448.2028325964311,59.445249703111536,0.9642274174406132,0.004462319441880434,0.008579238778444055,-0.011495799444409371,0,0,-0.9757232168850226,-0.004462319441880434,-0.008579238778444055,-0.9636662022792272,-0.9648800787739887,0,0
955.6520228707801,448.2028325964311,75.69750294678715,0.9430609603095504,0.00431477347915486,0.005362024236527511,-0.011495799444409371,0,0,-0.9545567597539598,-0.00431477347915486,-0.005362024236527511,-0.9427268327445817,-0.9434855055538075,0,0
437.33222201576723,200.75362703878065,83.73432085224402,0.9213629678734203,0.0042682353432625195,-0.0010724048473055511,-0.011495799444409371,0,0,-0.9328587673178297,-0.0042682353432625195,0.0010724048473055511,-0.9214839940862457,-0.9213322595244,0,0
562.6000187683081,448.2028325964311,39.87305607130267,0.8993615070116101,0.004315424362174336,-0.003217214541916572,-0.011495799444409371,0,0,-0.9108573064560195,-0.004315424362174336,0.003217214541916572,-0.8996342171805287,-0.8991790134949925,0,0
448.2028325964311,703.2691653992177,30.526926956734627,0.877208719573611,0.00445796686913461,-0.009651643625749634,-0.011495799444409371,0,0,-0.8887045190180204,-0.00445796686913461,0.009651643625749634,-0.877936174836657,-0.8765705637800493,0,0
562.6000187683081,1284.2268420173286,28.892132026161015,0.8552847427496616,0.004728361436482729,-0.015013667862277175,-0.011495799444409371,0,0,-0.866780542194071,-0.004728361436482729,0.015013667862277175,-0.8563898670546305,-0.8542655831887965,0,0
512.8513118946122,427.0195773074906,23.344165399617317,0.8333621275213591,0.005092798743745624,-0.018230882404193693,-0.011495799444409371,0,0,-0.8448579269657684,-0.005092798743745624,0.018230882404193693,-0.8346918247107588,-0.832112337159389,0,0
562.6000187683081,1019.267059271828,28.831755768193197,0.8109836250875644,0.0054168053765553765,-0.010724048473055107,-0.011495799444409371,0,0,-0.8224794245319738,-0.0054168053765553765,0.010724048473055107,-0.8117799058721249,-0.810262560253672,0,0
220.70517709223105,248.42442609070224,29.56820969111582,0.7886796833898335,0.005632081757947685,-0.008579238778444086,-0.011495799444409371,0,0,-0.8001754828342429,-0.005632081757947685,0.008579238778444086,-0.7893231907190269,-0.7881093142242646,0,0
353.40072554933454,312.50933522689996,32.873131352234964,0.7710027314532693,0.005698431040825536,0.00107240484730552,-0.011495799444409371,0,0,-0.7824985308976786,-0.005698431040825536,-0.00107240484730552,-0.7709633087357508,-0.7711150432975957,0,0
209.13650375320472,236.49825525583836,29.756482389147592,0.7493051382776948,0.005558817489487734,0.011796453320360648,-0.011495799444409371,0,0,-0.7608009377221042,-0.005558817489487734,-0.011796453320360648,-0.7485065935826528,-0.7501756737629502,0,0
196.81893899271049,284.7075611688845,30.01017807866701,0.7273825230493923,0.005194380182224839,0.021448096946110252,-0.011495799444409371,0,0,-0.7388783224938017,-0.005194380182224839,-0.021448096946110252,-0.7258981438677096,-0.7289328351046143,0,0
174.67928447558052,179.3202830877122,27.6035995904869,0.7051604684015982,0.004634232171472983,0.02895493087724884,-0.011495799444409371,0,0,-0.7166562678460076,-0.004634232171472983,-0.02895493087724884,-0.7031379595909211,-0.7072347927607425,0,0
145.87739303694283,265.2554052777127,32.227138405664235,0.6830941366150999,0.003935909973468629,0.03431695511377638,-0.011495799444409371,0,0,-0.6945899360595092,-0.003935909973468629,-0.03431695511377638,-0.6806812444378231,-0.6855367504168708,0,0
194.9110753588243,206.97300472647143,30.658107400064964,0.6612556665064494,0.0032330770323050267,0.030027335724554363,-0.011495799444409371,0,0,-0.6727514659508588,-0.0032330770323050267,-0.030027335724554363,-0.6591349366557966,-0.6633835043874633,0,0
261.6981137825328,184.22292190812155,29.25815894523266,0.6393369846183521,0.0026805760933723086,0.020375692098804757,-0.011495799444409371,0,0,-0.6508327840627615,-0.0026805760933723086,-0.020375692098804757,-0.6378920979974606,-0.64077505467252,0,0
448.2028325964311,245.3252030939217,30.59241608131846,0.6174147728203838,0.0022926290813401746,0.015013667862277216,-0.011495799444409371,0,0,-0.6289105722647932,-0.0022926290813401746,-0.015013667862277216,-0.6163457902154341,-0.6184700740812673,0,0
245.3252030939217,218.28532251964043,30.724001887465562,0.5954147921596551,0.0020330952977274017,0.008579238778444178,-0.011495799444409371,0,0,-0.6069105916040645,-0.0020330952977274017,-0.008579238778444178,-0.5947994824334076,-0.5960133589281693,0,0
528.3325926770696,202.78305134967044,26.661827824936275,0.5731099270018124,0.0021048550818513535,-0.0150136678622771,-0.011495799444409371,0,0,-0.5846057264462218,-0.0021048550818513535,0.0150136678622771,-0.5741635820224527,-0.5720392981566187,0,0
317.7208243859324,177.7453057985956,39.77550372711136,0.551037375377217,0.0025665012489796447,-0.026810121182637727,-0.011495799444409371,0,0,-0.5625331748216263,-0.0025665012489796447,0.026810121182637727,-0.5529207433641167,-0.5491273793179848,0,0
317.7208243859324,143.82153882231913,562.6000187683081,0.5290450861671498,0.003203464480287568,-0.03109974057185977,-0.011495799444409371,0,0,-0.5405408856115592,-0.003203464480287568,0.03109974057185977,-0.5312227010202449,-0.5268223987267321,0,0
288.9697116820819,66.34704544306035,82.68751571021457,0.5071311693568645,0.003920488211427159,-0.03431695511377629,-0.011495799444409371,0,0,-0.5186269688012739,-0.003920488211427159,0.03431695511377629,-0.5095246586763732,-0.5046691526973246,0,0
239.3652489782259,38.91410827618916,251.60762066022812,0.48529507342778316,0.004693576437672944,-0.03646176480838731,-0.011495799444409371,0,0,-0.49679087287219253,-0.004693576437672944,0.03646176480838731,-0.48782661633250146,-0.48266764122976236,0,0
346.8640580657511,43.654616942576325,31.462535589252198,0.46322950321396644,0.005415562270758139,-0.02895493087724875,-0.011495799444409371,0,0,-0.4747253026583758,-0.005415562270758139,0.02895493087724875,-0.46521816661755816,-0.46112133344773587,0,0
734.7683303247097,44.22514953619365,25.86691420803121,0.441159744242006,0.005995554791075093,-0.02359290664072121,-0.011495799444409371,0,0,-0.45265554368641536,-0.005995554791075093,0.02359290664072121,-0.4427614514644601,-0.43942329110386413,0,0
512.8513118946122,50.53075884371071,25.405269406077494,0.4190867102382097,0.006433529985927299,-0.01608607270958265,-0.011495799444409371,0,0,-0.4305825096826191,-0.006433529985927299,0.01608607270958265,-0.4201530017495168,-0.41787698332183765,0,0
239.3652489782259,35.7417900319635,26.33993847596105,0.3970856542210188,0.006575096174346748,0.003217214541916563,-0.011495799444409371,0,0,-0.4085814536654282,-0.006575096174346748,-0.003217214541916563,-0.39678587922534725,-0.39724108291088267,0,0
900.238757316699,38.72664396960077,27.889309733104497,0.3749345609960602,0.0062662619491512285,0.02466531148802682,-0.011495799444409371,0,0,-0.3864303604404696,-0.0062662619491512285,-0.02466531148802682,-0.37311528757748713,-0.3766051824999277,0,0
312.50933522689996,37.276083951504475,26.446644470518727,0.3527173373787121,0.005539314014120429,0.040751384197609486,-0.011495799444409371,0,0,-0.36421313682312145,-0.005539314014120429,-0.040751384197609486,-0.3497481650533176,-0.35551407840343696,0,0
459.67991945810627,36.66766191762644,25.918902602329858,0.33097167117266607,0.0044306474258521186,0.06112707629641422,-0.011495799444409371,0,0,-0.34246747061707544,-0.0044306474258521186,-0.06112707629641422,-0.32653277709099326,-0.33518164711617254,0,0
288.9697116820819,36.07430705116846,25.053809401176977,0.3136358358729981,0.003285638183811628,0.07077871992216385,-0.011495799444409371,0,0,-0.32513163531740746,-0.003285638183811628,-0.07077871992216385,-0.3084763642314077,-0.31849084531319427,0,0
220.70517709223105,35.41390242737805,24.131786407761517,0.29198887901777415,0.0017975856092950421,0.06648910053294178,-0.011495799444409371,0,0,-0.3034846784621835,-0.0017975856092950421,-0.06648910053294178,-0.28708179101122644,-0.29648933384563203,0,0
624.3377665398167,36.411556150709906,22.80812501336112,0.2701813544276517,0.0004394169596760684,0.0579098617544977,-0.011495799444409371,0,0,-0.28167715387206105,-0.0004394169596760684,-0.0579098617544977,-0.26583895235289046,-0.274032618692534,0,0
734.7683303247097,35.99073822658538,19.313234243315314,0.24820545716031078,-0.0006219247160124588,0.03860657450299849,-0.011495799444409371,0,0,-0.25970125660472015,0.0006219247160124588,-0.03860657450299849,-0.2452030519419355,-0.2506654961683644,0,0
459.67991945810627,35.99073822658538,22.58943126976108,0.22628511119545006,-0.001103905815163036,0.005362024236527582,-0.011495799444409371,0,0,-0.23778091063985943,0.001103905815163036,-0.005362024236527582,-0.22562929346389735,-0.2263879662731233,0,0
312.50933522689996,36.753643113630005,22.117607626819968,0.20428513053472133,-0.0008443720315502647,-0.028954930877248847,-0.011495799444409371,0,0,-0.2157809299791307,0.0008443720315502647,0.028954930877248847,-0.20605553498585918,-0.20195870181603692,0,0
126.84939257625024,35.7417900319635,27.717394716872157,0.18261015396549093,0.00015584408497883802,-0.06327188599102526,-0.011495799444409371,0,0,-0.1941059534099003,-0.00015584408497883802,0.06327188599102526,-0.18678524563151155,-0.17783290648264105,0,0
137.98997206957193,37.63074993470196,33.5384100204288,0.16135585095354643,0.0018116902134061466,-0.09222681686827411,-0.011495799444409371,0,0,-0.1728516503979558,-0.0018116902134061466,0.09222681686827411,-0.16751495627716392,-0.15446578395847146,0,0
125.29273453547381,37.900177953656964,28.29625192435787,0.141282006200411,0.0038856422741737617,-0.11367491381438437,-0.011495799444409371,0,0,-0.15277780564482038,-0.0038856422741737617,0.11367491381438437,-0.1488516051701973,-0.1327677416145997,0,0
115.37236097408694,37.63074993470196,29.196701571220196,0.12017886582464286,0.006317855370248563,-0.11581972350899536,-0.011495799444409371,0,0,-0.13167466526905225,-0.006317855370248563,0.11581972350899536,-0.12776050107370657,-0.11137316839441846,0,0
130.08105893503551,38.63343878442909,50.67478248141688,0.0986846554562874,0.00866676471155995,-0.10187846049402371,-0.011495799444409371,0,0,-0.11018045490069678,-0.00866676471155995,0.10187846049402371,-0.10515205135876327,-0.09073726798346352,0,0
133.48121220361529,41.80075928277381,43.76776822876407,0.07728455216421237,0.010403253813155568,-0.0600546714491087,-0.011495799444409371,0,0,-0.08878035160862174,-0.010403253813155568,0.0600546714491087,-0.08072278690167689,-0.07222565143834216,0,0
228.31501027837746,36.24233355390543,61.599435781669065,0.05582796554240058,0.011174425552866395,-0.011796453320360646,-0.011495799444409371,0,0,-0.06732376498680995,-0.011174425552866395,0.011796453320360646,-0.05583831875905474,-0.054169238578756565,0,0
1284.2268420173286,37.63074993470196,66.11723490259166,0.04035176109907712,0.011025050104553364,0.031099740571859866,-0.011495799444409371,0,0,-0.05184756054348649,-0.011025050104553364,-0.031099740571859866,-0.03732670221393339,-0.041727004507445487,0,0
196.81893899271049,851.4899528953961,60.603559569501805,0.025352501006720637,0.01020388191767122,0.07828555385330242,-0.011495799444409371,0,0,-0.03684830045113001,-0.01020388191767122,-0.07828555385330242,-0.01896682023065729,-0.030043443245360697,0,0
293.3703955349555,198.76603234393832,45.766561441787665,0.014182363847910797,0.009061931953696707,0.125471367134745,-0.011495799444409371,0,0,-0.02567816329232017,-0.009061931953696707,-0.125471367134745,-0.004400302293512617,-0.022153246029407332,0,0
1284.2268420173286,50.96490904549061,45.16350334108189,0.006442113433341298,0.007988490826631892,0.1501366786227718,-0.011495799444409371,0,0,-0.01793791287775067,-0.007988490826631892,-0.1501366786227718,0.005158975102738576,-0.01608386355559705,0,0
769.566351540633,45.64490144276858,44.92590039496099,0.0023947109395825563,0.0073540027850827975,0.16086072709582694,-0.011495799444409371,0,0,-0.013890510383991927,-0.0073540027850827975,-0.16086072709582694,0.010014481081786802,-0.012745703195001398,0,0
1411.3480414449798,46.25855108998474,40.869665833746936,0.0006706726266874612,0.0070846822732580405,0.1490642737754663,-0.011495799444409371,0,0,-0.012166472071096833,-0.0070846822732580405,-0.1490642737754663,0.010924888452858343,-0.010166215643632029,0,0
265.2554052777127,44.92590039496099,57.59853319318177,7.008389929731107e-05,0.006997119629020707,0.1404850349970222,-0.011495799444409371,0,0,-0.011565883343706682,-0.006997119629020707,-0.1404850349970222,0.010924888452858343,-0.008952339148869972,0,0
417.22151175368833,39.67832560006777,54.842902515546676,7.008389929731107e-05,0.006997119629020707,0.1404850349970222,-0.011495799444409371,0,0,-0.011565883343706682,-0.006997119629020707,-0.1404850349970222,0.010924888452858343,-0.008952339148869972,0,0
390.5444991736698,37.0134486413167,64.3287418393918,7.008389929731107e-05,0.006997119629020707,0.1404850349970222,-0.011495799444409371,0,0,-0.011565883343706682,-0.006997119629020707,-0.1404850349970222,0.010924888452858343,-0.008952339148869972,0,0
808.2350827585409,37.99065036400073,53.70767109186179,7.008389929731107e-05,0.006997119629020707,0.1404850349970222,-0.011495799444409371,0,0,-0.011565883343706682,-0.006997119629020707,-0.1404850349970222,0.010924888452858343,-0.008952339148869972,0,0
317.7208243859324,37.18822146772475,53.867377246779164,7.008389929731107e-05,0.006997119629020707,0.1404850349970222,-0.011495799444409371,0,0,-0.011565883343706682,-0.006997119629020707,-0.1404850349970222,0.010924888452858343,-0.008952339148869972,0,0
317.7208243859324,40.46635602354186,65.43626790658098,7.008389929731107e-05,0.006997119629020707,0.1404850349970222,-0.011495799444409371,0,0,-0.011565883343706682,-0.006997119629020707,-0.1404850349970222,0.010924888452858343,-0.008952339148869972,0,0
512.8513118946122,43.654616942576325,55.84911445261101,7.008389929731107e-05,0.006997119629020707,0.1404850349970222,-0.011495799444409371,0,0,-0.011565883343706682,-0.006997119629020707,-0.1404850349970222,0.010924888452858343,-0.008952339148869972,0,0
512.8513118946122,43.654616942576325,59.255959637469736,7.008389929731107e-05,0.006997119629020707,0.1404850349970222,-0.011495799444409371,0,0,-0.011565883343706682,-0.006997119629020707,-0.1404850349970222,0.010924888452858343,-0.008952339148869972,0,0
168.8620920208621,43.20669553443567,59.827016433695995,7.008389929731107e-05,0.006997119629020707,0.1404850349970222,-0.011495799444409371,0,0,-0.011565883343706682,-0.006997119629020707,-0.1404850349970222,0.010924888452858343,-0.008952339148869972,0,0
167.46934895889862,43.09587104878454,54.514390532308475,7.008389929731107e-05,0.006997119629020707,0.1404850349970222,-0.011495799444409371,0,0,-0.011565883343706682,-0.006997119629020707,-0.1404850349970222,0.010924888452858343,-0.008952339148869972,0,0
769.566351540633,42.875588389285745,61.599435781669065,7.008389929731107e-05,0.006997119629020707,0.1404850349970222,-0.011495799444409371,0,0,-0.011565883343706682,-0.006997119629020707,-0.1404850349970222,0.010924888452858343,-0.008952339148869972,0,0
769.566351540633,42.22546365252094,59.445249703111536,7.008389929731107e-05,0.006997119629020707,0.1404850349970222,-0.011495799444409371,0,0,-0.011565883343706682,-0.006997119629020707,-0.1404850349970222,0.010924888452858343,-0.008952339148869972,0,0
512.8513118946122,41.176340005486864,50.102785059575574,7.008389929731107e-05,0.006997119629020707,0.1404850349970222,1.0000700838992973,0,0,1.0,-0.006997119629020707,-0.1404850349970222,0.010924888452858343,-0.008952339148869972,0,0
427.0195773074906,40.36651046494504,60.01951173605402,0.0021740728717657247,0.007290057073490075,0.13619541560780013,1.0000700838992973,0,0,0.9978960110275316,-0.007290057073490075,-0.13619541560780013,0.008497135463334232,-0.010773153891013056,0,0
459.67991945810627,43.20669553443567,56.0199058821893,0.021709685855574878,0.009403731081950816,0.07935795870060794,1.0000700838992973,0,0,0.9783603980437224,-0.009403731081950816,-0.07935795870060794,-0.015173456184525865,-0.02640181376107453,0,0
280.5772654118684,38.08145749517021,48.44999661828506,0.044367003715054386,0.010510160014798434,0.01823088240419371,1.0000700838992973,0,0,0.9557030801842429,-0.010510160014798434,-0.01823088240419371,-0.042182208192981616,-0.04476169574435063,0,0
323.12240163650586,36.92653473301203,59.255959637469736,0.06720131867702252,0.010228537991366657,-0.04289619389222055,1.0000700838992973,0,0,0.9328687652222748,-0.010228537991366657,0.04289619389222055,-0.06934269476328263,-0.06327331228947199,0,0
145.87739303694283,37.276083951504475,46.01147903511478,0.08997578247734475,0.008552516107781847,-0.1040232701886348,1.0000700838992973,0,0,0.9100943014219526,-0.008552516107781847,0.1040232701886348,-0.09650318133358364,-0.08178492883459335,0,0
147.99350743133397,37.99065036400073,43.88139400932728,0.11253502665389414,0.005534819884469192,-0.16193313194313252,1.0000700838992973,0,0,0.8875350572454032,-0.005534819884469192,0.16193313194313252,-0.12336019878019414,-0.10044827994155996,0,0
103.08353533160607,37.63074993470196,39.38901428946319,0.13446163907331826,0.0014438753743933504,-0.20697413552996408,1.0000700838992973,0,0,0.8656084448259791,-0.0014438753743933504,0.20697413552996408,-0.14885160517019733,-0.11956683473406235,0,0
85.53518482670935,44.34070465302382,27.660416147404213,0.15632198353270274,-0.0033548423287557434,-0.2252050179341578,1.0000700838992973,0,0,0.8437481003665945,0.0033548423287557434,0.2252050179341578,-0.17252219681805742,-0.14065793883055308,0,0
112.19442975602797,49.264827372609226,26.28680469382479,0.1775228585550484,-0.007973060582945508,-0.20375692098804754,1.0000700838992973,0,0,0.822547225344249,0.007973060582945508,0.20375692098804754,-0.1927028935434766,-0.16387332679287742,0,0
142.81538054950164,50.24476518910293,28.592015692053423,0.19947956291967817,-0.011899291933797282,-0.15013667862277186,1.0000700838992973,0,0,0.8005905209796191,0.011899291933797282,0.15013667862277186,-0.21121451008859796,-0.1899716714302616,0,0
143.82153882231913,45.16350334108189,22.28772229885734,0.22246548835177005,-0.014560992404422962,-0.0804303635479135,1.0000700838992973,0,0,0.7776045955475273,0.014560992404422962,0.0804303635479135,-0.2294226575100288,-0.21804256537163416,0,0
407.8990969411948,44.22514953619365,21.09047995583375,0.24520258982935145,-0.015585787365153137,-0.009651643625749662,1.0000700838992973,0,0,0.7548674940699458,0.015585787365153137,0.009651643625749662,-0.24717560124592386,-0.2458099901893162,0,0
1284.2268420173286,37.452770077611675,20.579729421340247,0.26803138999653925,-0.015010345210763007,0.06005467144910866,1.0000700838992973,0,0,0.7320386939027581,0.015010345210763007,-0.06005467144910866,-0.2650802795436642,-0.2735774150069982,0,0
261.6981137825328,37.72022963544492,25.354659483658537,0.2909924171032268,-0.012837020020325843,0.12868858167666147,1.0000700838992973,0,0,0.7090776667960705,0.012837020020325843,-0.12868858167666147,-0.28328842696509504,-0.3014965743865255,0,0
225.71785045590883,40.36651046494504,23.896588216502984,0.3138231832073335,-0.00906958900375875,0.19839489675151983,1.0000700838992973,0,0,0.6862469006919638,0.00906958900375875,-0.19839489675151983,-0.3014965743865259,-0.32956746832789807,0,0
624.3377665398167,40.167981003823776,25.25384320516452,0.33641851902432357,-0.003739951346405557,0.26488399728446166,1.0000700838992973,0,0,0.6636515648749737,0.003739951346405557,-0.26488399728446166,-0.32000819093164723,-0.35748662770742534,0,0
1284.2268420173286,40.97148724743448,27.044189133291546,0.35786206835174833,0.0023989696840740257,0.292766523314405,1.0000700838992973,0,0,0.6422080155475489,-0.0023989696840740257,-0.292766523314405,-0.34034062221891165,-0.38176415760266647,0,0
769.566351540633,38.08145749517021,137.0639518589543,0.3791066510618449,0.008678620559188523,0.28204247484134987,1.0000700838992973,0,0,0.6209634328374525,-0.008678620559188523,-0.28204247484134987,-0.36325254105754545,-0.4031587308228477,0,0
1284.2268420173286,46.01147903511478,198.76603234393832,0.4006890542103097,0.014309964405314297,0.22842223247607418,1.0000700838992973,0,0,0.5993810296889877,-0.014309964405314297,-0.22842223247607418,-0.38935088569492965,-0.42167034736796905,0,0
211.34777997197892,39.87305607130267,265.2554052777127,0.4227724694803379,0.018786574859376716,0.17158477556888202,1.0000700838992973,0,0,0.5772976144189594,-0.018786574859376716,-0.17158477556888202,-0.4159044340178496,-0.4401819639130904,0,0
312.50933522689996,93.09781934285294,1411.3480414449798,0.44522816650807673,0.02199903630931428,0.1126025089670788,1.0000700838992973,0,0,0.5548419173912206,-0.02199903630931428,-0.1126025089670788,-0.4427614514644601,-0.45869358045821174,0,0
138.92864283985838,471.8179059817352,88.96683466233691,0.46798539343309364,0.023894787724908995,0.053620242365275614,1.0000700838992973,0,0,0.5320846904662037,-0.023894787724908995,-0.053620242365275614,-0.46977020347291587,-0.47735693156517833,0,0
261.6981137825328,194.9110753588243,33.01927315595455,0.49066310718696227,0.024442086972606896,-0.005362024236527617,1.0000700838992973,0,0,0.509406976712335,-0.024442086972606896,0.005362024236527617,-0.4966272209195264,-0.4958685481102997,0,0
225.71785045590883,544.8761250677193,39.87305607130267,0.513409040446422,0.0236367867369342,-0.06541669568563632,1.0000700838992973,0,0,0.4866610434528753,-0.0236367867369342,0.06541669568563632,-0.5236359729279821,-0.514380164655421,0,0
134.3591943699604,1411.3480414449798,105.22351709380416,0.5360656357288008,0.021467759645387594,-0.12547136713474502,1.0000700838992973,0,0,0.46400444817049646,-0.021467759645387594,0.12547136713474502,-0.5506447249364379,-0.5328917812005424,0,0
102.56164513946942,399.01729906632625,121.56203207857888,0.5584050434529995,0.017990280523216797,-0.18338122888924274,1.0000700838992973,0,0,0.44166504044629784,-0.017990280523216797,0.18338122888924274,-0.5773500078212032,-0.5514033977456637,0,0
82.68751571021457,390.5444991736698,427.0195773074906,0.5804391824139036,0.013277108406955371,-0.2380738761018239,1.0000700838992973,0,0,0.4196309014853937,-0.013277108406955371,0.2380738761018239,-0.6037518215822779,-0.5700667488526303,0,0
72.59760196071355,407.8990969411948,459.67991945810627,0.6010758929905133,0.00792795898841954,-0.2691736166736838,1.0000700838992973,0,0,0.39899419090878396,-0.00792795898841954,0.2691736166736838,-0.6272706786682928,-0.5891853036451327,0,0
75.69750294678715,734.7683303247097,49.820833293006025,0.6219006743743657,0.002398776467235071,-0.24987032942218457,1.0000700838992973,0,0,0.3781694095249316,-0.002398776467235071,0.24987032942218457,-0.647451375393712,-0.6120972224837665,0,0
64.98920973082122,390.5444991736698,36.24233355390543,0.6438221338494325,-0.0024749972195896993,-0.1876708482784648,1.0000700838992973,0,0,0.35624795004986476,0.0024749972195896993,0.1876708482784648,-0.6655077882532976,-0.638954239930377,0,0
139.88023555455067,459.67991945810627,32.873131352234964,0.666095788968509,-0.005881103322220376,-0.11581972350899543,1.0000700838992973,0,0,0.33397429493078834,0.005881103322220376,0.11581972350899543,-0.6829572628655022,-0.6665699301862138,0,0
128.44498763419128,417.22151175368833,25.10361938144616,0.6887077465954491,-0.0076915203588157,-0.04396859873952609,1.0000700838992973,0,0,0.3113623373038482,0.0076915203588157,0.04396859873952609,-0.700558472039552,-0.6943373550038958,0,0
194.9110753588243,193.04122344313365,30.13818450719404,0.711391329866117,-0.007873969177966672,0.027882526029943247,1.0000700838992973,0,0,0.28867875403318033,0.007873969177966672,-0.027882526029943247,-0.7181596812136019,-0.7221047798215778,0,0
115.37236097408694,382.4520830402873,38.172601280949785,0.7343323347958094,-0.006408157629949597,0.09973365079941263,1.0000700838992973,0,0,0.2657377491034879,0.006408157629949597,-0.09973365079941263,-0.7360643595113422,-0.7501756737629504,0,0
459.67991945810627,1411.3480414449798,38.44807213279861,0.7571055710042787,-0.003274785122293255,0.17372958526349302,1.0000700838992973,0,0,0.24296451289501864,0.003274785122293255,-0.17372958526349302,-0.7538173032472373,-0.7783983022661681,0,0
245.3252030939217,648.3999468665874,37.0134486413167,0.7795899876967425,0.0015094929505327917,0.2455807100329624,1.0000700838992973,0,0,0.22048009620255482,-0.0015094929505327917,-0.2455807100329624,-0.7717219815449776,-0.8064691962075407,0,0
769.566351540633,1411.3480414449798,59.067719529011335,0.8014912004968038,0.00770326935913873,0.3056353814820711,1.0000700838992973,0,0,0.19857888340249352,-0.00770326935913873,-0.3056353814820711,-0.790233598090099,-0.8334779482159964,0,0
215.92040254306553,427.0195773074906,78.419964244608,0.8229168371157021,0.014678895970480648,0.3238662638862648,1.0000700838992973,0,0,0.17715324678359523,-0.014678895970480648,-0.3238662638862648,-0.811476436748435,-0.8573002744257018,0,0
602.1580731583105,581.6409617069837,85.90410486184942,0.8440218573029304,0.021412723450906997,0.2938389281617105,1.0000700838992973,0,0,0.15604822659636686,-0.021412723450906997,-0.2938389281617105,-0.8357539666436761,-0.8773292365892758,0,0
248.42442609070224,703.2691653992177,83.73432085224402,0.8656890295847015,0.027315070507750814,0.2380738761018238,1.0000700838992973,0,0,0.1343810543145958,-0.027315070507750814,-0.2380738761018238,-0.8621557804047508,-0.8958408531343971,0,0
187.6483042942066,1411.3480414449798,86.2760268879407,0.8879584193105549,0.03201616288627612,0.1780192046527151,1.0000700838992973,0,0,0.11211166458874244,-0.03201616288627612,-0.1780192046527151,-0.8891645324132066,-0.9143524696795184,0,0
122.29045980286173,581.6409617069837,75.99135610686974,0.9103929812731346,0.035373046428506895,0.11903693805091187,1.0000700838992973,0,0,0.08967710262616269,-0.035373046428506895,-0.11903693805091187,-0.9160215498598171,-0.9328640862246398,0,0
196.81893899271049,1411.3480414449798,63.89502910136053,0.9325351516536444,0.03733716694516845,0.057909861754497666,1.0000700838992973,0,0,0.06753493224565288,-0.03733716694516845,-0.057909861754497666,-0.9425750981827371,-0.9507687645223801,0,0
459.67991945810627,544.8761250677193,66.5782896093539,0.9515707193441789,0.03785784953826563,-0.003217214541916563,1.0000700838992973,0,0,0.048499364555118385,-0.03785784953826563,0.003217214541916563,-0.9659422207069067,-0.9654870170213701,0,0
258.2405371440609,236.49825525583836,86.2760268879407,0.9662808392849871,0.0373686379776283,-0.06327188599102529,1.0000700838992973,0,0,0.03378924461431021,-0.0373686379776283,0.06327188599102529,-0.9849090409375638,-0.9759567017886928,0,0
151.28683687310368,1284.2268420173286,68.23833891011859,0.9770092664078791,0.03638797685968388,-0.11903693805091195,1.0000700838992973,0,0,0.023060817491418195,-0.03638797685968388,0.11903693805091195,-0.9996272934365538,-0.9827847570717293,0,0
399.01729906632625,448.2028325964311,211.34777997197892,0.9835380923709779,0.035418225777847964,-0.17587439495810414,1.0000700838992973,0,0,0.016531991528319412,-0.035418225777847964,0.17587439495810414,-1.0102487127657218,-0.9853642446230987,0,0
196.81893899271049,268.9169663380496,68.97275209823704,0.9874754408136464,0.03460247218716743,-0.2327118518652963,1.0000700838992973,0,0,0.012594643085650947,-0.03460247218716743,0.2327118518652963,-1.0182906445435205,-0.9853642446230987,0,0
258.2405371440609,239.3652489782259,64.1112337943502,0.9893882909644243,0.03412085505984124,-0.26059437789523965,1.0000700838992973,0,0,0.010681792934873036,-0.03412085505984124,0.26059437789523965,-1.0222357431514972,-0.9853642446230987,0,0
317.7208243859324,390.5444991736698,60.40777364647001,0.9893882909644243,0.03412085505984124,-0.26059437789523965,1.0000700838992973,0,0,0.010681792934873036,-0.03412085505984124,0.26059437789523965,-1.0222357431514972,-0.9853642446230987,0,0
293.3703955349555,268.9169663380496,68.48157158520587,0.9893882909644243,0.03412085505984124,-0.26059437789523965,1.0000700838992973,0,0,0.010681792934873036,-0.03412085505984124,0.26059437789523965,-1.0222357431514972,-0.9853642446230987,0,0
225.71785045590883,225.71785045590883,72.59760196071355,0.9893882909644243,0.03412085505984124,-0.26059437789523965,1.0000700838992973,0,0,0.010681792934873036,-0.03412085505984124,0.26059437789523965,-1.0222357431514972,-0.9853642446230987,0,0
265.2554052777127,346.8640580657511,61.599435781669065,0.9893882909644243,0.03412085505984124,-0.26059437789523965,1.0000700838992973,0,0,0.010681792934873036,-0.03412085505984124,0.26059437789523965,-1.0222357431514972,-0.9853642446230987,0,0
242.3065498311679,248.42442609070224,68.72637072202204,0.9893882909644243,0.03412085505984124,-0.26059437789523965,1.0000700838992973,0,0,0.010681792934873036,-0.03412085505984124,0.26059437789523965,-1.0222357431514972,-0.9853642446230987,0,0
245.3252030939217,261.6981137825328,72.59760196071355,0.9893882909644243,0.03412085505984124,-0.26059437789523965,1.0000700838992973,0,0,0.010681792934873036,-0.03412085505984124,0.26059437789523965,-1.0222357431514972,-0.9853642446230987,0,0
312.50933522689996,346.8640580657511,54.842902515546676,0.9893882909644243,0.03412085505984124,-0.26059437789523965,1.0000700838992973,0,0,0.010681792934873036,-0.03412085505984124,0.26059437789523965,-1.0222357431514972,-0.9853642446230987,0,0
206.97300472647143,179.3202830877122,64.54756552171673,0.9893882909644243,0.03412085505984124,-0.26059437789523965,1.0000700838992973,0,0,0.010681792934873036,-0.03412085505984124,0.26059437789523965,-1.0222357431514972,-0.9853642446230987,0,0
145.87739303694283,284.7075611688845,74.25900132173959,0.9893882909644243,0.03412085505984124,-0.26059437789523965,1.0000700838992973,0,0,0.010681792934873036,-0.03412085505984124,0.26059437789523965,-1.0222357431514972,-0.9853642446230987,0,0
288.9697116820819,261.6981137825328,59.445249703111536,0.9893882909644243,0.03412085505984124,-0.26059437789523965,1.0000700838992973,0,0,0.010681792934873036,-0.03412085505984124,0.26059437789523965,-1.0222357431514972,-0.9853642446230987,0,0
367.3069052663625,390.5444991736698,59.635598880684206,0.9893882909644243,0.03412085505984124,-0.26059437789523965,1.0000700838992973,0,0,0.010681792934873036,-0.03412085505984124,0.26059437789523965,-1.0222357431514972,-0.9853642446230987,0,0
242.3065498311679,312.50933522689996,59.255959637469736,0.9893882909644243,0.03412085505984124,-0.26059437789523965,1.0000700838992973,0,0,0.010681792934873036,-0.03412085505984124,0.26059437789523965,-1.0222357431514972,-0.9853642446230987,0,0
288.9697116820819,317.7208243859324,59.255959637469736,0.9893882909644243,0.03412085505984124,-0.26059437789523965,-0.010611709035575734,0,0,-1.0,-0.03412085505984124,0.26059437789523965,-1.0222357431514972,-0.9853642446230987,0,0
317.7208243859324,851.4899528953961,48.854583701372256,0.9846900807552347,0.0353467258290659,-0.2498703294221845,-0.010611709035575734,0,0,-0.9953017897908104,-0.0353467258290659,0.2498703294221845,-1.0166215643632228,-0.9812674114532768,0,0
648.3999468665874,448.2028325964311,64.3287418393918,0.9648375520211647,0.039738179451074856,-0.18552603858385375,-0.010611709035575734,0,0,-0.9754492610567405,-0.039738179451074856,0.18552603858385375,-0.9917370962206007,-0.9654870170213701,0,0
390.5444991736698,648.3999468665874,61.397967211159504,0.9431638606763395,0.043052538587978105,-0.11796453320360643,-0.010611709035575734,0,0,-0.9537755697119152,-0.043052538587978105,0.11796453320360643,-0.9650318133358354,-0.948341011532856,0,0
312.50933522689996,734.7683303247097,63.89502910136053,0.9205619355637648,0.044984174882546274,-0.052547837517970195,-0.010611709035575734,0,0,-0.9311736445993405,-0.044984174882546274,0.052547837517970195,-0.9377195922036892,-0.9302845986732704,0,0
390.5444991736698,130.08105893503551,108.02276929750369,0.8976542852766546,0.04542642276733825,0.013941263014971617,-0.010611709035575734,0,0,-0.9082659943122303,-0.04542642276733825,-0.013941263014971617,-0.9101039019478524,-0.9120764512518396,0,0
261.6981137825328,544.8761250677193,75.99135610686974,0.8749205984483709,0.044328483102832876,0.08257517324252446,-0.010611709035575734,0,0,-0.8855323074839466,-0.044328483102832876,-0.08257517324252446,-0.8824882116920156,-0.8941717729540992,0,0
648.3999468665874,544.8761250677193,62.833136667956715,0.8521565540184666,0.041729578321683135,0.14477465438624418,-0.010611709035575734,0,0,-0.8627682630540423,-0.041729578321683135,-0.14477465438624418,-0.8551759905598694,-0.8756601564089779,0,0
512.8513118946122,624.3377665398167,63.89502910136053,0.8297517536463954,0.03772321980040582,0.20911894522457491,-0.010611709035575734,0,0,-0.8403634626819712,-0.03772321980040582,-0.20911894522457491,-0.8278637694277231,-0.857452008987547,0,0
1284.2268420173286,1411.3480414449798,76.58539900875073,0.807939861298528,0.03238042954882116,0.2713184263682947,-0.010611709035575734,0,0,-0.8185515703341038,-0.03238042954882116,-0.2713184263682947,-0.8010067519811126,-0.8393955961279614,0,0
1284.2268420173286,1411.3480414449798,76.28731360165042,0.7868474897626483,0.026121166824690872,0.3056353814820711,-0.010611709035575734,0,0,-0.797459198798224,-0.026121166824690872,-0.3056353814820711,-0.7765774875240262,-0.8198218376499233,0,0
284.7075611688845,471.8179059817352,53.548770921812995,0.7656232199474204,0.019773200185689857,0.27560804575751674,-0.010611709035575734,0,0,-0.7762349289829962,-0.019773200185689857,-0.27560804575751674,-0.7565485253604523,-0.7955443077546822,0,0
471.8179059817352,1411.3480414449798,47.26898596692454,0.7482034558665944,0.01531765996314205,0.22520501793415762,-0.010611709035575734,0,0,-0.7588151649021702,-0.01531765996314205,-0.22520501793415762,-0.7421337419851528,-0.7739979999726557,0,0
184.22292190812155,1411.3480414449798,30.01017807866701,0.726245223850171,0.010988872813099453,0.1640779416377434,-0.010611709035575734,0,0,-0.7368569328857467,-0.010988872813099453,-0.1640779416377434,-0.7240773291255672,-0.7472927170878905,0,0
185.91929651913173,624.3377665398167,35.17096471366344,0.7043611905915925,0.00807344132848416,0.10080605564671817,-0.010611709035575734,0,0,-0.7149728996271683,-0.00807344132848416,-0.10080605564671817,-0.7064761199515174,-0.7207391687649705,0,0
177.7453057985956,215.92040254306553,28.831755768193197,0.681955708424334,0.006557385814975279,0.03431695511377636,-0.010611709035575734,0,0,-0.6925674174599097,-0.006557385814975279,-0.03431695511377636,-0.6887231762156223,-0.6935786821946694,0,0
242.3065498311679,209.13650375320472,28.473193408840125,0.6594990449240035,0.006509220471534255,-0.03002733572455439,-0.010611709035575734,0,0,-0.6701107539595792,-0.006509220471534255,0.03002733572455439,-0.670818497917882,-0.6665699301862137,0,0
261.6981137825328,1411.3480414449798,31.945994776763527,0.6368608915445381,0.007955681372052756,-0.09758884110480168,-0.010611709035575734,0,0,-0.6474726005801138,-0.007955681372052756,0.09758884110480168,-0.6529138196201416,-0.6391059744922222,0,0
114.72272976706012,448.2028325964311,37.81003834541127,0.6144488405980094,0.01092922654294294,-0.16622275133235448,-0.010611709035575734,0,0,-0.6250605496335851,-0.01092922654294294,0.16622275133235448,-0.6351608758842465,-0.6116420187982307,0,0
88.18202887947652,1093.1463157010076,115.37236097408694,0.5920728838574992,0.015490126749400195,-0.23592906640721278,-0.010611709035575734,0,0,-0.602684592893075,-0.015490126749400195,0.23592906640721278,-0.6172561975865062,-0.5838745939805486,0,0
72.59760196071355,734.7683303247097,54.842902515546676,0.5701129119502988,0.021472235252958115,-0.2959837378563215,-0.010611709035575734,0,0,-0.5807246209858745,-0.021472235252958115,0.2959837378563215,-0.5987445810413848,-0.5568658419720929,0,0
71.79211210149265,437.33222201576723,48.05094550934816,0.5492687033664254,0.028024465357402172,-0.3131422154132097,-0.010611709035575734,0,0,-0.5598804124020011,-0.028024465357402172,0.3131422154132097,-0.5781086806304299,-0.5338021885716138,0,0
74.828338960275,528.3325926770696,28.29625192435787,0.5281341560946404,0.03440737723371224,-0.27346323606290573,-0.010611709035575734,0,0,-0.5387458651302162,-0.03440737723371224,0.27346323606290573,-0.5532242124878077,-0.5145318992172662,0,0
108.02276929750369,218.28532251964043,28.892132026161015,0.505962587940399,0.039876089726453956,-0.2101913500718805,-0.010611709035575734,0,0,-0.5165742969759747,-0.039876089726453956,0.2101913500718805,-0.5259119913556615,-0.49617201723399007,0,0
100.02692680886574,581.6409617069837,30.526926956734627,0.4834171242652363,0.04395752238424264,-0.14799186892816077,-0.010611709035575734,0,0,-0.49402883330081204,-0.04395752238424264,0.14799186892816077,-0.4985997702235152,-0.4776604006888687,0,0
734.7683303247097,602.1580731583105,33.01927315595455,0.4607326535929096,0.04658431530771257,-0.0825751732425245,-0.010611709035575734,0,0,-0.47134436262848534,-0.04658431530771257,0.0825751732425245,-0.4711358145295237,-0.4594522532674379,0,0
471.8179059817352,206.97300472647143,27.831840782090417,0.4379262231816906,0.04774706319296958,-0.019303287251499254,-0.010611709035575734,0,0,-0.44853793221726634,-0.04774706319296958,0.019303287251499254,-0.4438235933973774,-0.4410923712841618,0,0
242.3065498311679,734.7683303247097,27.717394716872157,0.41516734766230967,0.04750298655194019,0.04075138419760945,-0.010611709035575734,0,0,-0.4257790566978854,-0.04750298655194019,-0.04075138419760945,-0.41681484138892166,-0.42258075473904044,0,0
261.6981137825328,36.326794512671405,26.60780897647566,0.39246588879750377,0.04586904844941008,0.10295086534132922,-0.010611709035575734,0,0,-0.4030775978330795,-0.04586904844941008,-0.10295086534132922,-0.38965435481862065,-0.40422087275576435,0,0
734.7683303247097,37.72022963544492,23.943387448052704,0.37021712884789965,0.04281999348561004,0.16943996587427101,-0.010611709035575734,0,0,-0.3808288378834754,-0.04281999348561004,-0.16943996587427101,-0.36249386824831964,-0.38646792901986926,0,0
276.5725757314533,35.09054457381912,19.38510129674627,0.34805695337831455,0.03834019196430134,0.22949463732337977,-0.010611709035575734,0,0,-0.3586686624138903,-0.03834019196430134,-0.22949463732337977,-0.33563685080170913,-0.36810804703659317,0,0
528.3325926770696,38.08145749517021,21.05064198016546,0.32618091209177535,0.032632231195099025,0.2809700699940444,-0.010611709035575734,0,0,-0.3367926211273511,-0.032632231195099025,-0.2809700699940444,-0.3093867716024797,-0.34914122680593607,0,0
955.6520228707801,38.63343878442909,28.831755768193197,0.30596777467570857,0.026610292320599416,0.2981285475509326,-0.010611709035575734,0,0,-0.3165794837112843,-0.026610292320599416,-0.2981285475509326,-0.2870817910112269,-0.3292639992042074,0,0
602.1580731583105,38.08145749517021,30.922914202681703,0.2852535977743867,0.020680178127891247,0.2595219730479341,-0.010611709035575734,0,0,-0.2958653068099624,-0.020680178127891247,-0.2595219730479341,-0.26826670534241503,-0.3049864693089663,0,0
1284.2268420173286,39.10299164548677,21.949127558551538,0.2637470041168279,0.01569248510879875,0.19625008705690888,-0.010611709035575734,0,0,-0.2743587131524036,-0.01569248510879875,-0.19625008705690888,-0.2506654961683652,-0.27843292098604633,0,0
427.0195773074906,37.900177953656964,20.541072037014736,0.2417376986063077,0.012072729575513592,0.12976098652396711,-0.010611709035575734,0,0,-0.2523494076418834,-0.012072729575513592,-0.12976098652396711,-0.2330642869943154,-0.25142416897759057,0,0
284.7075611688845,37.900177953656964,24.514455284677474,0.22407875247009082,0.010248275507018772,0.07614074415869145,-0.010611709035575734,0,0,-0.23469046150566655,-0.010248275507018772,-0.07614074415869145,-0.21910470730455175,-0.22987786119556408,0,0
164.75326598182954,38.72664396960077,19.786108976753717,0.20156438811224472,0.009342367836178984,0.004289619389222066,-0.010611709035575734,0,0,-0.21217609714782046,-0.009342367836178984,-0.004289619389222066,-0.2016552326923472,-0.20226217093972731,0,0
265.2554052777127,40.46635602354186,25.10361938144616,0.17942112846869998,0.010007470834234786,-0.06434429083833075,-0.010611709035575734,0,0,-0.19003283750427571,-0.010007470834234786,0.06434429083833075,-0.1843574926419879,-0.17525341893127155,0,0
104.1428794944386,38.44807213279861,30.856404298200047,0.15692025005242138,0.01221030287707604,-0.13083339137127253,-0.010611709035575734,0,0,-0.16753195908799712,-0.01221030287707604,0.13083339137127253,-0.16645281434424755,-0.1479411977991253,0,0
134.3591943699604,37.54159736874482,25.15356131134849,0.1350684288545921,0.01585231056207057,-0.19946730159882536,-0.010611709035575734,0,0,-0.14568013789016784,-0.01585231056207057,0.19946730159882536,-0.14915507429388825,-0.12093244579066954,0,0
74.25900132173959,36.411556150709906,32.94608262610615,0.11372569353985083,0.020874413934565024,-0.26273918758985065,-0.010611709035575734,0,0,-0.12433740257542657,-0.020874413934565024,0.26273918758985065,-0.1317055996816837,-0.09453063202959482,0,0
114.0802412881919,37.63074993470196,28.592015692053423,0.09268278982780233,0.027033153770325242,-0.3067077863293767,-0.010611709035575734,0,0,-0.10329449886337806,-0.027033153770325242,0.3067077863293767,-0.11289051401287181,-0.06949442932512741,0,0
137.0639518589543,37.18822146772475,25.203635736394993,0.07176268300604771,0.0335969182058836,-0.30134576209284913,-0.010611709035575734,0,0,-0.08237439204162345,-0.0335969182058836,0.30134576209284913,-0.09058553342161903,-0.04794812154310091,0,0
133.48121220361529,36.92653473301203,26.770315400455452,0.05130919924530616,0.039333920586323685,-0.24558071003296245,-0.010611709035575734,0,0,-0.06192090828088189,-0.039333920586323685,0.24558071003296245,-0.06539759615530635,-0.03065038149274161,0,0
185.91929651913173,34.1466956368953,25.203635736394993,0.03410727903636872,0.043061722286254225,-0.18123641919463168,-0.010611709035575734,0,0,-0.04471898807194445,-0.043061722286254225,0.18123641919463168,-0.043244350125898834,-0.017601209174049504,0,0
194.9110753588243,35.33264212856703,26.128272755325845,0.023242008494590974,0.044782920348156244,-0.1329782010658836,-0.010611709035575734,0,0,-0.03385371753016671,-0.044782920348156244,0.1329782010658836,-0.028829566750599417,-0.010014481081786653,0,0
239.3652489782259,35.7417900319635,28.831755768193197,0.014343173972005192,0.04576022295023445,-0.08579238778444102,-0.010611709035575734,0,0,-0.024954883007580926,-0.04576022295023445,0.08579238778444102,-0.016539067241133597,-0.0044003022935121434,0,0
353.40072554933454,36.753643113630005,31.123690737050055,0.0077548327959925155,0.04615990553130419,-0.03538935996108191,-0.010611709035575734,0,0,-0.01836654183156825,-0.04615990553130419,0.03538935996108191,-0.006372851597501375,-0.001365611056607003,0,0
261.6981137825328,39.38901428946319,47.26898596692454,0.0031270410935020808,0.046192164684444904,0.021448096946110266,-0.010611709035575734,0,0,-0.013738750129077815,-0.046192164684444904,-0.021448096946110266,0.002276018427678274,-0.0007586728092259749,0,0
261.6981137825328,40.46635602354186,125.29273453547381,0.0007768595356337981,0.046102649147359356,0.054692647212581165,-0.010611709035575734,0,0,-0.011388568571209533,-0.046102649147359356,-0.054692647212581165,0.0069797898448812415,-0.0007586728092259749,0,0
265.2554052777127,40.76824443801301,86.65098914560704,-0.0011154264469441363,0.04597358925134318,0.08150276839521899,-0.010611709035575734,0,0,-0.009496282588631597,-0.04597358925134318,-0.08150276839521899,0.010773153891012667,-0.0007586728092259749,0,0
624.3377665398167,46.50780728590231,78.419964244608,-0.0017956892080858112,0.04591471680204862,0.0911544120209686,-0.010611709035575734,0,0,-0.008816019827489922,-0.04591471680204862,-0.0911544120209686,0.01213876494761998,-0.0007586728092259749,0,0
284.7075611688845,47.01299362275322,75.69750294678715,-0.0017956892080858112,0.04591471680204862,0.0911544120209686,-0.010611709035575734,0,0,-0.008816019827489922,-0.04591471680204862,-0.0911544120209686,0.01213876494761998,-0.0007586728092259749,0,0
448.2028325964311,47.14070323672423,69.7215507122142,-0.0017956892080858112,0.04591471680204862,0.0911544120209686,-0.010611709035575734,0,0,-0.008816019827489922,-0.04591471680204862,-0.0911544120209686,0.01213876494761998,-0.0007586728092259749,0,0
624.3377665398167,47.26898596692454,82.34399565000513,-0.0017956892080858112,0.04591471680204862,0.0911544120209686,-0.010611709035575734,0,0,-0.008816019827489922,-0.04591471680204862,-0.0911544120209686,0.01213876494761998,-0.0007586728092259749,0,0
528.3325926770696,47.65731322735808,68.23833891011859,-0.0017956892080858112,0.04591471680204862,0.0911544120209686,-0.010611709035575734,0,0,-0.008816019827489922,-0.04591471680204862,-0.0911544120209686,0.01213876494761998,-0.0007586728092259749,0,0
459.67991945810627,48.584237987391454,83.38264517783642,-0.0017956892080858112,0.04591471680204862,0.0911544120209686,-0.010611709035575734,0,0,-0.008816019827489922,-0.04591471680204862,-0.0911544120209686,0.01213876494761998,-0.0007586728092259749,0,0
248.42442609070224,48.584237987391454,70.2289601667081,-0.0017956892080858112,0.04591471680204862,0.0911544120209686,-0.010611709035575734,0,0,-0.008816019827489922,-0.04591471680204862,-0.0911544120209686,0.01213876494761998,-0.0007586728092259749,0,0
399.01729906632625,48.44999661828506,84.08878225753256,-0.0017956892080858112,0.04591471680204862,0.0911544120209686,-0.010611709035575734,0,0,-0.008816019827489922,-0.04591471680204862,-0.0911544120209686,0.01213876494761998,-0.0007586728092259749,0,0
206.97300472647143,46.63326386384414,66.11723490259166,-0.0017956892080858112,0.04591471680204862,0.0911544120209686,-0.010611709035575734,0,0,-0.008816019827489922,-0.04591471680204862,-0.0911544120209686,0.01213876494761998,-0.0007586728092259749,0,0
206.97300472647143,48.584237987391454,69.7215507122142,-0.0017956892080858112,0.04591471680204862,0.0911544120209686,-0.010611709035575734,0,0,-0.008816019827489922,-0.04591471680204862,-0.0911544120209686,0.01213876494761998,-0.0007586728092259749,0,0
185.91929651913173,46.63326386384414,70.74309622023037,-0.0017956892080858112,0.04591471680204862,0.0911544120209686,-0.010611709035575734,0,0,-0.008816019827489922,-0.04591471680204862,-0.0911544120209686,0.01213876494761998,-0.0007586728092259749,0,0
136.15031850713706,44.80786091202521,65.21205562750623,-0.0017956892080858112,0.04591471680204862,0.0911544120209686,-0.010611709035575734,0,0,-0.008816019827489922,-0.04591471680204862,-0.0911544120209686,0.01213876494761998,-0.0007586728092259749,0,0
734.7683303247097,48.584237987391454,68.48157158520587,-0.0017956892080858112,0.04591471680204862,0.0911544120209686,-0.010611709035575734,0,0,-0.008816019827489922,-0.04591471680204862,-0.0911544120209686,0.01213876494761998,-0.0007586728092259749,0,0
407.8990969411948,48.584237987391454,71.527220004475,-0.0017956892080858112,0.04591471680204862,0.0911544120209686,-0.010611709035575734,0,0,-0.008816019827489922,-0.04591471680204862,-0.0911544120209686,0.01213876494761998,-0.0007586728092259749,0,0
399.01729906632625,48.584237987391454,80.33749690282312,-0.0017956892080858112,0.04591471680204862,0.0911544120209686,-0.010611709035575734,0,0,-0.008816019827489922,-0.04591471680204862,-0.0911544120209686,0.01213876494761998,-0.0007586728092259749,0,0
769.566351540633,48.584237987391454,72.32728403086773,-0.0017201332122164185,0.0459215823539403,0.09008200717366309,-0.010611709035575734,0,0,-0.008891575823359315,-0.0459215823539403,-0.09008200717366309,0.011987030385774724,-0.0007586728092259749,0,0
360.20900612823414,48.584237987391454,82.68751571021457,-0.0017201332122164185,0.0459215823539403,0.09008200717366309,-0.010611709035575734,0,0,-0.008891575823359315,-0.0459215823539403,-0.09008200717366309,0.011987030385774724,-0.0007586728092259749,0,0
307.4777105974586,47.14070323672423,63.89502910136053,-0.0017201332122164185,0.0459215823539403,0.09008200717366309,-0.010611709035575734,0,0,-0.008891575823359315,-0.0459215823539403,-0.09008200717366309,0.011987030385774724,-0.0007586728092259749,0,0
206.97300472647143,46.75927786047718,66.11723490259166,-0.0017201332122164185,0.0459215823539403,0.09008200717366309,-0.010611709035575734,0,0,-0.008891575823359315,-0.0459215823539403,-0.09008200717366309,0.011987030385774724,-0.0007586728092259749,0,0
