FDist,LDist,RDist,XEst,YEst,ThetaEst,XDes,YDes,ThetaDes,XError,YError,ThetaError,SL,SR,RW,LW
153.56624101955603,157.11931592309642,16.859185705549585,0.0,0.0,0.0,0,0,0,0.0,0.0,0.0,0.0,0.0,0,0
166.09994149545804,254.878386734463,17.613798941900477,0.0,0.0,0.0,0,0,0,0.0,0.0,0.0,0.0,0.0,0,0
211.34777997197892,182.55823066529945,17.678380057162876,0.0,0.0,0.0,0,0,0,0.0,0.0,0.0,0.0,0.0,0,0
196.81893899271049,176.198566643824,17.453511375747283,0.0,0.0,0.0,0,0,0,0.0,0.0,0.0,0.0,0.0,0,0
268.9169663380496,164.75326598182954,17.54948502152684,0.0,0.0,0.0,0,0,0,0.0,0.0,0.0,0.0,0.0,0,0
182.55823066529945,158.34116103748556,17.51742772173086,0.0,0.0,0.0,0,0,0,0.0,0.0,0.0,0.0,0.0,0,0
167.46934895889862,164.75326598182954,17.485436577305137,0.0,0.0,0.0,0,0,0,0.0,0.0,0.0,0.0,0.0,0,0
191.20821604693444,182.55823066529945,17.678380057162876,0.0,0.0,0.0,0,0,0,0.0,0.0,0.0,0.0,0.0,0,0
191.20821604693444,182.55823066529945,17.646055992159724,0.0,0.0,0.0,0,0,0,0.0,0.0,0.0,0.0,0.0,0,0
159.58252707905322,184.22292190812155,16.889897166185385,0.0,0.0,0.0,0,0,0,0.0,0.0,0.0,0.0,0.0,0,0
166.09994149545804,168.8620920208621,17.453511375747283,0.0,0.0,0.0,0,0,0,0.0,0.0,0.0,0.0,0.0,0,0
193.04122344313365,164.75326598182954,17.581608690126714,0.0,0.0,0.0,0,0,0,0.0,0.0,0.0,0.0,0.0,0,0
261.6981137825328,193.04122344313365,17.710771354120418,0.0,0.0,0.0,0,0,0,0.0,0.0,0.0,0.0,0.0,0,0
317.7208243859324,177.7453057985956,17.775756517532926,0.0,0.0,0.0,0,0,0,0.0,0.0,0.0,0.0,0.0,0,0
146.92774685951784,158.34116103748556,17.581608690126714,0.0,0.0,0.0,0,0,0,0.0,0.0,0.0,0.0,0.0,0,0
182.55823066529945,152.41788953728954,17.646055992159724,0.0,0.0,0.0,0,0,0,0.0,0.0,0.0,0.0,0.0,0,0
236.49825525583836,154.7323071690459,17.07547639886051,0.0,0.0,0.0,0,0,0,0.0,0.0,0.0,0.0,0.0,0,0
230.97580043058096,233.7026839645806,17.613798941900477,0.0,0.0,0.0,0,0,0,0.0,0.0,0.0,0.0,0.0,0,0
177.7453057985956,176.198566643824,17.581608690126714,0.0,0.0,0.0,0,0,0,0.0,0.0,0.0,0.0,0.0,0,0
177.7453057985956,174.67928447558052,17.421651905480985,0.0,0.0,0.0,0.3,0,0,0.3,0.0,0.0,0.0,0.0,0,0
200.75362703878065,149.07502982648927,17.710771354120418,0.001965458903902114,0.0,0.0,0.3,0,0,0.2980345410960979,0.0,0.0,-0.001965458903902114,-0.001965458903902114,0,0
177.7453057985956,157.11931592309642,17.743230101200233,0.02041049199360517,3.972497323118303e-05,0.004307383089857807,0.3,0,0,0.2795895080063948,-3.972497323118303e-05,-0.004307383089857807,-0.02010815647838317,-0.020712913064199204,0,0
143.82153882231913,258.2405371440609,17.23186370814404,0.048379689460470734,0.00025055855081134446,0.010768457724644503,0.3,0,0,0.25162031053952927,-0.00025055855081134446,-0.010768457724644503,-0.04762458113301277,-0.049136472597552855,0,0
120.13062066766372,239.3652489782259,17.421651905480985,0.07128338100274825,0.0005095388932169868,0.011845303497108947,0.3,0,0,0.22871661899725174,-0.0005095388932169868,-0.011845303497108947,-0.07045414224756809,-0.07211722285856219,0,0
111.57932338755117,168.8620920208621,17.51742772173086,0.09993112876006138,0.000895177260173577,0.015075840814502283,0.3,0,0,0.2000688712399386,-0.000895177260173577,-0.015075840814502283,-0.09887770178092174,-0.10099434983127786,0,0
129.25786434407527,179.3202830877122,17.678380057162876,0.12766995798089967,0.0013880914084655332,0.02046006967682451,0.3,0,0,0.17233004201910032,-0.0013880914084655332,-0.02046006967682451,-0.12624293728909733,-0.1291155310717235,0,0
146.92774685951784,302.6164596847404,17.646055992159724,0.1547252211066047,0.002029166952240693,0.026921144311611207,0.3,0,0,0.1452747788933953,-0.002029166952240693,-0.026921144311611207,-0.15285222706500287,-0.1566319557263531,0,0
116.02925942608664,160.8439044330725,17.775756517532926,0.18071618582853266,0.0028691069846015858,0.03768960203625571,0.3,0,0,0.11928381417146733,-0.0028691069846015858,-0.03768960203625571,-0.17810081452282234,-0.18339243464871266,0,0
97.14019014961423,158.34116103748556,17.485436577305137,0.20503935007459173,0.0038125022991889208,0.039843293581184575,0.3,0,0,0.09496064992540826,-0.0038125022991889208,-0.039843293581184575,-0.20229107795546375,-0.20788507637426207,0,0
112.81620876492863,167.46934895889862,17.972348463819834,0.22777273578782092,0.004780059727683945,0.04522752244350678,0.3,0,0,0.07222726421217907,-0.004780059727683945,-0.04522752244350678,-0.22466707163065705,-0.2310170157817254,0,0
101.5330368193872,206.97300472647143,18.00535478258695,0.24861234642073818,0.005790698003718432,0.05168859707829348,0.3,0,0,0.05138765357926181,-0.005790698003718432,-0.05168859707829348,-0.24507760640194823,-0.25233468543174065,0,0
85.16922919230018,145.87739303694283,18.104791397724426,0.26499306993672345,0.006664681798188618,0.05491913439568684,0.3,0,0,0.03500693006327654,-0.006664681798188618,-0.05491913439568684,-0.26125484507252716,-0.2689654915416816,0,0
73.9772983740448,158.34116103748556,17.972348463819834,0.27722092730735215,0.007336901105850037,0.05491913439568684,0.3,0,0,0.02277907269264784,-0.007336901105850037,-0.05491913439568684,-0.2735011659353019,-0.2812118124044563,0,0
75.40573089722304,164.75326598182954,18.171432816688856,0.285599520804548,0.007792984656488851,0.05384228862322239,0.3,0,0,0.01440047919545201,-0.007792984656488851,-0.05384228862322239,-0.28196775813672637,-0.2895272154594268,0,0
79.04963861634155,174.67928447558052,18.071576020988715,0.2905818187453516,0.008056122067444578,0.051688597078293486,0.3,0,0,0.009418181254648383,-0.008056122067444578,-0.051688597078293486,-0.28710818911616265,-0.29436526814595504,0,0
83.38264517783642,145.87739303694283,18.138076919253407,0.2917898483249922,0.008116010689609265,0.047381213988435686,0.3,0,0,0.00821015167500777,-0.008116010689609265,-0.047381213988435686,-0.2886200805807027,-0.2952724030246791,0,0
84.8062010048873,174.67928447558052,17.873743987908504,0.2917898483249922,0.008116010689609265,0.047381213988435686,0.3,0,0,0.00821015167500777,-0.008116010689609265,-0.047381213988435686,-0.2886200805807027,-0.2952724030246791,0,0
75.11601708077,164.75326598182954,18.171432816688856,0.2917898483249922,0.008116010689609265,0.047381213988435686,0.3,0,0,0.00821015167500777,-0.008116010689609265,-0.047381213988435686,-0.2886200805807027,-0.2952724030246791,0,0
85.90410486184942,166.09994149545804,18.339276104241605,0.2917898483249922,0.008116010689609265,0.047381213988435686,0.3,0,0,0.00821015167500777,-0.008116010689609265,-0.047381213988435686,-0.2886200805807027,-0.2952724030246791,0,0
85.90410486184942,158.34116103748556,18.373059168895537,0.2917898483249922,0.008116010689609265,0.047381213988435686,0.3,0,0,0.00821015167500777,-0.008116010689609265,-0.047381213988435686,-0.2886200805807027,-0.2952724030246791,0,0
83.38264517783642,184.22292190812155,18.508914058826775,0.2917898483249922,0.008116010689609265,0.047381213988435686,0.3,0,0,0.00821015167500777,-0.008116010689609265,-0.047381213988435686,-0.2886200805807027,-0.2952724030246791,0,0
83.03372126641216,236.49825525583836,18.373059168895537,0.2917898483249922,0.008116010689609265,0.047381213988435686,0.3,0,0,0.00821015167500777,-0.008116010689609265,-0.047381213988435686,-0.2886200805807027,-0.2952724030246791,0,0
82.34399565000513,177.7453057985956,18.271925091134115,0.2917898483249922,0.008116010689609265,0.047381213988435686,0.3,0,0,0.00821015167500777,-0.008116010689609265,-0.047381213988435686,-0.2886200805807027,-0.2952724030246791,0,0
84.8062010048873,158.34116103748556,18.00535478258695,0.2917898483249922,0.008116010689609265,0.047381213988435686,0.3,0,0,0.00821015167500777,-0.008116010689609265,-0.047381213988435686,-0.2886200805807027,-0.2952724030246791,0,0
71.26409887021845,182.55823066529945,17.743230101200233,0.2917898483249922,0.008116010689609265,0.047381213988435686,0.3,0,0,0.00821015167500777,-0.008116010689609265,-0.047381213988435686,-0.2886200805807027,-0.2952724030246791,0,0
83.38264517783642,272.6876389629632,18.271925091134115,0.2917898483249922,0.008116010689609265,0.047381213988435686,0.3,0,0,0.00821015167500777,-0.008116010689609265,-0.047381213988435686,-0.2886200805807027,-0.2952724030246791,0,0
82.68751571021457,166.09994149545804,18.238356668915443,0.2917898483249922,0.008116010689609265,0.047381213988435686,0.3,0,0,0.00821015167500777,-0.008116010689609265,-0.047381213988435686,-0.2886200805807027,-0.2952724030246791,0,0
87.41019065628254,218.28532251964043,18.03843055896276,0.2917898483249922,0.008116010689609265,0.047381213988435686,0.3,0,0,0.00821015167500777,-0.008116010689609265,-0.047381213988435686,-0.2886200805807027,-0.2952724030246791,0,0
85.53518482670935,176.198566643824,18.543059645113814,0.2917898483249922,0.008116010689609265,0.047381213988435686,0.3,0,0,0.00821015167500777,-0.008116010689609265,-0.047381213988435686,-0.2886200805807027,-0.2952724030246791,0,0
84.8062010048873,193.04122344313365,18.271925091134115,0.2917898483249922,0.008116010689609265,0.047381213988435686,0.3,0,0,0.00821015167500777,-0.008116010689609265,-0.047381213988435686,-0.2886200805807027,-0.2952724030246791,0,0
83.03372126641216,218.28532251964043,17.808350823217232,0.2917898483249922,0.008116010689609265,0.047381213988435686,0.3,0,0,0.00821015167500777,-0.008116010689609265,-0.047381213988435686,-0.2886200805807027,-0.2952724030246791,0,0
84.44606393366254,135.24881572421333,17.710771354120418,0.2917898483249922,0.008116010689609265,0.047381213988435686,0.3,0,0,0.00821015167500777,-0.008116010689609265,-0.047381213988435686,-0.2886200805807027,-0.2952724030246791,0,0
88.18202887947652,158.34116103748556,18.373059168895537,0.2917898483249922,0.008116010689609265,0.047381213988435686,0.3,0,0,0.00821015167500777,-0.008116010689609265,-0.047381213988435686,-0.2886200805807027,-0.2952724030246791,0,0
79.04963861634155,196.81893899271049,17.646055992159724,0.2917898483249922,0.008116010689609265,0.047381213988435686,0.3,0,0,0.00821015167500777,-0.008116010689609265,-0.047381213988435686,-0.2886200805807027,-0.2952724030246791,0,0
83.73432085224402,204.85569342211394,18.171432816688856,0.2917898483249922,0.008116010689609265,0.047381213988435686,0.3,0,0,0.00821015167500777,-0.008116010689609265,-0.047381213988435686,-0.2886200805807027,-0.2952724030246791,0,0
80.33749690282312,138.92864283985838,17.326465780453077,0.2917898483249922,0.008116010689609265,0.047381213988435686,0.3,0,0,0.00821015167500777,-0.008116010689609265,-0.047381213988435686,-0.2886200805807027,-0.2952724030246791,0,0
