FDist,LDist,RDist,XEst,YEst,ThetaEst,XDes,YDes,ThetaDes,XError,YError,ThetaError,SL,SR,RW,LW
407.8990969411948,399.01729906632625,37.54159736874482,0.0,0.0,0.0,0,0,0,0.0,0.0,0.0,0.0,0.0,0,0
116.69355260679126,276.5725757314533,37.18822146772475,0.0,0.0,0.0,0,0,0,0.0,0.0,0.0,0.0,0.0,0,0
360.20900612823414,674.6059938250444,38.820199780260964,0.0,0.0,0.0,0,0,0,0.0,0.0,0.0,0.0,0.0,0,0
202.78305134967044,1093.1463157010076,38.63343878442909,0.0,0.0,0.0,0,0,0,0.0,0.0,0.0,0.0,0.0,0,0
191.20821604693444,225.71785045590883,36.411556150709906,0.0,0.0,0.0,0,0,0,0.0,0.0,0.0,0.0,0.0,0,0
245.3252030939217,399.01729906632625,39.48508308650554,0.0,0.0,0.0,0,0,0,0.0,0.0,0.0,0.0,0.0,0,0
167.46934895889862,228.31501027837746,37.54159736874482,0.0,0.0,0.0,0,0,0,0.0,0.0,0.0,0.0,0.0,0,0
159.58252707905322,261.6981137825328,39.97098488311734,0.0,0.0,0.0,0,0,0,0.0,0.0,0.0,0.0,0.0,0,0
360.20900612823414,955.6520228707801,42.012254864281495,0.0,0.0,0.0,0,0,0,0.0,0.0,0.0,0.0,0.0,0,0
674.6059938250444,245.3252030939217,41.69564725646781,0.0,0.0,0.0,0,0,0,0.0,0.0,0.0,0.0,0.0,0,0
284.7075611688845,213.60849807698625,36.411556150709906,0.0,0.0,0.0,0,0,0,0.0,0.0,0.0,0.0,0.0,0,0
293.3703955349555,1411.3480414449798,42.012254864281495,0.0,0.0,0.0,0,0,0,0.0,0.0,0.0,0.0,0.0,0,0
187.6483042942066,427.0195773074906,41.59095555144303,0.0,0.0,0.0,0,0,0,0.0,0.0,0.0,0.0,0.0,0,0
407.8990969411948,769.566351540633,43.42972555805186,0.0,0.0,0.0,0,0,0,0.0,0.0,0.0,0.0,0.0,0,0
248.42442609070224,261.6981137825328,40.26705290654683,0.0,0.0,0.0,0,0,0,0.0,0.0,0.0,0.0,0.0,0,0
211.34777997197892,674.6059938250444,38.54058218127202,0.0,0.0,0.0,0,0,0,0.0,0.0,0.0,0.0,0.0,0,0
427.0195773074906,1570.544100534677,41.279376340133794,0.0,0.0,0.0,0,0,0,0.0,0.0,0.0,0.0,0.0,0,0
185.91929651913173,340.5824855543227,40.56659194626288,0.0,0.0,0.0,0,0,0,0.0,0.0,0.0,0.0,0.0,0,0
213.60849807698625,1093.1463157010076,40.66722061663911,0.0,0.0,0.0,0,0,0,0.0,0.0,0.0,0.0,0.0,0,0
251.60762066022812,1093.1463157010076,39.67832560006777,0.0,0.0,0.0,0,0,0,0.0,0.0,0.0,0.0,0.0,0,0
196.81893899271049,353.40072554933454,41.38282267374021,0.0,0.0,0.0,0,0,0,0.0,0.0,0.0,0.0,0.0,0,0
223.1819809443389,471.8179059817352,40.26705290654683,0.0,0.0,0.0,0,0,0,0.0,0.0,0.0,0.0,0.0,0,0
220.70517709223105,544.8761250677193,41.48668155431983,0.0,0.0,0.0,0,0,0,0.0,0.0,0.0,0.0,0.0,0,0
185.91929651913173,459.67991945810627,38.820199780260964,0.0,0.0,0.0,0,0,0,0.0,0.0,0.0,0.0,0.0,0,0
209.13650375320472,390.5444991736698,37.54159736874482,0.0,0.0,0.0,0,0,0,0.0,0.0,0.0,0.0,0.0,0,0
211.34777997197892,189.41093412341306,38.172601280949785,0.0,0.0,0.0,0,0,0,0.0,0.0,0.0,0.0,0.0,0,0
196.81893899271049,471.8179059817352,38.35590662765991,0.0,0.0,0.0,0,0,0,0.0,0.0,0.0,0.0,0.0,0,0
200.75362703878065,382.4520830402873,38.26408367033017,0.0,0.0,0.0,0,0,0,0.0,0.0,0.0,0.0,0.0,0,0
288.9697116820819,302.6164596847404,38.54058218127202,0.0,0.0,0.0,0,0,0,0.0,0.0,0.0,0.0,0.0,0,0
228.31501027837746,1284.2268420173286,39.67832560006777,0.0,0.0,0.0,0,0,0,0.0,0.0,0.0,0.0,0.0,0,0
323.12240163650586,544.8761250677193,38.35590662765991,0.0,0.0,0.0,0,0,0,0.0,0.0,0.0,0.0,0.0,0,0
297.9167592848756,417.22151175368833,40.46635602354186,0.0,0.0,0.0,0,0,0,0.0,0.0,0.0,0.0,0.0,0,0
293.3703955349555,407.8990969411948,42.5485367221777,0.0,0.0,0.0,0,0,0,0.0,0.0,0.0,0.0,0.0,0,0
228.31501027837746,399.01729906632625,38.820199780260964,0.0,0.0,0.0,0,0,0,0.0,0.0,0.0,0.0,0.0,0,0
268.9169663380496,448.2028325964311,41.07371114311431,0.0,0.0,0.0,0,0,0,0.0,0.0,0.0,0.0,0.0,0,0
562.6000187683081,648.3999468665874,41.279376340133794,0.0,0.0,0.0,0,0,0,0.0,0.0,0.0,0.0,0.0,0,0
225.71785045590883,648.3999468665874,40.36651046494504,0.0,0.0,0.0,0,0,0,0.0,0.0,0.0,0.0,0.0,0,0
211.34777997197892,448.2028325964311,37.63074993470196,0.0,0.0,0.0,0,0,0,0.0,0.0,0.0,0.0,0.0,0,0
196.81893899271049,562.6000187683081,40.869665833746936,0.0,0.0,0.0,0,0,0,0.0,0.0,0.0,0.0,0.0,0,0
674.6059938250444,288.9697116820819,39.77550372711136,0.0,0.0,0.0,0,0,0,0.0,0.0,0.0,0.0,0.0,0,0
194.9110753588243,317.7208243859324,35.41390242737805,0.0,0.0,0.0,0.5,0,0,0.5,0.0,0.0,0.0,0.0,0,0
200.75362703878065,1570.544100534677,41.906294265999335,0.0050072405408934815,0.0,0.0,0.5,0,0,0.49499275945910653,0.0,0.0,-0.0050072405408934815,-0.0050072405408934815,0,0
209.13650375320472,79.6887422048836,74.828338960275,0.0214704381344116,8.827607296735937e-06,0.0010724048473054982,0.5,0,0,0.47852956186558837,-8.827607296735937e-06,-0.0010724048473054982,-0.02139457322018124,-0.021546307782026496,0,0
114.0802412881919,581.6409617069837,72.32728403086773,0.04362367142512616,3.258485116854498e-05,0.0010724048473054982,0.5,0,0,0.45637632857487387,-3.258485116854498e-05,-0.0010724048473054982,-0.04354781924958877,-0.04369955381143402,0,0
184.22292190812155,323.12240163650586,34.69257006062114,0.06547343576665285,5.601665334347993e-05,0.0010724048473054982,0.5,0,0,0.4345265642333471,-5.601665334347993e-05,-0.0010724048473054982,-0.06539759615530577,-0.06554933071715102,0,0
198.76603234393832,245.3252030939217,30.01017807866701,0.08739907680133827,6.777323633314181e-05,-2.45029690981724e-17,0.5,0,0,0.4126009231986617,-6.777323633314181e-05,2.45029690981724e-17,-0.08739910762286804,-0.08739910762286804,0,0
130.08105893503551,900.238757316699,33.01927315595455,0.10947642698592515,0.00010328705299562104,0.003217214541916519,0.5,0,0,0.39052357301407487,-0.00010328705299562104,-0.003217214541916519,-0.10924888452858506,-0.10970408821412082,0,0
141.82331249922515,58.50920899708927,30.856404298200047,0.13155342170970064,0.00023350368189436376,0.008579238778444059,0.5,0,0,0.36844657829029936,-0.00023350368189436376,-0.008579238778444059,-0.13094692687245682,-0.13216080336721886,0,0
119.42733126216413,69.22073170815571,26.989108340162986,0.15362965473816137,0.00045842072693840603,0.011796453320360603,0.5,0,0,0.34637034526183863,-0.00045842072693840603,-0.011796453320360603,-0.15279670377817384,-0.15446578395847163,0,0
116.69355260679126,72.32728403086773,22.85218781026422,0.17547841395226507,0.0006693037127920962,0.007506833931138586,0.5,0,0,0.32452158604773496,-0.0006693037127920962,-0.007506833931138586,-0.17494994980758136,-0.17601209174049814,0,0
162.1258003695371,72.59760196071355,20.931683493242176,0.19770680826097972,0.0008480913516256569,0.008579238778444109,0.5,0,0,0.30229319173902025,-0.0008480913516256569,-0.008579238778444109,-0.19710319583698888,-0.19831707233175092,0,0
119.42733126216413,72.32728403086773,21.09047995583375,0.21993499805509542,0.0010507167208870308,0.009651643625749632,0.5,0,0,0.2800650019449046,-0.0010507167208870308,-0.009651643625749632,-0.2192564418663964,-0.2206220529230037,0,0
103.61058678886198,72.32728403086773,19.823053641380127,0.2419356998352813,0.001239470625747797,0.007506833931138612,0.5,0,0,0.2580643001647187,-0.001239470625747797,-0.007506833931138612,-0.24140968789580391,-0.2424718298287207,0,0
110.97077873540402,72.05879380612686,22.202459096284322,0.2640126945590568,0.001369687254646541,0.0042896193892220675,0.5,0,0,0.2359873054409432,-0.001369687254646541,-0.0042896193892220675,-0.2637146684870567,-0.2643216067344377,0,0
73.14379906825155,72.32728403086773,27.660416147404213,0.28593808343789384,0.0014754960959334523,0.00536202423652759,0.5,0,0,0.21406191656210616,-0.0014754960959334523,-0.00536202423652759,-0.2855644453927737,-0.28632311820199996,0,0
97.6101426547749,90.98786202822609,26.71599641697457,0.3077875462395753,0.0015926545678529394,0.00536202423652759,0.5,0,0,0.19221245376042467,-0.0015926545678529394,-0.00536202423652759,-0.3074142222984907,-0.30817289510771695,0,0
72.59760196071355,96.67455639633857,28.004743143301148,0.3299403336775744,0.001735197074813213,0.007506833931138611,0.5,0,0,0.17005966632242558,-0.001735197074813213,-0.007506833931138611,-0.32941573376605293,-0.33047787569896975,0,0
73.9772983740448,81.32922784467303,30.331663097801872,0.3517888541761801,0.0019695106502014247,0.013941263014971698,0.5,0,0,0.1482111458238199,-0.0019695106502014247,-0.013941263014971698,-0.35081030698623417,-0.35278285629022255,0,0
69.22073170815571,75.40573089722304,26.934181235571288,0.37386391928883855,0.0022891239727357913,0.015013667862277195,0.5,0,0,0.12613608071116145,-0.0022891239727357913,-0.015013667862277195,-0.3728118184537964,-0.3749361023196301,0,0
63.254114597104426,65.21205562750623,25.971032055159682,0.3955598530639693,0.0025916122891944163,0.012868858167666199,0.5,0,0,0.10444014693603071,-0.0025916122891944163,-0.012868858167666199,-0.3946615953595134,-0.3964824101016566,0,0
62.417090148203904,61.397967211159504,24.855878172379555,0.41740782075107524,0.0028727862082871614,0.012868858167666199,0.5,0,0,0.08259217924892476,-0.0028727862082871614,-0.012868858167666199,-0.4165113722652304,-0.41833218700737357,0,0
56.71216714571853,50.38742144020711,142.81538054950164,0.438724611279662,0.0031585561943481303,0.013941263014971696,0.5,0,0,0.061275388720338,-0.0031585561943481303,-0.013941263014971696,-0.43775421092356637,-0.4397267602275548,0,0
55.679217725074686,46.50780728590231,367.3069052663625,0.4561728718036882,0.0033643933330755015,0.009651643625749655,0.5,0,0,0.04382712819631179,-0.0033643933330755015,-0.009651643625749655,-0.45550715465946146,-0.45687276571606883,0,0
56.36420238587991,36.24233355390543,57.77869068170988,0.46975278516017654,0.0034590554381933444,0.004289619389222103,0.5,0,0,0.030247214839823455,-0.0034590554381933444,-0.004289619389222103,-0.4694667343492251,-0.4700736725966062,0,0
59.445249703111536,33.5384100204288,674.6059938250444,0.47984312046790867,0.0034752868389359903,-0.0010724048473054488,0.5,0,0,0.020156879532091332,-0.0034752868389359903,0.0010724048473054488,-0.47993641911654783,-0.47978468455470263,0,0
57.41934790708907,28.592015692053423,851.4899528953961,0.486974607967355,0.0034523432344881963,-0.005362024236527502,0.5,0,0,0.013025392032645022,-0.0034523432344881963,0.005362024236527502,-0.48737141264696543,-0.48661273983773917,0,0
59.827016433695995,26.989108340162986,1570.544100534677,0.4910712903678034,0.003417195955652054,-0.01179645332036058,0.5,0,0,0.008928709632196608,-0.003417195955652054,0.01179645332036058,-0.49192344950232314,-0.4902543693220253,0,0
51.55362639757167,25.354659483658537,1570.544100534677,0.4921333828296001,0.0034069446993952777,-0.007506833931138529,0.5,0,0,0.007866617170399881,-0.0034069446993952777,0.007506833931138529,-0.4926821223115494,-0.49161998037863264,0,0
58.694353098834746,25.25384320516452,1570.544100534677,0.4921333828296001,0.0034069446993952777,-0.007506833931138529,0.5,0,0,0.007866617170399881,-0.0034069446993952777,0.007506833931138529,-0.4926821223115494,-0.49161998037863264,0,0
56.36420238587991,25.15356131134849,233.7026839645806,0.4921333828296001,0.0034069446993952777,-0.007506833931138529,0.5,0,0,0.007866617170399881,-0.0034069446993952777,0.007506833931138529,-0.4926821223115494,-0.49161998037863264,0,0
54.67822383804812,25.609067445845334,1570.544100534677,0.4921333828296001,0.0034069446993952777,-0.007506833931138529,0.5,0,0,0.007866617170399881,-0.0034069446993952777,0.007506833931138529,-0.4926821223115494,-0.49161998037863264,0,0
59.827016433695995,25.456014597653017,900.238757316699,0.4921333828296001,0.0034069446993952777,-0.007506833931138529,0.5,0,0,0.007866617170399881,-0.0034069446993952777,0.007506833931138529,-0.4926821223115494,-0.49161998037863264,0,0
56.53772243679344,26.128272755325845,293.3703955349555,0.4921333828296001,0.0034069446993952777,-0.007506833931138529,0.5,0,0,0.007866617170399881,-0.0034069446993952777,0.007506833931138529,-0.4926821223115494,-0.49161998037863264,0,0
45.403161081746035,25.55791304847336,399.01729906632625,0.4921333828296001,0.0034069446993952777,-0.007506833931138529,0.5,0,0,0.007866617170399881,-0.0034069446993952777,0.007506833931138529,-0.4926821223115494,-0.49161998037863264,0,0
54.351395854975586,27.044189133291546,1570.544100534677,0.4921333828296001,0.0034069446993952777,-0.007506833931138529,0.5,0,0,0.007866617170399881,-0.0034069446993952777,0.007506833931138529,-0.4926821223115494,-0.49161998037863264,0,0
54.351395854975586,27.26606267467261,703.2691653992177,0.4921333828296001,0.0034069446993952777,-0.007506833931138529,0.5,0,0,0.007866617170399881,-0.0034069446993952777,0.007506833931138529,-0.4926821223115494,-0.49161998037863264,0,0
51.55362639757167,25.71178945415557,206.97300472647143,0.4921333828296001,0.0034069446993952777,-0.007506833931138529,0.5,0,0,0.007866617170399881,-0.0034069446993952777,0.007506833931138529,-0.4926821223115494,-0.49161998037863264,0,0
53.39067041585029,25.86691420803121,437.33222201576723,0.4921333828296001,0.0034069446993952777,-0.007506833931138529,-0.007866617170399881,0,0,-0.5,-0.0034069446993952777,0.007506833931138529,-0.4926821223115494,-0.49161998037863264,0,0
59.635598880684206,25.86691420803121,1570.544100534677,0.4873538602516182,0.0034402615296881493,-0.006434429083833013,-0.007866617170399881,0,0,-0.4952204774220181,-0.0034402615296881493,0.006434429083833013,-0.4878266163325012,-0.4869162089614297,0,0
54.514390532308475,26.87940715229901,215.92040254306553,0.4676283785544066,0.0034614152399849644,0.004289619389222115,-0.007866617170399881,0,0,-0.47549499572480647,-0.0034614152399849644,-0.004289619389222115,-0.4673424504833915,-0.4679493887307725,0,0
40.36651046494504,24.905165748622878,147.99350743133397,0.44600690286162953,0.00328750917490795,0.011796453320360676,-0.007866617170399881,0,0,-0.4538735200320294,-0.00328750917490795,-0.011796453320360676,-0.44518920445398397,-0.4468582846342818,0,0
55.34207932623348,27.044189133291546,41.906294265999335,0.4242356256327641,0.0029489413492065557,0.01930328725149926,-0.007866617170399881,0,0,-0.432102242803164,-0.0029489413492065557,-0.01930328725149926,-0.42288422386273117,-0.4256154459759458,0,0
50.67478248141688,26.87940715229901,23.710579061410876,0.40261867545980456,0.0024736312687293426,0.024665311488026826,-0.007866617170399881,0,0,-0.41048529263020445,-0.0024736312687293426,-0.024665311488026826,-0.4008827123951689,-0.4043726073176098,0,0
57.95982861765,27.321922058316176,25.10361938144616,0.380925623700692,0.002008285233059539,0.018230882404193766,-0.007866617170399881,0,0,-0.3887922408710919,-0.002008285233059539,-0.018230882404193766,-0.37963987373683294,-0.3822193612882023,0,0
69.22073170815571,26.60780897647566,25.053809401176977,0.3590016468767425,0.001737890665711419,0.0064344290838331385,-0.007866617170399881,0,0,-0.3668682640471424,-0.001737890665711419,-0.0064344290838331385,-0.3585487696403422,-0.3594591770114137,0,0
75.99135610686974,28.17914317773628,29.013419717033194,0.3374555373294339,0.0016454654895341609,0.002144809694611097,-0.007866617170399881,0,0,-0.3453221544998338,-0.0016454654895341609,-0.002144809694611097,-0.33730593098200623,-0.33760940010569673,0,0
70.2289601667081,18.373059168895537,22.245039036567718,0.3159092419370951,0.0016223591290560984,5.160802341031001e-17,-0.007866617170399881,0,0,-0.32377585910749496,-0.0016223591290560984,-5.160802341031001e-17,-0.315911357761825,-0.315911357761825,0,0
90.16911060094986,19.38510129674627,21.782257748458605,0.29436298371380504,0.0016685718234387024,-0.004289619389221989,-0.007866617170399881,0,0,-0.3022296008842049,-0.0016685718234387024,0.004289619389221989,-0.294668519103489,-0.294061580856108,0,0
98.08447665807216,22.330509274381335,27.044189133291546,0.2725896030807763,0.0018203484947728948,-0.009651643625749554,-0.007866617170399881,0,0,-0.28045622025117617,-0.0018203484947728948,0.009651643625749554,-0.2732739458833078,-0.27190833482670046,0,0
97.14019014961423,484.6780696502813,22.89635959460729,0.25089280841896644,0.002053034892554242,-0.01179645332036055,-0.007866617170399881,0,0,-0.2587594255893663,-0.002053034892554242,0.01179645332036055,-0.2517276381012813,-0.25005855792098347,0,0
111.57932338755117,242.3065498311679,23.896588216502984,0.2291972115094369,0.0023787898551618034,-0.018230882404193613,-0.007866617170399881,0,0,-0.23706382867983677,-0.0023787898551618034,0.018230882404193613,-0.2304847994429453,-0.22790531189157595,0,0
149.07502982648927,24.274361292354016,23.61828058878553,0.20742758690775465,0.002810744772421539,-0.02144809694611013,-0.007866617170399881,0,0,-0.21529420407815453,-0.002810744772421539,0.02144809694611013,-0.20893849166091882,-0.20590380042401368,0,0
134.3591943699604,104.1428794944386,21.534920213973493,0.18565708591807678,0.003196007030045143,-0.013941263014971545,-0.007866617170399881,0,0,-0.19352370308847666,-0.003196007030045143,0.013941263014971545,-0.18663351106966605,-0.1846609617656777,0,0
171.72011046907937,206.97300472647143,23.896588216502984,0.16396029125626696,0.003428693427826489,-0.007506833931138483,-0.007866617170399881,0,0,-0.17182690842666684,-0.003428693427826489,0.007506833931138483,-0.16448026504025853,-0.16341812310734172,0,0
185.91929651913173,41.69564725646781,26.023303163846677,0.14211096665988432,0.0035692832977051126,-0.0053620242365274625,-0.007866617170399881,0,0,-0.1499775838302842,-0.0035692832977051126,0.0053620242365274625,-0.14247875357269627,-0.14172008076346995,0,0
103.61058678886198,45.766561441787665,29.31979943667244,0.12064055393741666,0.0036038207895108896,0.0021448096946111474,-0.007866617170399881,0,0,-0.12850717110781654,-0.0036038207895108896,-0.0021448096946111474,-0.120477242105134,-0.12078071122882449,0,0
139.88023555455067,53.867377246779164,32.44038053928213,0.09924658353384376,0.0034432167897369584,0.012868858167666251,-0.007866617170399881,0,0,-0.10711320070424364,-0.0034432167897369584,-0.012868858167666251,-0.09832399607572648,-0.10014481081786952,0,0
162.1258003695371,52.0027403531362,31.123690737050055,0.07793121496903722,0.0030660087953389304,0.02252050179341586,-0.007866617170399881,0,0,-0.0857978321394371,-0.0030660087953389304,-0.02252050179341586,-0.07632248460816421,-0.07950891040691457,0,0
108.02276929750369,50.24476518910293,28.17914317773628,0.05692323134280683,0.002513919695243406,0.030027335724554467,-0.007866617170399881,0,0,-0.06478984851320671,-0.002513919695243406,-0.030027335724554467,-0.05477617682613771,-0.059024744557804876,0,0
135.24881572421333,51.25784283159802,43.31797937953491,0.03917829039558261,0.001980926196801426,0.030027335724554467,-0.007866617170399881,0,0,-0.047044907565982494,-0.001980926196801426,-0.030027335724554467,-0.037023233090242635,-0.0412718008219098,0,0
139.88023555455067,51.11102239631034,48.854583701372256,0.025225460971632127,0.0015468568693855589,0.03217214541916548,-0.007866617170399881,0,0,-0.03309207814203201,-0.0015468568693855589,-0.03217214541916548,-0.022911918838633735,-0.02746395569399141,0,0
160.8439044330725,50.102785059575574,65.43626790658098,0.016428823578991062,0.0012826378701579107,0.027882526029943427,-0.007866617170399881,0,0,-0.024295440749390943,-0.0012826378701579107,-0.027882526029943427,-0.014414783375299342,-0.01835988198327599,0,0
119.42733126216413,49.96147607113843,56.36420238587991,0.008996091575640611,0.0010992700329522883,0.021448096946110353,-0.007866617170399881,0,0,-0.01686270874604049,-0.0010992700329522883,-0.021448096946110353,-0.00743499353041752,-0.010469684767322626,0,0
187.6483042942066,44.80786091202521,71.527220004475,0.004444724794057436,0.0010211678432510568,0.012868858167666246,-0.007866617170399881,0,0,-0.012311341964457316,-0.0010211678432510568,-0.012868858167666246,-0.0034898949224408376,-0.0053107096645838864,0,0
189.41093412341306,46.50780728590231,48.719098859537986,0.0030033212629895518,0.0010064825379045384,0.007506833931138682,-0.007866617170399881,0,0,-0.010869938433389433,-0.0010064825379045384,-0.007506833931138682,-0.0024277529895240383,-0.003489894922440802,0,0
194.9110753588243,49.820833293006025,51.405375698086,0.0030033212629895518,0.0010064825379045384,0.007506833931138682,-0.007866617170399881,0,0,-0.010869938433389433,-0.0010064825379045384,-0.007506833931138682,-0.0024277529895240383,-0.003489894922440802,0,0
159.58252707905322,51.11102239631034,48.31637032889038,0.003079186089981752,0.0010070927346241068,0.008579238778444194,-0.007866617170399881,0,0,-0.010945803260381633,-0.0010070927346241068,-0.008579238778444194,-0.0024277529895240383,-0.003641629484286059,0,0
176.198566643824,50.38742144020711,48.854583701372256,0.003079186089981752,0.0010070927346241068,0.008579238778444194,-0.007866617170399881,0,0,-0.010945803260381633,-0.0010070927346241068,-0.008579238778444194,-0.0024277529895240383,-0.003641629484286059,0,0
185.91929651913173,51.405375698086,54.351395854975586,0.003079186089981752,0.0010070927346241068,0.008579238778444194,-0.007866617170399881,0,0,-0.010945803260381633,-0.0010070927346241068,-0.008579238778444194,-0.0024277529895240383,-0.003641629484286059,0,0
102.56164513946942,50.96490904549061,48.854583701372256,0.003079186089981752,0.0010070927346241068,0.008579238778444194,-0.007866617170399881,0,0,-0.010945803260381633,-0.0010070927346241068,-0.008579238778444194,-0.0024277529895240383,-0.003641629484286059,0,0
160.8439044330725,52.766140948375714,47.397845831374006,0.003079186089981752,0.0010070927346241068,0.008579238778444194,0.5030791860899817,0,0,0.49999999999999994,-0.0010070927346241068,-0.008579238778444194,-0.0024277529895240383,-0.003641629484286059,0,0
130.91477695173097,55.34207932623348,57.59853319318177,0.00801039984447476,0.0010467555213960575,0.007506833931138684,0.5030791860899817,0,0,0.49506878624550693,-0.0010467555213960575,-0.007506833931138684,-0.00743499353041752,-0.008497135463334284,0,0
114.72272976706012,49.68085184346885,72.86976705815192,0.02394238225621706,0.001115098081245439,0.0010724048473056092,0.5030791860899817,0,0,0.47913680383376467,-0.001115098081245439,-0.0010724048473056092,-0.02382232620970528,-0.023974060771550502,0,0
168.8620920208621,51.11102239631034,59.827016433695995,0.045412819670805196,0.0011035855795635224,-0.0021448096946109344,0.5030791860899817,0,0,0.4576663664191765,-0.0011035855795635224,0.0021448096946109344,-0.04552036855357704,-0.045216899429886485,0,0
268.9169663380496,50.38742144020711,38.26408367033017,0.0630139883602534,0.001065834364434072,-0.0021448096946109344,0.5030791860899817,0,0,0.4400651977297283,-0.001065834364434072,0.0021448096946109344,-0.06312157772762686,-0.0628181086039363,0,0
225.71785045590883,48.9906970233985,31.530946491144263,0.08486365218834421,0.0009955390657004053,-0.004289619389221955,0.5030791860899817,0,0,0.41821553390163746,-0.0009955390657004053,0.004289619389221955,-0.08512308919518913,-0.08451615094780805,0,0
168.8620920208621,49.264827372609226,31.945994776763527,0.10701678356960297,0.0009242674433732156,-0.002144809694610934,0.5030791860899817,0,0,0.3960624025203787,-0.0009242674433732156,0.002144809694610934,-0.1071246006627514,-0.10682113153906084,0,0
102.04483787812359,49.264827372609226,35.17096471366344,0.1289424246042884,0.0009360240263628797,0.0032172145419166057,0.5030791860899817,0,0,0.3741367614856933,-0.0009360240263628797,-0.0032172145419166057,-0.1286709084447779,-0.1291261121303136,0,0
104.1428794944386,52.0027403531362,26.446644470518727,0.15094373364907537,0.0010304018471072628,0.0053620242365276264,0.5030791860899817,0,0,0.3521354524409063,-0.0010304018471072628,-0.0053620242365276264,-0.15052068535049493,-0.15127935815972113,0,0
117.36537105675751,54.18923313555184,22.459496422942998,0.17279339747716618,0.0011006971458409332,0.0010724048473056092,0.5030791860899817,0,0,0.33028578861281555,-0.0011006971458409332,-0.0010724048473056092,-0.17267393137990245,-0.17282566594174764,0,0
104.1428794944386,56.19159937776923,21.09047995583375,0.1947190385118516,0.0011124537288305974,8.651933336434325e-17,0.5030791860899817,0,0,0.30836014757813013,-0.0011124537288305974,-8.651933336434325e-17,-0.1946754428474647,-0.19467544284746466,0,0
101.02616679983112,54.842902515546676,21.534920213973493,0.21672054997941387,0.0011124537288305994,8.651933336434325e-17,0.5030791860899817,0,0,0.28635863611056783,-0.0011124537288305994,-8.651933336434325e-17,-0.21667695431502698,-0.21667695431502693,0,0
104.1428794944386,52.30584039894111,21.45325395754319,0.2387220487955345,0.001088859205807229,-0.002144809694610934,0.5030791860899817,0,0,0.2643571372944472,-0.001088859205807229,0.002144809694610934,-0.2388302003444345,-0.23852673122074394,0,0
104.68049512451793,46.25855108998474,23.208649349752903,0.26057171262362533,0.0010185639070735624,-0.004289619389221955,0.5030791860899817,0,0,0.24250747346635637,-0.0010185639070735624,0.004289619389221955,-0.26083171181199677,-0.2602247735646157,0,0
79.04963861634155,52.0027403531362,27.889309733104497,0.282421476965152,0.0010419957092484995,0.006434429083833149,0.5030791860899817,0,0,0.22065770912482968,-0.0010419957092484995,-0.006434429083833149,-0.2819228159084875,-0.282833223279559,0,0
90.98786202822609,47.14070323672423,25.405269406077494,0.3042699974637577,0.001276309284636712,0.015013667862277232,0.5030791860899817,0,0,0.198809188626224,-0.001276309284636712,-0.015013667862277232,-0.3031656545668235,-0.30528993843265706,0,0
79.04963861634155,45.04444673804966,24.41804431856243,0.3261929909102459,0.0016172364680085,0.016086072709582754,0.5030791860899817,0,0,0.1768861951797358,-0.0016172364680085,-0.016086072709582754,-0.3250154314725405,-0.3272914499002193,0,0
70.48517871055273,95.30295822324965,31.191035234338365,0.34796306622428574,0.0020258452904108794,0.02144809694611032,0.5030791860899817,0,0,0.15511611986569596,-0.0020258452904108794,-0.02144809694611032,-0.3464100046927217,-0.34944469592962685,0,0
47.14070323672423,346.8640580657511,27.6035995904869,0.3697311884739045,0.002527835404224869,0.024665311488026836,0.5030791860899817,0,0,0.13334799761607719,-0.002527835404224869,-0.024665311488026836,-0.3679563124747482,-0.37144620739718914,0,0
54.514390532308475,288.9697116820819,30.461639058159932,0.3913481386468641,0.003003145484702082,0.01930328725149927,0.5030791860899817,0,0,0.11173104744311763,-0.003003145484702082,-0.01930328725149927,-0.3899578239423105,-0.3926890460555251,0,0
41.59095555144303,236.49825525583836,25.405269406077494,0.4131177632485463,0.0034351004019618206,0.02037569209880477,0.5030791860899817,0,0,0.08996142284143538,-0.0034351004019618206,-0.02037569209880477,-0.4116558662861822,-0.4145388229612421,0,0
47.01299362275322,173.18670720903205,85.16922919230018,0.43473568314917155,0.003864045180425324,0.01930328725149927,0.5030791860899817,0,0,0.06834350294081015,-0.003864045180425324,-0.01930328725149927,-0.43335390863005396,-0.4360851307432686,0,0
38.172601280949785,242.3065498311679,71.79211210149265,0.4538514236318209,0.004192074377170495,0.015013667862277206,0.5030791860899817,0,0,0.049227762458160795,-0.004192074377170495,-0.015013667862277206,-0.4527759325462469,-0.45490021641208045,0,0
44.573289080576004,297.9167592848756,280.5772654118684,0.4688722814746123,0.0043531649602498905,0.006434429083833099,0.5030791860899817,0,0,0.034206904615369405,-0.0043531649602498905,-0.006434429083833099,-0.46840459241630833,-0.4693149997873799,0,0
42.44040737188923,196.81893899271049,302.6164596847404,0.4797212262253792,0.004393885764762907,0.0010724048473055347,0.5030791860899817,0,0,0.023357959864602484,-0.004393885764762907,-0.0010724048473055347,-0.4796329499928573,-0.47978468455470263,0,0
45.88875276428319,158.34116103748556,206.97300472647143,0.48761141890426385,0.00438542428064418,-0.003217214541916519,0.5030791860899817,0,0,0.015467767185717851,-0.00438542428064418,0.003217214541916519,-0.4878266163325012,-0.4873714126469655,0,0
45.16350334108189,334.5408252723781,648.3999468665874,0.4927702872117431,0.004352229450256172,-0.009651643625749592,0.5030791860899817,0,0,0.010308898878238604,-0.004352229450256172,0.009651643625749592,-0.4934407951207757,-0.49207518406416845,0,0
46.25855108998474,293.3703955349555,272.6876389629632,0.4945909511856686,0.004328798290331776,-0.01608607270958267,0.5030791860899817,0,0,0.008488234904313108,-0.004328798290331776,0.01608607270958267,-0.49571681354845454,-0.49344079512077577,0,0
49.40285364503735,288.9697116820819,323.12240163650586,0.4945909511856686,0.004328798290331776,-0.01608607270958267,0.5030791860899817,0,0,0.008488234904313108,-0.004328798290331776,0.01608607270958267,-0.49571681354845454,-0.49344079512077577,0,0
48.31637032889038,353.40072554933454,1570.544100534677,0.4945909511856686,0.004328798290331776,-0.01608607270958267,0.5030791860899817,0,0,0.008488234904313108,-0.004328798290331776,0.01608607270958267,-0.49571681354845454,-0.49344079512077577,0,0
49.40285364503735,177.7453057985956,734.7683303247097,0.4945909511856686,0.004328798290331776,-0.01608607270958267,0.5030791860899817,0,0,0.008488234904313108,-0.004328798290331776,0.01608607270958267,-0.49571681354845454,-0.49344079512077577,0,0
48.31637032889038,407.8990969411948,328.72509627198025,0.4945909511856686,0.004328798290331776,-0.01608607270958267,0.5030791860899817,0,0,0.008488234904313108,-0.004328798290331776,0.01608607270958267,-0.49571681354845454,-0.49344079512077577,0,0
47.52728688645133,236.49825525583836,648.3999468665874,0.4945909511856686,0.004328798290331776,-0.01608607270958267,0.5030791860899817,0,0,0.008488234904313108,-0.004328798290331776,0.01608607270958267,-0.49571681354845454,-0.49344079512077577,0,0
49.54152688927771,196.81893899271049,367.3069052663625,0.4945909511856686,0.004328798290331776,-0.01608607270958267,0.9945909511856685,0,0,0.49999999999999994,-0.004328798290331776,0.01608607270958267,-0.49571681354845454,-0.49344079512077577,0,0
44.34070465302382,328.72509627198025,648.3999468665874,0.4989149330118594,0.004266193618907519,-0.012868858167666133,0.9945909511856685,0,0,0.49567601817380913,-0.004266193618907519,0.012868858167666133,-0.4998136467182765,-0.4979928319761335,0,0
40.76824443801301,528.3325926770696,150.1726803268919,0.5194743011267456,0.004100830307904465,-0.0032172145419165268,0.9945909511856685,0,0,0.4751166500589229,-0.004100830307904465,0.0032172145419165268,-0.5196908743200052,-0.5192356706344694,0,0
37.36426621567546,211.34777997197892,32.44038053928213,0.5413998665145751,0.0041596131552493806,0.0085792387784441,0.9945909511856685,0,0,0.4531910846710935,-0.0041596131552493806,-0.0085792387784441,-0.5407819784164959,-0.541995854911258,0,0
47.919138344411984,353.40072554933454,32.873131352234964,0.5632464270661743,0.00453450366581529,0.02573771633533229,0.9945909511856685,0,0,0.4313445241194942,-0.00453450366581529,-0.02573771633533229,-0.5614178788274509,-0.5650595083117371,0,0
56.19159937776923,293.3703955349555,31.326358860372608,0.5849316942770835,0.00527896827069517,0.04289619389222048,0.9945909511856685,0,0,0.40965925690858507,-0.00527896827069517,-0.04289619389222048,-0.5819020446765606,-0.587971427150371,0,0
56.887544214014945,459.67991945810627,31.056556411796677,0.6066077310190444,0.0062559394665912685,0.04718581328144254,0.9945909511856685,0,0,0.3879832201666241,-0.0062559394665912685,-0.04718581328144254,-0.6032966178967418,-0.6099729386179332,0,0
50.102785059575574,251.60762066022812,31.806765208853015,0.6282816224881931,0.007279399353452782,0.04718581328144254,0.9945909511856685,0,0,0.36630932869747546,-0.007279399353452782,-0.04718581328144254,-0.6249946602406136,-0.631670980961805,0,0
50.96490904549061,245.3252030939217,31.462535589252198,0.6501823047827135,0.008325338182256895,0.048258218128748066,0.9945909511856685,0,0,0.344408646402955,-0.008325338182256895,-0.048258218128748066,-0.6468444371463306,-0.6536724924293672,0,0
49.12744338052328,544.8761250677193,29.381623897205223,0.6719325266629721,0.00934071422502995,0.045041003586831545,0.9945909511856685,0,0,0.32265842452269644,-0.00934071422502995,-0.045041003586831545,-0.6688459486138928,-0.6752188002113937,0,0
45.88875276428319,302.6164596847404,36.8399334734816,0.6936115943469685,0.010247944024558607,0.03860657450299848,0.9945909511856685,0,0,0.30097935683870003,-0.010247944024558607,-0.03860657450299848,-0.6909991946433003,-0.6964616388697297,0,0
45.52376917564831,284.7075611688845,32.44038053928213,0.7153738577537225,0.010960005653752599,0.026810121182637828,0.9945909511856685,0,0,0.279217093431946,-0.010960005653752599,-0.026810121182637828,-0.7136076443582435,-0.7174010084043752,0,0
43.88139400932728,245.3252030939217,30.461639058159932,0.7369917776543478,0.011388950432216102,0.01286885816766618,0.9945909511856685,0,0,0.2575991735313208,-0.011388950432216102,-0.01286885816766618,-0.7362160940731868,-0.7380369088153301,0,0
39.67832560006777,200.75362703878065,32.800418117764416,0.758613427411885,0.011539669426398141,0.0010724048473055529,0.9945909511856685,0,0,0.23597752377378356,-0.011539669426398141,-0.0010724048473055529,-0.7586728092262848,-0.7588245437881304,0,0
37.452770077611675,317.7208243859324,33.092704166817725,0.7802355247666648,0.011481700182476686,-0.0064344290838330076,0.9945909511856685,0,0,0.21435542641900374,-0.011481700182476686,0.0064344290838330076,-0.7808260552556923,-0.7799156478846211,0,0
35.7417900319635,146.92774685951784,29.135426468315842,0.8019325564862261,0.011272281661802537,-0.012868858167666069,0.9945909511856685,0,0,0.19265839469944246,-0.011272281661802537,0.012868858167666069,-0.8029793012850998,-0.8011584865429571,0,0
33.68895942661416,228.31501027837746,31.737482110528177,0.8234760766483695,0.010925701135612115,-0.01930328725149913,0.9945909511856685,0,0,0.171114874537299,-0.010925701135612115,0.01930328725149913,-0.824980812752662,-0.8222495906394478,0,0
36.8399334734816,562.6000187683081,35.907463519817924,0.8450183702958507,0.010509812396271322,-0.01930328725149913,0.3234760766483695,0,0,-0.5215422936474812,-0.010509812396271322,0.01930328725149913,-0.8465271205346885,-0.8437958984214743,0,0
35.82448132093792,1284.2268420173286,34.613790153652,0.8566992443199882,0.010259241453987582,-0.02359290664072118,0.3234760766483695,0,0,-0.5332231676716187,-0.010259241453987582,0.02359290664072118,-0.8585141509204638,-0.8551759905598686,0,0
27.774536019956848,346.8640580657511,32.369070457727666,0.8372065355459394,0.010708758733604985,-0.022520501793415682,0.3234760766483695,0,0,-0.5137304588975699,-0.010708758733604985,0.022520501793415682,-0.8389403924424257,-0.8357539666436757,0,0
37.900177953656964,265.2554052777127,31.530946491144263,0.8155881680738092,0.011114520107767624,-0.015013667862277123,0.3234760766483695,0,0,-0.49211209142543966,-0.011114520107767624,0.015013667862277123,-0.8167871464130182,-0.814662862547185,0,0
35.41390242737805,258.2405371440609,28.473193408840125,0.7937402003867032,0.011395694026860368,-0.010724048473055105,0.3234760766483695,0,0,-0.4702641237383337,-0.011395694026860368,0.010724048473055105,-0.7946339003836107,-0.7931165547651585,0,0
42.012254864281495,163.42873978461637,35.25166339646849,0.7724218652754287,0.011521435857515168,-0.001072404847305499,0.3234760766483695,0,0,-0.44894578862705914,-0.011521435857515168,0.001072404847305499,-0.7726323889160485,-0.7724806543542035,0,0
42.65710812266905,206.97300472647143,32.800418117764416,0.7509516747816194,0.011417823739576774,0.010724048473055128,0.3234760766483695,0,0,-0.42747559813324987,-0.011417823739576774,-0.010724048473055128,-0.7503274083247957,-0.7518447539432486,0,0
42.5485367221777,459.67991945810627,30.526926956734627,0.7296352029718014,0.011109193692730874,0.018230882404193714,0.3234760766483695,0,0,-0.4061591263234319,-0.011109193692730874,-0.018230882404193714,-0.7284776314190787,-0.7310571189704483,0,0
44.573289080576004,317.7208243859324,34.457033820303465,0.7078665549028913,0.01063054810291698,0.025737716335332297,0.3234760766483695,0,0,-0.3843904782545218,-0.01063054810291698,-0.025737716335332297,-0.706172650827826,-0.7098142803121124,0,0
46.88585314489331,288.9697116820819,33.16637689226863,0.6864047838411753,0.010020467611562552,0.031099740571859838,0.3234760766483695,0,0,-0.3629287071928058,-0.010020467611562552,-0.031099740571859838,-0.684322873922109,-0.6887231762156216,0,0
49.264827372609226,251.60762066022812,34.22388685589026,0.6647920107908778,0.009382897592541403,0.027882526029943296,0.3234760766483695,0,0,-0.34131593414250827,-0.009382897592541403,-0.027882526029943296,-0.6629283007019278,-0.6668733993099046,0,0
51.852303182374264,323.12240163650586,32.583694610362,0.643024439395024,0.00885756353204208,0.02037569209880471,0.3234760766483695,0,0,-0.31954836274665444,-0.00885756353204208,-0.02037569209880471,-0.6416854620435918,-0.6445684187186519,0,0
54.842902515546676,317.7208243859324,28.29625192435787,0.6213300027869985,0.008462010985827897,0.016086072709582643,0.3234760766483695,0,0,-0.29785392613862893,-0.008462010985827897,-0.016086072709582643,-0.6202908888234105,-0.6225669072510897,0,0
53.39067041585029,268.9169663380496,37.100676960883916,0.5997097704003534,0.008172173099609478,0.010724048473055078,0.3234760766483695,0,0,-0.2762336937519839,-0.008172173099609478,-0.010724048473055078,-0.5990480501650746,-0.6005653957835274,0,0
41.38282267374021,198.76603234393832,28.237612839164704,0.5777843815215165,0.008066364258322568,-0.0010724048473055494,0.3234760766483695,0,0,-0.25430830487314693,-0.008066364258322568,0.0010724048473055494,-0.5779569460685838,-0.5778052115067389,0,0
38.91410827618916,312.50933522689996,28.17914317773628,0.5563140922595092,0.008146951584736438,-0.006434429083833089,0.3234760766483695,0,0,-0.2328380156111397,-0.008146951584736438,0.006434429083833089,-0.5568658419720931,-0.5559554346010219,0,0
36.24233355390543,272.6876389629632,34.535278547288506,0.5346926165667322,0.00832085764981345,-0.009651643625749632,0.3234760766483695,0,0,-0.21121653991836264,-0.00832085764981345,0.009651643625749632,-0.5354712687519119,-0.5341056576953049,0,0
35.57727385086573,206.97300472647143,56.71216714571853,0.5132238088117921,0.00858563848911974,-0.015013667862277171,0.3234760766483695,0,0,-0.18974773216342256,-0.00858563848911974,0.015013667862277171,-0.5143801646554211,-0.512255880789588,0,0
41.906294265999335,168.8620920208621,674.6059938250444,0.49160462078388134,0.00894503168140322,-0.018230882404193714,0.3234760766483695,0,0,-0.16812854413551181,-0.00894503168140322,0.018230882404193714,-0.4929855914352399,-0.49040610388387096,0,0
47.14070323672423,166.09994149545804,498.3296704628293,0.46991108245958935,0.009387113720086705,-0.02252050179341578,0.3234760766483695,0,0,-0.14643500581121982,-0.009387113720086705,0.02252050179341578,-0.47159101821505867,-0.4684045924163087,0,0
54.351395854975586,225.71785045590883,239.3652489782259,0.4483713284906962,0.009918506227907077,-0.02681012118263782,0.3234760766483695,0,0,-0.1248952518423267,-0.009918506227907077,0.02681012118263782,-0.4503481795567227,-0.44655481551059173,0,0
56.53772243679344,72.05879380612686,33.31445246435527,0.42660375709484244,0.010443840288406402,-0.021448096946110256,0.3234760766483695,0,0,-0.10312768044647291,-0.010443840288406402,0.021448096946110256,-0.42819493352731514,-0.4251602422904105,0,0
57.77869068170988,68.97275209823704,26.71599641697457,0.4048332561051646,0.01082910254603001,-0.01394126301497167,0.3234760766483695,0,0,-0.08135717945679505,-0.01082910254603001,0.01394126301497167,-0.40588995293606234,-0.4039174036320745,0,0
57.2411266723497,64.54756552171673,24.954583122703667,0.38397083657655046,0.011041653018150669,-0.00643442908383311,0.3234760766483695,0,0,-0.06049475992818093,-0.011041653018150669,0.00643442908383311,-0.3844953797158811,-0.3835849723448101,0,0
55.679217725074686,62.624502623767405,26.989108340162986,0.36636988043075147,0.01113603067608581,-0.004289619389222089,0.3234760766483695,0,0,-0.042893803782381945,-0.01113603067608581,0.004289619389222089,-0.366742435979986,-0.36613549773260556,0,0
59.635598880684206,62.21088813178245,26.60780897647566,0.35294141996830924,0.011172032627573873,-0.0010724048473055702,0.3234760766483695,0,0,-0.02946534331993972,-0.011172032627573873,0.0010724048473055702,-0.3530863254139129,-0.3529345908520682,0,0
53.39067041585029,58.880520330140875,28.414041435834406,0.34360977795203584,0.011147014322302508,0.006434429083833015,0.3234760766483695,0,0,-0.020133701303666318,-0.011147014322302508,-0.006434429083833015,-0.34322357889397115,-0.34413398626504327,0,0
50.24476518910293,59.827016433695995,30.331663097801872,0.3373130552458529,0.011089615326914474,0.01179645332036058,0.3234760766483695,0,0,-0.013836978597483396,-0.011089615326914474,-0.01179645332036058,-0.33654725817277986,-0.33821633835307824,0,0
64.767717284378,63.043003529206196,30.59241608131846,0.3338993853830707,0.011040190586316376,0.017158477556888145,0.3234760766483695,0,0,-0.010423308734701153,-0.011040190586316376,-0.017158477556888145,-0.33275389412664846,-0.3351816471161731,0,0
67.04513494735056,62.21088813178245,29.81961893815634,0.3335201083623446,0.011033478700295059,0.018230882404193658,0.3234760766483695,0,0,-0.010044031713975055,-0.011033478700295059,-0.018230882404193658,-0.3322986904411127,-0.3348781779924826,0,0
53.23336332033228,58.14195534124432,26.989108340162986,0.3335959622832994,0.011034902424414928,0.01930328725149917,-0.16647989163765542,0,0,-0.5000758539209549,-0.011034902424414928,-0.01930328725149917,-0.3322986904411127,-0.33502991255432785,0,0
64.54756552171673,65.43626790658098,29.31979943667244,0.3298032286105677,0.01096574988137049,0.01715847755688815,-0.16647989163765542,0,0,-0.49628312024822313,-0.01096574988137049,-0.01715847755688815,-0.32865706095682656,-0.33108481394635114,0,0
51.405375698086,61.802071720251114,27.099424286132248,0.30970082977555263,0.01065313499004342,0.013941263014971604,-0.16647989163765542,0,0,-0.47618072141320805,-0.01065313499004342,-0.013941263014971604,-0.3087798333550979,-0.3107523826590867,0,0
63.043003529206196,60.99849051546361,23.435077391437254,0.28838374504361564,0.010390225393417742,0.01072404847305506,-0.16647989163765542,0,0,-0.45486363668127106,-0.010390225393417742,-0.01072404847305506,-0.28768872925860717,-0.28920607487706024,0,0
67.28076465107131,68.48157158520587,27.044189133291546,0.2667622693508386,0.010216319328340731,0.005362024236527496,-0.16647989163765542,0,0,-0.433242160988494,-0.010216319328340731,-0.005362024236527496,-0.2664458906002712,-0.26720456340949794,0,0
70.2289601667081,66.34704544306035,22.416395940132503,0.2452160730759157,0.010147000353200587,0.0010724048473054549,-0.16647989163765542,0,0,-0.4116959647135711,-0.010147000353200587,-0.0010724048473054549,-0.2452030519419352,-0.24535478650378093,0,0
89.76495072901147,67.99665713203012,20.696236055220425,0.2235180806397856,0.01019353848909293,-0.005362024236527607,-0.16647989163765542,0,0,-0.38999797227744104,-0.01019353848909293,0.005362024236527607,-0.22396021328359922,-0.2232015404743734,0,0
101.02616679983112,71.26409887021845,23.16370274985499,0.20189660494700856,0.010367444554169944,-0.010724048473055171,-0.16647989163765542,0,0,-0.368376496584664,-0.010367444554169944,0.010724048473055171,-0.20271737462526324,-0.20120002900681114,0,0
98.08447665807216,66.11723490259166,23.849908233631425,0.18020067117187785,0.01066993287062857,-0.017158477556888235,-0.16647989163765542,0,0,-0.3466805628095333,-0.01066993287062857,0.017158477556888235,-0.18147453596692725,-0.17904678297740362,0,0
134.3591943699604,64.767717284378,24.08450540165466,0.15850713284758589,0.011112014909312054,-0.0235929066407213,-0.16647989163765542,0,0,-0.3249870244852413,-0.011112014909312054,0.0235929066407213,-0.16023169730859127,-0.1568935369479961,0,0
130.08105893503551,60.01951173605402,32.72794171450513,0.13674136421338906,0.01170737707751481,-0.031099740571859887,-0.16647989163765542,0,0,-0.3032212558510445,-0.01170737707751481,0.031099740571859887,-0.1389888586502553,-0.13458855635674333,0,0
145.87739303694283,60.603559569501805,32.227138405664235,0.1156578396221774,0.012272764396776058,-0.02252050179341578,-0.16647989163765542,0,0,-0.2821377312598328,-0.012272764396776058,0.02252050179341578,-0.11729081630638354,-0.11410439050763363,0,0
125.29273453547381,54.027895775402335,32.65570094258199,0.09426682170797049,0.012662784739546686,-0.013941263014971672,-0.16647989163765542,0,0,-0.26074671334562594,-0.012662784739546686,0.013941263014971672,-0.09528930483882127,-0.09331675553483341,0,0
107.45140018288424,44.34070465302382,31.258590930792266,0.07310094880439472,0.012878426854898192,-0.0064344290838330865,-0.16647989163765542,0,0,-0.23958084044205014,-0.012878426854898192,0.0064344290838330865,-0.07359126249494952,-0.07268085512387845,0,0
138.92864283985838,39.00837153363536,26.553939227512814,0.05155475252947182,0.012947745830038338,-2.42861286636753e-17,-0.16647989163765542,0,0,-0.21803464416712726,-0.012947745830038338,2.42861286636753e-17,-0.05158975102738725,-0.05158975102738772,0,0
164.75326598182954,41.59095555144303,45.403161081746035,0.030312109313815425,0.012856622416905833,0.008579238778444059,-0.16647989163765542,0,0,-0.19679200095147084,-0.012856622416905833,-0.008579238778444059,-0.02973997412167024,-0.030953850616432764,0,0
146.92774685951784,43.54193707016939,59.445249703111536,0.00891876632559735,0.01262719037433821,0.0128688581676661,-0.16647989163765542,0,0,-0.17539865796325277,-0.01262719037433821,-0.0128688581676661,-0.008041931777798484,-0.009862746519942036,0,0
158.34116103748556,46.01147903511478,48.584237987391454,-0.016644975307405885,0.012202223687322308,0.02037569209880471,-0.16647989163765542,0,0,-0.14983491633024953,-0.012202223687322308,-0.02037569209880471,0.018056412859585726,0.015173456184525373,0,0
104.1428794944386,95.7560002023429,40.869665833746936,-0.030980080203496276,0.011871644831883828,0.025737716335332273,-0.16647989163765542,0,0,-0.13549981143415915,-0.011871644831883828,-0.025737716335332273,0.03277466535857566,0.029133035874289018,0,0
103.61058678886198,248.42442609070224,39.67832560006777,-0.030980080203496276,0.011871644831883828,0.025737716335332273,-0.16647989163765542,0,0,-0.13549981143415915,-0.011871644831883828,-0.025737716335332273,0.03277466535857566,0.029133035874289018,0,0
104.1428794944386,471.8179059817352,40.869665833746936,-0.030980080203496276,0.011871644831883828,0.025737716335332273,-0.16647989163765542,0,0,-0.13549981143415915,-0.011871644831883828,-0.025737716335332273,0.03277466535857566,0.029133035874289018,0,0
108.02276929750369,382.4520830402873,36.8399334734816,-0.030980080203496276,0.011871644831883828,0.025737716335332273,-0.16647989163765542,0,0,-0.13549981143415915,-0.011871644831883828,-0.025737716335332273,0.03277466535857566,0.029133035874289018,0,0
104.68049512451793,323.12240163650586,41.906294265999335,-0.030980080203496276,0.011871644831883828,0.025737716335332273,-0.16647989163765542,0,0,-0.13549981143415915,-0.011871644831883828,-0.025737716335332273,0.03277466535857566,0.029133035874289018,0,0
116.02925942608664,1411.3480414449798,38.820199780260964,-0.030980080203496276,0.011871644831883828,0.025737716335332273,-0.16647989163765542,0,0,-0.13549981143415915,-0.011871644831883828,-0.025737716335332273,0.03277466535857566,0.029133035874289018,0,0
162.1258003695371,52.153917529280825,38.08145749517021,-0.030904237013572065,0.011873556599838613,0.02466531148802676,-0.16647989163765542,0,0,-0.13557565462408336,-0.011873556599838613,-0.02466531148802676,0.0326229307967304,0.029133035874289018,0,0
297.9167592848756,50.24476518910293,42.44040737188923,-0.030904237013572065,0.011873556599838613,0.02466531148802676,-0.16647989163765542,0,0,-0.13557565462408336,-0.011873556599838613,-0.02466531148802676,0.0326229307967304,0.029133035874289018,0,0
129.25786434407527,56.887544214014945,44.45675008456414,-0.030904237013572065,0.011873556599838613,0.02466531148802676,-0.16647989163765542,0,0,-0.13557565462408336,-0.011873556599838613,-0.02466531148802676,0.0326229307967304,0.029133035874289018,0,0
154.7323071690459,27.660416147404213,47.787928988589464,-0.030904237013572065,0.011873556599838613,0.02466531148802676,-0.16647989163765542,0,0,-0.13557565462408336,-0.011873556599838613,-0.02466531148802676,0.0326229307967304,0.029133035874289018,0,0
152.41788953728954,1570.544100534677,43.42972555805186,-0.030904237013572065,0.011873556599838613,0.02466531148802676,-0.16647989163765542,0,0,-0.13557565462408336,-0.011873556599838613,-0.02466531148802676,0.0326229307967304,0.029133035874289018,0,0
154.7323071690459,1570.544100534677,48.31637032889038,-0.030904237013572065,0.011873556599838613,0.02466531148802676,-0.16647989163765542,0,0,-0.13557565462408336,-0.011873556599838613,-0.02466531148802676,0.0326229307967304,0.029133035874289018,0,0
159.58252707905322,648.3999468665874,43.20669553443567,-0.030904237013572065,0.011873556599838613,0.02466531148802676,-0.16647989163765542,0,0,-0.13557565462408336,-0.011873556599838613,-0.02466531148802676,0.0326229307967304,0.029133035874289018,0,0
147.99350743133397,1570.544100534677,45.283073634897775,-0.030904237013572065,0.011873556599838613,0.02466531148802676,-0.16647989163765542,0,0,-0.13557565462408336,-0.011873556599838613,-0.02466531148802676,0.0326229307967304,0.029133035874289018,0,0
160.8439044330725,1570.544100534677,42.5485367221777,-0.030904237013572065,0.011873556599838613,0.02466531148802676,-0.16647989163765542,0,0,-0.13557565462408336,-0.011873556599838613,-0.02466531148802676,0.0326229307967304,0.029133035874289018,0,0
163.42873978461637,1570.544100534677,43.9954973922686,-0.030904237013572065,0.011873556599838613,0.02466531148802676,-0.16647989163765542,0,0,-0.13557565462408336,-0.011873556599838613,-0.02466531148802676,0.0326229307967304,0.029133035874289018,0,0
179.3202830877122,734.7683303247097,41.176340005486864,-0.030904237013572065,0.011873556599838613,0.02466531148802676,-0.16647989163765542,0,0,-0.13557565462408336,-0.011873556599838613,-0.02466531148802676,0.0326229307967304,0.029133035874289018,0,0
118.73212177360972,417.22151175368833,41.906294265999335,-0.030904237013572065,0.011873556599838613,0.02466531148802676,-0.16647989163765542,0,0,-0.13557565462408336,-0.011873556599838613,-0.02466531148802676,0.0326229307967304,0.029133035874289018,0,0
153.56624101955603,1570.544100534677,43.76776822876407,-0.030904237013572065,0.011873556599838613,0.02466531148802676,-0.16647989163765542,0,0,-0.13557565462408336,-0.011873556599838613,-0.02466531148802676,0.0326229307967304,0.029133035874289018,0,0
135.24881572421333,1570.544100534677,44.34070465302382,-0.030904237013572065,0.011873556599838613,0.02466531148802676,-0.16647989163765542,0,0,-0.13557565462408336,-0.011873556599838613,-0.02466531148802676,0.0326229307967304,0.029133035874289018,0,0
154.7323071690459,1570.544100534677,41.48668155431983,-0.030904237013572065,0.011873556599838613,0.02466531148802676,-0.16647989163765542,0,0,-0.13557565462408336,-0.011873556599838613,-0.02466531148802676,0.0326229307967304,0.029133035874289018,0,0
202.78305134967044,1570.544100534677,42.76612439598537,-0.030904237013572065,0.011873556599838613,0.02466531148802676,-0.16647989163765542,0,0,-0.13557565462408336,-0.011873556599838613,-0.02466531148802676,0.0326229307967304,0.029133035874289018,0,0
119.42733126216413,528.3325926770696,42.65710812266905,-0.030904237013572065,0.011873556599838613,0.02466531148802676,-0.16647989163765542,0,0,-0.13557565462408336,-0.011873556599838613,-0.02466531148802676,0.0326229307967304,0.029133035874289018,0,0
153.56624101955603,674.6059938250444,44.69032492014681,-0.030904237013572065,0.011873556599838613,0.02466531148802676,-0.16647989163765542,0,0,-0.13557565462408336,-0.011873556599838613,-0.02466531148802676,0.0326229307967304,0.029133035874289018,0,0
128.44498763419128,581.6409617069837,41.59095555144303,-0.030904237013572065,0.011873556599838613,0.02466531148802676,-0.16647989163765542,0,0,-0.13557565462408336,-0.011873556599838613,-0.02466531148802676,0.0326229307967304,0.029133035874289018,0,0
166.09994149545804,648.3999468665874,43.54193707016939,-0.030904237013572065,0.011873556599838613,0.02466531148802676,-0.16647989163765542,0,0,-0.13557565462408336,-0.011873556599838613,-0.02466531148802676,0.0326229307967304,0.029133035874289018,0,0
138.92864283985838,648.3999468665874,43.42972555805186,-0.030904237013572065,0.011873556599838613,0.02466531148802676,-0.16647989163765542,0,0,-0.13557565462408336,-0.011873556599838613,-0.02466531148802676,0.0326229307967304,0.029133035874289018,0,0
142.81538054950164,1411.3480414449798,51.405375698086,-0.030904237013572065,0.011873556599838613,0.02466531148802676,-0.16647989163765542,0,0,-0.13557565462408336,-0.011873556599838613,-0.02466531148802676,0.0326229307967304,0.029133035874289018,0,0
136.15031850713706,459.67991945810627,42.332717273451834,-0.030904237013572065,0.011873556599838613,0.02466531148802676,-0.16647989163765542,0,0,-0.13557565462408336,-0.011873556599838613,-0.02466531148802676,0.0326229307967304,0.029133035874289018,0,0
168.8620920208621,1570.544100534677,47.52728688645133,-0.030904237013572065,0.011873556599838613,0.02466531148802676,-0.16647989163765542,0,0,-0.13557565462408336,-0.011873556599838613,-0.02466531148802676,0.0326229307967304,0.029133035874289018,0,0
179.3202830877122,1570.544100534677,44.22514953619365,-0.030904237013572065,0.011873556599838613,0.02466531148802676,-0.16647989163765542,0,0,-0.13557565462408336,-0.011873556599838613,-0.02466531148802676,0.0326229307967304,0.029133035874289018,0,0
167.46934895889862,1570.544100534677,44.45675008456414,-0.030904237013572065,0.011873556599838613,0.02466531148802676,-0.16647989163765542,0,0,-0.13557565462408336,-0.011873556599838613,-0.02466531148802676,0.0326229307967304,0.029133035874289018,0,0
179.3202830877122,1570.544100534677,43.09587104878454,-0.030904237013572065,0.011873556599838613,0.02466531148802676,-0.16647989163765542,0,0,-0.13557565462408336,-0.011873556599838613,-0.02466531148802676,0.0326229307967304,0.029133035874289018,0,0
184.22292190812155,1570.544100534677,44.22514953619365,-0.030904237013572065,0.011873556599838613,0.02466531148802676,-0.16647989163765542,0,0,-0.13557565462408336,-0.011873556599838613,-0.02466531148802676,0.0326229307967304,0.029133035874289018,0,0
97.14019014961423,417.22151175368833,43.54193707016939,-0.030904237013572065,0.011873556599838613,0.02466531148802676,-0.16647989163765542,0,0,-0.13557565462408336,-0.011873556599838613,-0.02466531148802676,0.0326229307967304,0.029133035874289018,0,0
162.1258003695371,1570.544100534677,46.88585314489331,-0.030904237013572065,0.011873556599838613,0.02466531148802676,-0.16647989163765542,0,0,-0.13557565462408336,-0.011873556599838613,-0.02466531148802676,0.0326229307967304,0.029133035874289018,0,0
162.1258003695371,1570.544100534677,45.766561441787665,-0.030904237013572065,0.011873556599838613,0.02466531148802676,-0.16647989163765542,0,0,-0.13557565462408336,-0.011873556599838613,-0.02466531148802676,0.0326229307967304,0.029133035874289018,0,0
123.02757911911826,562.6000187683081,44.34070465302382,-0.030904237013572065,0.011873556599838613,0.02466531148802676,-0.16647989163765542,0,0,-0.13557565462408336,-0.011873556599838613,-0.02466531148802676,0.0326229307967304,0.029133035874289018,0,0
185.91929651913173,808.2350827585409,44.69032492014681,-0.030904237013572065,0.011873556599838613,0.02466531148802676,-0.16647989163765542,0,0,-0.13557565462408336,-0.011873556599838613,-0.02466531148802676,0.0326229307967304,0.029133035874289018,0,0
153.56624101955603,1570.544100534677,43.20669553443567,-0.030904237013572065,0.011873556599838613,0.02466531148802676,-0.16647989163765542,0,0,-0.13557565462408336,-0.011873556599838613,-0.02466531148802676,0.0326229307967304,0.029133035874289018,0,0
187.6483042942066,1570.544100534677,48.854583701372256,-0.030904237013572065,0.011873556599838613,0.02466531148802676,-0.16647989163765542,0,0,-0.13557565462408336,-0.011873556599838613,-0.02466531148802676,0.0326229307967304,0.029133035874289018,0,0
163.42873978461637,1411.3480414449798,43.20669553443567,-0.030904237013572065,0.011873556599838613,0.02466531148802676,-0.16647989163765542,0,0,-0.13557565462408336,-0.011873556599838613,-0.02466531148802676,0.0326229307967304,0.029133035874289018,0,0
160.8439044330725,1570.544100534677,42.5485367221777,-0.030904237013572065,0.011873556599838613,0.02466531148802676,-0.16647989163765542,0,0,-0.13557565462408336,-0.011873556599838613,-0.02466531148802676,0.0326229307967304,0.029133035874289018,0,0
160.8439044330725,1570.544100534677,43.654616942576325,-0.030904237013572065,0.011873556599838613,0.02466531148802676,-0.16647989163765542,0,0,-0.13557565462408336,-0.011873556599838613,-0.02466531148802676,0.0326229307967304,0.029133035874289018,0,0
196.81893899271049,1570.544100534677,44.573289080576004,-0.030904237013572065,0.011873556599838613,0.02466531148802676,-0.16647989163765542,0,0,-0.13557565462408336,-0.011873556599838613,-0.02466531148802676,0.0326229307967304,0.029133035874289018,0,0
118.73212177360972,437.33222201576723,42.332717273451834,-0.030904237013572065,0.011873556599838613,0.02466531148802676,-0.16647989163765542,0,0,-0.13557565462408336,-0.011873556599838613,-0.02466531148802676,0.0326229307967304,0.029133035874289018,0,0
225.71785045590883,1570.544100534677,42.65710812266905,-0.030904237013572065,0.011873556599838613,0.02466531148802676,-0.16647989163765542,0,0,-0.13557565462408336,-0.011873556599838613,-0.02466531148802676,0.0326229307967304,0.029133035874289018,0,0
184.22292190812155,1570.544100534677,41.59095555144303,-0.030904237013572065,0.011873556599838613,0.02466531148802676,-0.16647989163765542,0,0,-0.13557565462408336,-0.011873556599838613,-0.02466531148802676,0.0326229307967304,0.029133035874289018,0,0
223.1819809443389,417.22151175368833,41.80075928277381,-0.030904237013572065,0.011873556599838613,0.02466531148802676,-0.16647989163765542,0,0,-0.13557565462408336,-0.011873556599838613,-0.02466531148802676,0.0326229307967304,0.029133035874289018,0,0
137.98997206957193,602.1580731583105,41.80075928277381,-0.030904237013572065,0.011873556599838613,0.02466531148802676,-0.16647989163765542,0,0,-0.13557565462408336,-0.011873556599838613,-0.02466531148802676,0.0326229307967304,0.029133035874289018,0,0
107.45140018288424,1570.544100534677,47.52728688645133,-0.030904237013572065,0.011873556599838613,0.02466531148802676,-0.16647989163765542,0,0,-0.13557565462408336,-0.011873556599838613,-0.02466531148802676,0.0326229307967304,0.029133035874289018,0,0
140.84502956740286,1570.544100534677,44.45675008456414,-0.030904237013572065,0.011873556599838613,0.02466531148802676,-0.16647989163765542,0,0,-0.13557565462408336,-0.011873556599838613,-0.02466531148802676,0.0326229307967304,0.029133035874289018,0,0
177.7453057985956,1570.544100534677,45.766561441787665,-0.030904237013572065,0.011873556599838613,0.02466531148802676,-0.16647989163765542,0,0,-0.13557565462408336,-0.011873556599838613,-0.02466531148802676,0.0326229307967304,0.029133035874289018,0,0
196.81893899271049,1570.544100534677,46.63326386384414,-0.030904237013572065,0.011873556599838613,0.02466531148802676,-0.16647989163765542,0,0,-0.13557565462408336,-0.011873556599838613,-0.02466531148802676,0.0326229307967304,0.029133035874289018,0,0
198.76603234393832,1570.544100534677,42.012254864281495,-0.030904237013572065,0.011873556599838613,0.02466531148802676,-0.16647989163765542,0,0,-0.13557565462408336,-0.011873556599838613,-0.02466531148802676,0.0326229307967304,0.029133035874289018,0,0
194.9110753588243,1570.544100534677,41.38282267374021,-0.030904237013572065,0.011873556599838613,0.02466531148802676,-0.16647989163765542,0,0,-0.13557565462408336,-0.011873556599838613,-0.02466531148802676,0.0326229307967304,0.029133035874289018,0,0
131.75922954059277,1570.544100534677,46.3829042936969,-0.030904237013572065,0.011873556599838613,0.02466531148802676,-0.16647989163765542,0,0,-0.13557565462408336,-0.011873556599838613,-0.02466531148802676,0.0326229307967304,0.029133035874289018,0,0
180.92431015592842,1570.544100534677,48.18335473866846,-0.030904237013572065,0.011873556599838613,0.02466531148802676,-0.16647989163765542,0,0,-0.13557565462408336,-0.011873556599838613,-0.02466531148802676,0.0326229307967304,0.029133035874289018,0,0
187.6483042942066,1570.544100534677,41.279376340133794,-0.030904237013572065,0.011873556599838613,0.02466531148802676,-0.16647989163765542,0,0,-0.13557565462408336,-0.011873556599838613,-0.02466531148802676,0.0326229307967304,0.029133035874289018,0,0
191.20821604693444,1411.3480414449798,48.584237987391454,-0.030904237013572065,0.011873556599838613,0.02466531148802676,-0.16647989163765542,0,0,-0.13557565462408336,-0.011873556599838613,-0.02466531148802676,0.0326229307967304,0.029133035874289018,0,0
112.81620876492863,1570.544100534677,43.88139400932728,-0.030904237013572065,0.011873556599838613,0.02466531148802676,-0.16647989163765542,0,0,-0.13557565462408336,-0.011873556599838613,-0.02466531148802676,0.0326229307967304,0.029133035874289018,0,0
185.91929651913173,1570.544100534677,44.45675008456414,-0.030904237013572065,0.011873556599838613,0.02466531148802676,-0.16647989163765542,0,0,-0.13557565462408336,-0.011873556599838613,-0.02466531148802676,0.0326229307967304,0.029133035874289018,0,0
245.3252030939217,1570.544100534677,44.45675008456414,-0.030904237013572065,0.011873556599838613,0.02466531148802676,-0.16647989163765542,0,0,-0.13557565462408336,-0.011873556599838613,-0.02466531148802676,0.0326229307967304,0.029133035874289018,0,0
209.13650375320472,1570.544100534677,48.31637032889038,-0.030904237013572065,0.011873556599838613,0.02466531148802676,-0.16647989163765542,0,0,-0.13557565462408336,-0.011873556599838613,-0.02466531148802676,0.0326229307967304,0.029133035874289018,0,0
162.1258003695371,1570.544100534677,42.5485367221777,-0.030904237013572065,0.011873556599838613,0.02466531148802676,-0.16647989163765542,0,0,-0.13557565462408336,-0.011873556599838613,-0.02466531148802676,0.0326229307967304,0.029133035874289018,0,0
163.42873978461637,602.1580731583105,41.69564725646781,-0.030904237013572065,0.011873556599838613,0.02466531148802676,-0.16647989163765542,0,0,-0.13557565462408336,-0.011873556599838613,-0.02466531148802676,0.0326229307967304,0.029133035874289018,0,0
179.3202830877122,1570.544100534677,48.854583701372256,-0.030904237013572065,0.011873556599838613,0.02466531148802676,-0.16647989163765542,0,0,-0.13557565462408336,-0.011873556599838613,-0.02466531148802676,0.0326229307967304,0.029133035874289018,0,0
179.3202830877122,1570.544100534677,45.88875276428319,-0.030904237013572065,0.011873556599838613,0.02466531148802676,-0.16647989163765542,0,0,-0.13557565462408336,-0.011873556599838613,-0.02466531148802676,0.0326229307967304,0.029133035874289018,0,0
137.98997206957193,602.1580731583105,42.985502974536416,-0.030904237013572065,0.011873556599838613,0.02466531148802676,-0.16647989163765542,0,0,-0.13557565462408336,-0.011873556599838613,-0.02466531148802676,0.0326229307967304,0.029133035874289018,0,0
153.56624101955603,1411.3480414449798,47.397845831374006,-0.030904237013572065,0.011873556599838613,0.02466531148802676,-0.16647989163765542,0,0,-0.13557565462408336,-0.011873556599838613,-0.02466531148802676,0.0326229307967304,0.029133035874289018,0,0
168.8620920208621,1570.544100534677,44.573289080576004,-0.030904237013572065,0.011873556599838613,0.02466531148802676,-0.16647989163765542,0,0,-0.13557565462408336,-0.011873556599838613,-0.02466531148802676,0.0326229307967304,0.029133035874289018,0,0
114.72272976706012,1570.544100534677,43.20669553443567,-0.030904237013572065,0.011873556599838613,0.02466531148802676,-0.16647989163765542,0,0,-0.13557565462408336,-0.011873556599838613,-0.02466531148802676,0.0326229307967304,0.029133035874289018,0,0
128.44498763419128,602.1580731583105,42.44040737188923,-0.030904237013572065,0.011873556599838613,0.02466531148802676,-0.16647989163765542,0,0,-0.13557565462408336,-0.011873556599838613,-0.02466531148802676,0.0326229307967304,0.029133035874289018,0,0
198.76603234393832,1570.544100534677,43.09587104878454,-0.030904237013572065,0.011873556599838613,0.02466531148802676,-0.16647989163765542,0,0,-0.13557565462408336,-0.011873556599838613,-0.02466531148802676,0.0326229307967304,0.029133035874289018,0,0
150.1726803268919,648.3999468665874,41.48668155431983,-0.030904237013572065,0.011873556599838613,0.02466531148802676,-0.16647989163765542,0,0,-0.13557565462408336,-0.011873556599838613,-0.02466531148802676,0.0326229307967304,0.029133035874289018,0,0
159.58252707905322,624.3377665398167,39.58151945793042,-0.030904237013572065,0.011873556599838613,0.02466531148802676,-0.16647989163765542,0,0,-0.13557565462408336,-0.011873556599838613,-0.02466531148802676,0.0326229307967304,0.029133035874289018,0,0
185.91929651913173,1570.544100534677,47.52728688645133,-0.030904237013572065,0.011873556599838613,0.02466531148802676,-0.16647989163765542,0,0,-0.13557565462408336,-0.011873556599838613,-0.02466531148802676,0.0326229307967304,0.029133035874289018,0,0
129.25786434407527,1570.544100534677,47.65731322735808,-0.030904237013572065,0.011873556599838613,0.02466531148802676,-0.16647989163765542,0,0,-0.13557565462408336,-0.011873556599838613,-0.02466531148802676,0.0326229307967304,0.029133035874289018,0,0
139.88023555455067,1570.544100534677,45.04444673804966,-0.030904237013572065,0.011873556599838613,0.02466531148802676,-0.16647989163765542,0,0,-0.13557565462408336,-0.011873556599838613,-0.02466531148802676,0.0326229307967304,0.029133035874289018,0,0
162.1258003695371,1570.544100534677,47.397845831374006,-0.030904237013572065,0.011873556599838613,0.02466531148802676,-0.16647989163765542,0,0,-0.13557565462408336,-0.011873556599838613,-0.02466531148802676,0.0326229307967304,0.029133035874289018,0,0
176.198566643824,407.8990969411948,42.985502974536416,-0.030904237013572065,0.011873556599838613,0.02466531148802676,-0.16647989163765542,0,0,-0.13557565462408336,-0.011873556599838613,-0.02466531148802676,0.0326229307967304,0.029133035874289018,0,0
167.46934895889862,1776.501489545449,50.67478248141688,-0.030904237013572065,0.011873556599838613,0.02466531148802676,-0.16647989163765542,0,0,-0.13557565462408336,-0.011873556599838613,-0.02466531148802676,0.0326229307967304,0.029133035874289018,0,0
198.76603234393832,1570.544100534677,48.9906970233985,-0.030904237013572065,0.011873556599838613,0.02466531148802676,-0.16647989163765542,0,0,-0.13557565462408336,-0.011873556599838613,-0.02466531148802676,0.0326229307967304,0.029133035874289018,0,0
160.8439044330725,1570.544100534677,50.102785059575574,-0.030904237013572065,0.011873556599838613,0.02466531148802676,-0.16647989163765542,0,0,-0.13557565462408336,-0.011873556599838613,-0.02466531148802676,0.0326229307967304,0.029133035874289018,0,0
153.56624101955603,544.8761250677193,43.9954973922686,-0.030904237013572065,0.011873556599838613,0.02466531148802676,-0.16647989163765542,0,0,-0.13557565462408336,-0.011873556599838613,-0.02466531148802676,0.0326229307967304,0.029133035874289018,0,0
125.29273453547381,512.8513118946122,48.18335473866846,-0.030904237013572065,0.011873556599838613,0.02466531148802676,-0.16647989163765542,0,0,-0.13557565462408336,-0.011873556599838613,-0.02466531148802676,0.0326229307967304,0.029133035874289018,0,0
144.84210166738234,1776.501489545449,46.50780728590231,-0.030904237013572065,0.011873556599838613,0.02466531148802676,-0.16647989163765542,0,0,-0.13557565462408336,-0.011873556599838613,-0.02466531148802676,0.0326229307967304,0.029133035874289018,0,0
116.02925942608664,648.3999468665874,42.332717273451834,-0.030904237013572065,0.011873556599838613,0.02466531148802676,-0.16647989163765542,0,0,-0.13557565462408336,-0.011873556599838613,-0.02466531148802676,0.0326229307967304,0.029133035874289018,0,0
187.6483042942066,955.6520228707801,44.11008151330754,-0.030904237013572065,0.011873556599838613,0.02466531148802676,-0.16647989163765542,0,0,-0.13557565462408336,-0.011873556599838613,-0.02466531148802676,0.0326229307967304,0.029133035874289018,0,0
134.3591943699604,648.3999468665874,41.59095555144303,-0.030904237013572065,0.011873556599838613,0.02466531148802676,-0.16647989163765542,0,0,-0.13557565462408336,-0.011873556599838613,-0.02466531148802676,0.0326229307967304,0.029133035874289018,0,0
140.84502956740286,602.1580731583105,41.48668155431983,-0.030904237013572065,0.011873556599838613,0.02466531148802676,-0.16647989163765542,0,0,-0.13557565462408336,-0.011873556599838613,-0.02466531148802676,0.0326229307967304,0.029133035874289018,0,0
164.75326598182954,1570.544100534677,46.01147903511478,-0.030904237013572065,0.011873556599838613,0.02466531148802676,-0.16647989163765542,0,0,-0.13557565462408336,-0.011873556599838613,-0.02466531148802676,0.0326229307967304,0.029133035874289018,0,0
202.78305134967044,1570.544100534677,47.397845831374006,-0.030904237013572065,0.011873556599838613,0.02466531148802676,-0.16647989163765542,0,0,-0.13557565462408336,-0.011873556599838613,-0.02466531148802676,0.0326229307967304,0.029133035874289018,0,0
106.32612268515561,382.4520830402873,42.985502974536416,-0.030904237013572065,0.011873556599838613,0.02466531148802676,-0.16647989163765542,0,0,-0.13557565462408336,-0.011873556599838613,-0.02466531148802676,0.0326229307967304,0.029133035874289018,0,0
225.71785045590883,498.3296704628293,48.18335473866846,-0.030904237013572065,0.011873556599838613,0.02466531148802676,-0.16647989163765542,0,0,-0.13557565462408336,-0.011873556599838613,-0.02466531148802676,0.0326229307967304,0.029133035874289018,0,0
162.1258003695371,1570.544100534677,45.283073634897775,-0.030904237013572065,0.011873556599838613,0.02466531148802676,-0.16647989163765542,0,0,-0.13557565462408336,-0.011873556599838613,-0.02466531148802676,0.0326229307967304,0.029133035874289018,0,0
177.7453057985956,1570.544100534677,43.9954973922686,-0.030904237013572065,0.011873556599838613,0.02466531148802676,-0.16647989163765542,0,0,-0.13557565462408336,-0.011873556599838613,-0.02466531148802676,0.0326229307967304,0.029133035874289018,0,0
130.08105893503551,1570.544100534677,42.118643758499466,-0.030904237013572065,0.011873556599838613,0.02466531148802676,-0.16647989163765542,0,0,-0.13557565462408336,-0.011873556599838613,-0.02466531148802676,0.0326229307967304,0.029133035874289018,0,0
108.02276929750369,648.3999468665874,45.64490144276858,-0.030904237013572065,0.011873556599838613,0.02466531148802676,-0.16647989163765542,0,0,-0.13557565462408336,-0.011873556599838613,-0.02466531148802676,0.0326229307967304,0.029133035874289018,0,0
170.27879631253745,1570.544100534677,43.9954973922686,-0.030904237013572065,0.011873556599838613,0.02466531148802676,-0.16647989163765542,0,0,-0.13557565462408336,-0.011873556599838613,-0.02466531148802676,0.0326229307967304,0.029133035874289018,0,0
147.99350743133397,1570.544100534677,43.54193707016939,-0.030904237013572065,0.011873556599838613,0.02466531148802676,-0.16647989163765542,0,0,-0.13557565462408336,-0.011873556599838613,-0.02466531148802676,0.0326229307967304,0.029133035874289018,0,0
242.3065498311679,1570.544100534677,44.573289080576004,-0.030904237013572065,0.011873556599838613,0.02466531148802676,-0.16647989163765542,0,0,-0.13557565462408336,-0.011873556599838613,-0.02466531148802676,0.0326229307967304,0.029133035874289018,0,0
140.84502956740286,1093.1463157010076,44.573289080576004,-0.030904237013572065,0.011873556599838613,0.02466531148802676,-0.16647989163765542,0,0,-0.13557565462408336,-0.011873556599838613,-0.02466531148802676,0.0326229307967304,0.029133035874289018,0,0
176.198566643824,1570.544100534677,44.80786091202521,-0.030904237013572065,0.011873556599838613,0.02466531148802676,-0.16647989163765542,0,0,-0.13557565462408336,-0.011873556599838613,-0.02466531148802676,0.0326229307967304,0.029133035874289018,0,0
160.8439044330725,808.2350827585409,44.573289080576004,-0.030904237013572065,0.011873556599838613,0.02466531148802676,-0.16647989163765542,0,0,-0.13557565462408336,-0.011873556599838613,-0.02466531148802676,0.0326229307967304,0.029133035874289018,0,0
179.3202830877122,1776.501489545449,46.75927786047718,-0.030904237013572065,0.011873556599838613,0.02466531148802676,-0.16647989163765542,0,0,-0.13557565462408336,-0.011873556599838613,-0.02466531148802676,0.0326229307967304,0.029133035874289018,0,0
213.60849807698625,1570.544100534677,43.88139400932728,-0.030904237013572065,0.011873556599838613,0.02466531148802676,-0.16647989163765542,0,0,-0.13557565462408336,-0.011873556599838613,-0.02466531148802676,0.0326229307967304,0.029133035874289018,0,0
95.30295822324965,562.6000187683081,44.69032492014681,-0.030904237013572065,0.011873556599838613,0.02466531148802676,-0.16647989163765542,0,0,-0.13557565462408336,-0.011873556599838613,-0.02466531148802676,0.0326229307967304,0.029133035874289018,0,0
153.56624101955603,1570.544100534677,46.75927786047718,-0.030904237013572065,0.011873556599838613,0.02466531148802676,-0.16647989163765542,0,0,-0.13557565462408336,-0.011873556599838613,-0.02466531148802676,0.0326229307967304,0.029133035874289018,0,0
146.92774685951784,1093.1463157010076,46.75927786047718,-0.030904237013572065,0.011873556599838613,0.02466531148802676,-0.16647989163765542,0,0,-0.13557565462408336,-0.011873556599838613,-0.02466531148802676,0.0326229307967304,0.029133035874289018,0,0
168.8620920208621,1570.544100534677,43.9954973922686,-0.030904237013572065,0.011873556599838613,0.02466531148802676,-0.16647989163765542,0,0,-0.13557565462408336,-0.011873556599838613,-0.02466531148802676,0.0326229307967304,0.029133035874289018,0,0
120.13062066766372,1411.3480414449798,48.18335473866846,-0.030904237013572065,0.011873556599838613,0.02466531148802676,-0.16647989163765542,0,0,-0.13557565462408336,-0.011873556599838613,-0.02466531148802676,0.0326229307967304,0.029133035874289018,0,0
127.64222867598318,648.3999468665874,40.36651046494504,-0.030904237013572065,0.011873556599838613,0.02466531148802676,-0.16647989163765542,0,0,-0.13557565462408336,-0.011873556599838613,-0.02466531148802676,0.0326229307967304,0.029133035874289018,0,0
141.82331249922515,1570.544100534677,45.283073634897775,-0.030904237013572065,0.011873556599838613,0.02466531148802676,-0.16647989163765542,0,0,-0.13557565462408336,-0.011873556599838613,-0.02466531148802676,0.0326229307967304,0.029133035874289018,0,0
146.92774685951784,1570.544100534677,46.75927786047718,-0.030904237013572065,0.011873556599838613,0.02466531148802676,-0.16647989163765542,0,0,-0.13557565462408336,-0.011873556599838613,-0.02466531148802676,0.0326229307967304,0.029133035874289018,0,0
177.7453057985956,399.01729906632625,42.332717273451834,-0.030904237013572065,0.011873556599838613,0.02466531148802676,-0.16647989163765542,0,0,-0.13557565462408336,-0.011873556599838613,-0.02466531148802676,0.0326229307967304,0.029133035874289018,0,0
147.99350743133397,1570.544100534677,44.69032492014681,-0.030904237013572065,0.011873556599838613,0.02466531148802676,-0.16647989163765542,0,0,-0.13557565462408336,-0.011873556599838613,-0.02466531148802676,0.0326229307967304,0.029133035874289018,0,0
168.8620920208621,1570.544100534677,44.573289080576004,-0.030904237013572065,0.011873556599838613,0.02466531148802676,-0.16647989163765542,0,0,-0.13557565462408336,-0.011873556599838613,-0.02466531148802676,0.0326229307967304,0.029133035874289018,0,0
155.91651753124995,562.6000187683081,42.44040737188923,-0.030904237013572065,0.011873556599838613,0.02466531148802676,-0.16647989163765542,0,0,-0.13557565462408336,-0.011873556599838613,-0.02466531148802676,0.0326229307967304,0.029133035874289018,0,0
209.13650375320472,900.238757316699,45.88875276428319,-0.030904237013572065,0.011873556599838613,0.02466531148802676,-0.16647989163765542,0,0,-0.13557565462408336,-0.011873556599838613,-0.02466531148802676,0.0326229307967304,0.029133035874289018,0,0
187.6483042942066,1570.544100534677,46.88585314489331,-0.030904237013572065,0.011873556599838613,0.02466531148802676,-0.16647989163765542,0,0,-0.13557565462408336,-0.011873556599838613,-0.02466531148802676,0.0326229307967304,0.029133035874289018,0,0
180.92431015592842,1570.544100534677,44.11008151330754,-0.030904237013572065,0.011873556599838613,0.02466531148802676,-0.16647989163765542,0,0,-0.13557565462408336,-0.011873556599838613,-0.02466531148802676,0.0326229307967304,0.029133035874289018,0,0
153.56624101955603,1570.544100534677,48.584237987391454,-0.030904237013572065,0.011873556599838613,0.02466531148802676,-0.16647989163765542,0,0,-0.13557565462408336,-0.011873556599838613,-0.02466531148802676,0.0326229307967304,0.029133035874289018,0,0
154.7323071690459,900.238757316699,43.9954973922686,-0.030904237013572065,0.011873556599838613,0.02466531148802676,-0.16647989163765542,0,0,-0.13557565462408336,-0.011873556599838613,-0.02466531148802676,0.0326229307967304,0.029133035874289018,0,0
145.87739303694283,1570.544100534677,43.09587104878454,-0.030904237013572065,0.011873556599838613,0.02466531148802676,-0.16647989163765542,0,0,-0.13557565462408336,-0.011873556599838613,-0.02466531148802676,0.0326229307967304,0.029133035874289018,0,0
139.88023555455067,1570.544100534677,46.3829042936969,-0.030904237013572065,0.011873556599838613,0.02466531148802676,-0.16647989163765542,0,0,-0.13557565462408336,-0.011873556599838613,-0.02466531148802676,0.0326229307967304,0.029133035874289018,0,0
135.24881572421333,528.3325926770696,43.20669553443567,-0.030904237013572065,0.011873556599838613,0.02466531148802676,-0.16647989163765542,0,0,-0.13557565462408336,-0.011873556599838613,-0.02466531148802676,0.0326229307967304,0.029133035874289018,0,0
160.8439044330725,1570.544100534677,43.20669553443567,-0.030904237013572065,0.011873556599838613,0.02466531148802676,-0.16647989163765542,0,0,-0.13557565462408336,-0.011873556599838613,-0.02466531148802676,0.0326229307967304,0.029133035874289018,0,0
111.57932338755117,648.3999468665874,44.11008151330754,-0.030904237013572065,0.011873556599838613,0.02466531148802676,-0.16647989163765542,0,0,-0.13557565462408336,-0.011873556599838613,-0.02466531148802676,0.0326229307967304,0.029133035874289018,0,0
185.91929651913173,674.6059938250444,39.10299164548677,-0.030904237013572065,0.011873556599838613,0.02466531148802676,-0.16647989163765542,0,0,-0.13557565462408336,-0.011873556599838613,-0.02466531148802676,0.0326229307967304,0.029133035874289018,0,0
193.04122344313365,674.6059938250444,38.44807213279861,-0.030904237013572065,0.011873556599838613,0.02466531148802676,-0.16647989163765542,0,0,-0.13557565462408336,-0.011873556599838613,-0.02466531148802676,0.0326229307967304,0.029133035874289018,0,0
153.56624101955603,648.3999468665874,38.08145749517021,-0.030904237013572065,0.011873556599838613,0.02466531148802676,-0.16647989163765542,0,0,-0.13557565462408336,-0.011873556599838613,-0.02466531148802676,0.0326229307967304,0.029133035874289018,0,0
200.75362703878065,1570.544100534677,43.20669553443567,-0.030904237013572065,0.011873556599838613,0.02466531148802676,-0.16647989163765542,0,0,-0.13557565462408336,-0.011873556599838613,-0.02466531148802676,0.0326229307967304,0.029133035874289018,0,0
211.34777997197892,1570.544100534677,43.9954973922686,-0.030904237013572065,0.011873556599838613,0.02466531148802676,-0.16647989163765542,0,0,-0.13557565462408336,-0.011873556599838613,-0.02466531148802676,0.0326229307967304,0.029133035874289018,0,0
146.92774685951784,602.1580731583105,42.44040737188923,-0.030904237013572065,0.011873556599838613,0.02466531148802676,-0.16647989163765542,0,0,-0.13557565462408336,-0.011873556599838613,-0.02466531148802676,0.0326229307967304,0.029133035874289018,0,0
140.84502956740286,1570.544100534677,41.279376340133794,-0.030904237013572065,0.011873556599838613,0.02466531148802676,-0.16647989163765542,0,0,-0.13557565462408336,-0.011873556599838613,-0.02466531148802676,0.0326229307967304,0.029133035874289018,0,0
163.42873978461637,1570.544100534677,48.584237987391454,-0.030904237013572065,0.011873556599838613,0.02466531148802676,-0.16647989163765542,0,0,-0.13557565462408336,-0.011873556599838613,-0.02466531148802676,0.0326229307967304,0.029133035874289018,0,0
145.87739303694283,1570.544100534677,41.69564725646781,-0.030904237013572065,0.011873556599838613,0.02466531148802676,-0.16647989163765542,0,0,-0.13557565462408336,-0.011873556599838613,-0.02466531148802676,0.0326229307967304,0.029133035874289018,0,0
158.34116103748556,602.1580731583105,42.332717273451834,-0.030904237013572065,0.011873556599838613,0.02466531148802676,-0.16647989163765542,0,0,-0.13557565462408336,-0.011873556599838613,-0.02466531148802676,0.0326229307967304,0.029133035874289018,0,0
147.99350743133397,1570.544100534677,42.5485367221777,-0.030904237013572065,0.011873556599838613,0.02466531148802676,-0.16647989163765542,0,0,-0.13557565462408336,-0.011873556599838613,-0.02466531148802676,0.0326229307967304,0.029133035874289018,0,0
176.198566643824,648.3999468665874,43.54193707016939,-0.030904237013572065,0.011873556599838613,0.02466531148802676,-0.16647989163765542,0,0,-0.13557565462408336,-0.011873556599838613,-0.02466531148802676,0.0326229307967304,0.029133035874289018,0,0
187.6483042942066,1570.544100534677,44.45675008456414,-0.030904237013572065,0.011873556599838613,0.02466531148802676,-0.16647989163765542,0,0,-0.13557565462408336,-0.011873556599838613,-0.02466531148802676,0.0326229307967304,0.029133035874289018,0,0
242.3065498311679,955.6520228707801,43.9954973922686,-0.030904237013572065,0.011873556599838613,0.02466531148802676,-0.16647989163765542,0,0,-0.13557565462408336,-0.011873556599838613,-0.02466531148802676,0.0326229307967304,0.029133035874289018,0,0
200.75362703878065,1570.544100534677,44.69032492014681,-0.030904237013572065,0.011873556599838613,0.02466531148802676,-0.16647989163765542,0,0,-0.13557565462408336,-0.011873556599838613,-0.02466531148802676,0.0326229307967304,0.029133035874289018,0,0
146.92774685951784,1570.544100534677,48.31637032889038,-0.030904237013572065,0.011873556599838613,0.02466531148802676,-0.16647989163765542,0,0,-0.13557565462408336,-0.011873556599838613,-0.02466531148802676,0.0326229307967304,0.029133035874289018,0,0
160.8439044330725,581.6409617069837,48.854583701372256,-0.030904237013572065,0.011873556599838613,0.02466531148802676,-0.16647989163765542,0,0,-0.13557565462408336,-0.011873556599838613,-0.02466531148802676,0.0326229307967304,0.029133035874289018,0,0
168.8620920208621,1570.544100534677,47.26898596692454,-0.030904237013572065,0.011873556599838613,0.02466531148802676,-0.16647989163765542,0,0,-0.13557565462408336,-0.011873556599838613,-0.02466531148802676,0.0326229307967304,0.029133035874289018,0,0
177.7453057985956,1570.544100534677,45.403161081746035,-0.030904237013572065,0.011873556599838613,0.02466531148802676,-0.16647989163765542,0,0,-0.13557565462408336,-0.011873556599838613,-0.02466531148802676,0.0326229307967304,0.029133035874289018,0,0
211.34777997197892,1570.544100534677,46.88585314489331,-0.030904237013572065,0.011873556599838613,0.02466531148802676,-0.16647989163765542,0,0,-0.13557565462408336,-0.011873556599838613,-0.02466531148802676,0.0326229307967304,0.029133035874289018,0,0
170.27879631253745,900.238757316699,48.18335473866846,-0.030904237013572065,0.011873556599838613,0.02466531148802676,-0.16647989163765542,0,0,-0.13557565462408336,-0.011873556599838613,-0.02466531148802676,0.0326229307967304,0.029133035874289018,0,0
160.8439044330725,1570.544100534677,44.22514953619365,-0.030904237013572065,0.011873556599838613,0.02466531148802676,-0.16647989163765542,0,0,-0.13557565462408336,-0.011873556599838613,-0.02466531148802676,0.0326229307967304,0.029133035874289018,0,0
131.75922954059277,581.6409617069837,43.20669553443567,-0.030904237013572065,0.011873556599838613,0.02466531148802676,-0.16647989163765542,0,0,-0.13557565462408336,-0.011873556599838613,-0.02466531148802676,0.0326229307967304,0.029133035874289018,0,0
137.0639518589543,206.97300472647143,43.20669553443567,-0.030904237013572065,0.011873556599838613,0.02466531148802676,-0.16647989163765542,0,0,-0.13557565462408336,-0.011873556599838613,-0.02466531148802676,0.0326229307967304,0.029133035874289018,0,0
851.4899528953961,1570.544100534677,50.53075884371071,-0.030904237013572065,0.011873556599838613,0.02466531148802676,-0.16647989163765542,0,0,-0.13557565462408336,-0.011873556599838613,-0.02466531148802676,0.0326229307967304,0.029133035874289018,0,0
1411.3480414449798,29.630778653111555,581.6409617069837,-0.030904237013572065,0.011873556599838613,0.02466531148802676,-0.16647989163765542,0,0,-0.13557565462408336,-0.011873556599838613,-0.02466531148802676,0.0326229307967304,0.029133035874289018,0,0
75.69750294678715,28.06270908445,407.8990969411948,-0.030980080203496276,0.011871644831883828,0.025737716335332273,-0.16647989163765542,0,0,-0.13549981143415915,-0.011871644831883828,-0.025737716335332273,0.03277466535857566,0.029133035874289018,0,0
41.48668155431983,1570.544100534677,808.2350827585409,-0.030980080203496276,0.011871644831883828,0.025737716335332273,-0.16647989163765542,0,0,-0.13549981143415915,-0.011871644831883828,-0.025737716335332273,0.03277466535857566,0.029133035874289018,0,0
56.887544214014945,1570.544100534677,427.0195773074906,-0.030980080203496276,0.011871644831883828,0.025737716335332273,-0.16647989163765542,0,0,-0.13549981143415915,-0.011871644831883828,-0.025737716335332273,0.03277466535857566,0.029133035874289018,0,0
51.11102239631034,1570.544100534677,427.0195773074906,-0.030980080203496276,0.011871644831883828,0.025737716335332273,-0.16647989163765542,0,0,-0.13549981143415915,-0.011871644831883828,-0.025737716335332273,0.03277466535857566,0.029133035874289018,0,0
51.702600387636146,276.5725757314533,427.0195773074906,-0.030980080203496276,0.011871644831883828,0.025737716335332273,-0.16647989163765542,0,0,-0.13549981143415915,-0.011871644831883828,-0.025737716335332273,0.03277466535857566,0.029133035874289018,0,0
101.02616679983112,284.7075611688845,19.134942493208065,-0.030980080203496276,0.011871644831883828,0.025737716335332273,-0.16647989163765542,0,0,-0.13549981143415915,-0.011871644831883828,-0.025737716335332273,0.03277466535857566,0.029133035874289018,0,0
1411.3480414449798,1570.544100534677,1570.544100534677,-0.030980080203496276,0.011871644831883828,0.025737716335332273,-0.16647989163765542,0,0,-0.13549981143415915,-0.011871644831883828,-0.025737716335332273,0.03277466535857566,0.029133035874289018,0,0
648.3999468665874,374.71408913910363,648.3999468665874,-0.030980080203496276,0.011871644831883828,0.025737716335332273,-0.16647989163765542,0,0,-0.13549981143415915,-0.011871644831883828,-0.025737716335332273,0.03277466535857566,0.029133035874289018,0,0
44.69032492014681,360.20900612823414,334.5408252723781,-0.030980080203496276,0.011871644831883828,0.025737716335332273,-0.16647989163765542,0,0,-0.13549981143415915,-0.011871644831883828,-0.025737716335332273,0.03277466535857566,0.029133035874289018,0,0
33.46350991438838,206.97300472647143,648.3999468665874,-0.030980080203496276,0.011871644831883828,0.025737716335332273,-0.16647989163765542,0,0,-0.13549981143415915,-0.011871644831883828,-0.025737716335332273,0.03277466535857566,0.029133035874289018,0,0
41.48668155431983,209.13650375320472,47.397845831374006,-0.030980080203496276,0.011871644831883828,0.025737716335332273,-0.16647989163765542,0,0,-0.13549981143415915,-0.011871644831883828,-0.025737716335332273,0.03277466535857566,0.029133035874289018,0,0
36.411556150709906,581.6409617069837,808.2350827585409,-0.030980080203496276,0.011871644831883828,0.025737716335332273,-0.16647989163765542,0,0,-0.13549981143415915,-0.011871644831883828,-0.025737716335332273,0.03277466535857566,0.029133035874289018,0,0
40.26705290654683,1570.544100534677,272.6876389629632,-0.030980080203496276,0.011871644831883828,0.025737716335332273,-0.16647989163765542,0,0,-0.13549981143415915,-0.011871644831883828,-0.025737716335332273,0.03277466535857566,0.029133035874289018,0,0
213.60849807698625,1570.544100534677,180.92431015592842,-0.030980080203496276,0.011871644831883828,0.025737716335332273,-0.16647989163765542,0,0,-0.13549981143415915,-0.011871644831883828,-0.025737716335332273,0.03277466535857566,0.029133035874289018,0,0
581.6409617069837,1776.501489545449,261.6981137825328,-0.030980080203496276,0.011871644831883828,0.025737716335332273,-0.16647989163765542,0,0,-0.13549981143415915,-0.011871644831883828,-0.025737716335332273,0.03277466535857566,0.029133035874289018,0,0
83.03372126641216,32.583694610362,130.91477695173097,-0.030980080203496276,0.011871644831883828,0.025737716335332273,-0.16647989163765542,0,0,-0.13549981143415915,-0.011871644831883828,-0.025737716335332273,0.03277466535857566,0.029133035874289018,0,0
27.321922058316176,43.20669553443567,265.2554052777127,-0.030980080203496276,0.011871644831883828,0.025737716335332273,-0.16647989163765542,0,0,-0.13549981143415915,-0.011871644831883828,-0.025737716335332273,0.03277466535857566,0.029133035874289018,0,0
39.67832560006777,54.027895775402335,132.61463364415852,-0.030980080203496276,0.011871644831883828,0.025737716335332273,-0.16647989163765542,0,0,-0.13549981143415915,-0.011871644831883828,-0.025737716335332273,0.03277466535857566,0.029133035874289018,0,0
19.786108976753717,62.624502623767405,189.41093412341306,-0.030980080203496276,0.011871644831883828,0.025737716335332273,-0.16647989163765542,0,0,-0.13549981143415915,-0.011871644831883828,-0.025737716335332273,0.03277466535857566,0.029133035874289018,0,0
18.714890970363626,57.41934790708907,268.9169663380496,-0.030980080203496276,0.011871644831883828,0.025737716335332273,-0.16647989163765542,0,0,-0.13549981143415915,-0.011871644831883828,-0.025737716335332273,0.03277466535857566,0.029133035874289018,0,0
22.720324710149534,72.32728403086773,1570.544100534677,-0.030980080203496276,0.011871644831883828,0.025737716335332273,-0.16647989163765542,0,0,-0.13549981143415915,-0.011871644831883828,-0.025737716335332273,0.03277466535857566,0.029133035874289018,0,0
25.15356131134849,137.98997206957193,1570.544100534677,-0.030980080203496276,0.011871644831883828,0.025737716335332273,-0.16647989163765542,0,0,-0.13549981143415915,-0.011871644831883828,-0.025737716335332273,0.03277466535857566,0.029133035874289018,0,0
25.15356131134849,120.13062066766372,648.3999468665874,-0.030980080203496276,0.011871644831883828,0.025737716335332273,-0.16647989163765542,0,0,-0.13549981143415915,-0.011871644831883828,-0.025737716335332273,0.03277466535857566,0.029133035874289018,0,0
25.203635736394993,140.84502956740286,955.6520228707801,-0.030980080203496276,0.011871644831883828,0.025737716335332273,-0.16647989163765542,0,0,-0.13549981143415915,-0.011871644831883828,-0.025737716335332273,0.03277466535857566,0.029133035874289018,0,0
25.203635736394993,145.87739303694283,417.22151175368833,-0.030980080203496276,0.011871644831883828,0.025737716335332273,-0.16647989163765542,0,0,-0.13549981143415915,-0.011871644831883828,-0.025737716335332273,0.03277466535857566,0.029133035874289018,0,0
22.58943126976108,171.72011046907937,1570.544100534677,-0.030980080203496276,0.011871644831883828,0.025737716335332273,-0.16647989163765542,0,0,-0.13549981143415915,-0.011871644831883828,-0.025737716335332273,0.03277466535857566,0.029133035874289018,0,0
24.514455284677474,134.3591943699604,427.0195773074906,-0.030980080203496276,0.011871644831883828,0.025737716335332273,-0.16647989163765542,0,0,-0.13549981143415915,-0.011871644831883828,-0.025737716335332273,0.03277466535857566,0.029133035874289018,0,0
24.905165748622878,149.07502982648927,211.34777997197892,-0.030980080203496276,0.011871644831883828,0.025737716335332273,-0.16647989163765542,0,0,-0.13549981143415915,-0.011871644831883828,-0.025737716335332273,0.03277466535857566,0.029133035874289018,0,0
25.203635736394993,129.25786434407527,484.6780696502813,-0.030980080203496276,0.011871644831883828,0.025737716335332273,-0.16647989163765542,0,0,-0.13549981143415915,-0.011871644831883828,-0.025737716335332273,0.03277466535857566,0.029133035874289018,0,0
24.855878172379555,118.73212177360972,193.04122344313365,-0.030980080203496276,0.011871644831883828,0.025737716335332273,-0.16647989163765542,0,0,-0.13549981143415915,-0.011871644831883828,-0.025737716335332273,0.03277466535857566,0.029133035874289018,0,0
25.053809401176977,164.75326598182954,1411.3480414449798,-0.030980080203496276,0.011871644831883828,0.025737716335332273,-0.16647989163765542,0,0,-0.13549981143415915,-0.011871644831883828,-0.025737716335332273,0.03277466535857566,0.029133035874289018,0,0
25.30418426932561,130.08105893503551,471.8179059817352,-0.030980080203496276,0.011871644831883828,0.025737716335332273,-0.16647989163765542,0,0,-0.13549981143415915,-0.011871644831883828,-0.025737716335332273,0.03277466535857566,0.029133035874289018,0,0
25.30418426932561,133.48121220361529,1411.3480414449798,-0.030980080203496276,0.011871644831883828,0.025737716335332273,-0.16647989163765542,0,0,-0.13549981143415915,-0.011871644831883828,-0.025737716335332273,0.03277466535857566,0.029133035874289018,0,0
24.61136879396949,123.77355272308415,427.0195773074906,-0.030980080203496276,0.011871644831883828,0.025737716335332273,-0.16647989163765542,0,0,-0.13549981143415915,-0.011871644831883828,-0.025737716335332273,0.03277466535857566,0.029133035874289018,0,0
24.41804431856243,118.73212177360972,346.8640580657511,-0.030980080203496276,0.011871644831883828,0.025737716335332273,-0.16647989163765542,0,0,-0.13549981143415915,-0.011871644831883828,-0.025737716335332273,0.03277466535857566,0.029133035874289018,0,0
25.456014597653017,130.08105893503551,1570.544100534677,-0.030980080203496276,0.011871644831883828,0.025737716335332273,-0.16647989163765542,0,0,-0.13549981143415915,-0.011871644831883828,-0.025737716335332273,0.03277466535857566,0.029133035874289018,0,0
25.354659483658537,130.08105893503551,19.639152619200075,-0.030980080203496276,0.011871644831883828,0.025737716335332273,-0.16647989163765542,0,0,-0.13549981143415915,-0.011871644831883828,-0.025737716335332273,0.03277466535857566,0.029133035874289018,0,0
25.405269406077494,126.84939257625024,62.833136667956715,-0.030980080203496276,0.011871644831883828,0.025737716335332273,-0.16647989163765542,0,0,-0.13549981143415915,-0.011871644831883828,-0.025737716335332273,0.03277466535857566,0.029133035874289018,0,0
25.354659483658537,129.25786434407527,139.88023555455067,-0.030980080203496276,0.011871644831883828,0.025737716335332273,-0.16647989163765542,0,0,-0.13549981143415915,-0.011871644831883828,-0.025737716335332273,0.03277466535857566,0.029133035874289018,0,0
22.632955363231254,137.98997206957193,18.993706680961672,-0.030980080203496276,0.011871644831883828,0.025737716335332273,-0.16647989163765542,0,0,-0.13549981143415915,-0.011871644831883828,-0.025737716335332273,0.03277466535857566,0.029133035874289018,0,0
