FDist,LDist,RDist,XEst,YEst,ThetaEst,XDes,YDes,ThetaDes,XError,YError,ThetaError,SL,SR,RW,LW
173.18670720903205,135.24881572421333,149.07502982648927,0.0,0.0,0.0,0,0,0,0.0,0.0,0.0,0.0,0.0,0,0
230.97580043058096,138.92864283985838,182.55823066529945,0.0,0.0,0.0,0,0,0,0.0,0.0,0.0,0.0,0.0,0,0
191.20821604693444,158.34116103748556,193.04122344313365,0.0,0.0,0.0,0,0,0,0.0,0.0,0.0,0.0,0.0,0,0
215.92040254306553,196.81893899271049,150.1726803268919,0.0,0.0,0.0,0,0,0,0.0,0.0,0.0,0.0,0.0,0,0
272.6876389629632,135.24881572421333,182.55823066529945,0.0,0.0,0.0,0,0,0,0.0,0.0,0.0,0.0,0.0,0,0
248.42442609070224,132.61463364415852,174.67928447558052,0.0,0.0,0.0,0,0,0,0.0,0.0,0.0,0.0,0.0,0,0
213.60849807698625,137.98997206957193,204.85569342211394,0.0,0.0,0.0,0,0,0,0.0,0.0,0.0,0.0,0.0,0,0
198.76603234393832,130.08105893503551,152.41788953728954,0.0,0.0,0.0,0,0,0,0.0,0.0,0.0,0.0,0.0,0,0
211.34777997197892,132.61463364415852,170.27879631253745,0.0,0.0,0.0,0,0,0,0.0,0.0,0.0,0.0,0.0,0,0
293.3703955349555,128.44498763419128,152.41788953728954,0.0,0.0,0.0,0,0,0,0.0,0.0,0.0,0.0,0.0,0,0
140.84502956740286,129.25786434407527,157.11931592309642,0.0,0.0,0.0,0,0,0,0.0,0.0,0.0,0.0,0.0,0,0
215.92040254306553,125.29273453547381,174.67928447558052,0.0,0.0,0.0,0,0,0,0.0,0.0,0.0,0.0,0.0,0,0
245.3252030939217,179.3202830877122,167.46934895889862,0.0,0.0,0.0,0,0,0,0.0,0.0,0.0,0.0,0.0,0,0
360.20900612823414,120.13062066766372,182.55823066529945,0.0,0.0,0.0,0,0,0,0.0,0.0,0.0,0.0,0.0,0,0
215.92040254306553,153.56624101955603,242.3065498311679,0.0,0.0,0.0,0,0,0,0.0,0.0,0.0,0.0,0.0,0,0
297.9167592848756,134.3591943699604,182.55823066529945,0.0,0.0,0.0,0,0,0,0.0,0.0,0.0,0.0,0.0,0,0
133.48121220361529,120.13062066766372,119.42733126216413,0.0,0.0,0.0,0,0,0,0.0,0.0,0.0,0.0,0.0,0,0
228.31501027837746,180.92431015592842,167.46934895889862,0.0,0.0,0.0,0,0,0,0.0,0.0,0.0,0.0,0.0,0,0
211.34777997197892,171.72011046907937,125.29273453547381,0.0,0.0,0.0,0,0,0,0.0,0.0,0.0,0.0,0.0,0,0
268.9169663380496,185.91929651913173,193.04122344313365,0.0,0.0,0.0,0,0,0,0.0,0.0,0.0,0.0,0.0,0,0
297.9167592848756,152.41788953728954,147.99350743133397,0.0,0.0,0.0,0,0,0,0.0,0.0,0.0,0.0,0.0,0,0
149.07502982648927,127.64222867598318,162.1258003695371,0.0,0.0,0.0,0,0,0,0.0,0.0,0.0,0.0,0.0,0,0
230.97580043058096,194.9110753588243,184.22292190812155,0.0,0.0,0.0,-1.0,0,0,-1.0,0.0,0.0,0.0,0.0,0,0
153.56624101955603,158.34116103748556,182.55823066529945,-0.016403829792358705,7.94903986330394e-05,-0.009691611952180082,-1.0,0,0,-0.9835961702076413,-7.94903986330394e-05,0.009691611952180082,0.015723671231216912,0.017084373549302995,0,0
202.78305134967044,206.97300472647143,114.72272976706012,-0.10121499062667563,0.0010841513274956946,-0.013998995042037863,-1.0,0,0,-0.8987850093733244,-0.0010841513274956946,0.013998995042037863,0.10023840409900783,0.10220386300290994,0,0
213.60849807698625,206.97300472647143,137.0639518589543,-0.2006787613326924,0.003012321348691533,-0.024767452766682366,-1.0,0,0,-0.7993212386673076,-0.003012321348691533,0.024767452766682366,0.19896491673347558,0.20244226710191776,0,0
251.60762066022812,198.76603234393832,215.92040254306553,-0.3007944037613223,0.006085845905380647,-0.03661275626379134,-1.0,0,0,-0.6992055962386776,-0.006085845905380647,0.03661275626379134,0.29829618595375934,0.3034366169331956,0,0
184.22292190812155,265.2554052777127,248.42442609070224,-0.39936055275567117,0.01017459959684355,-0.046304368215971475,-1.0,0,0,-0.6006394472443288,-0.01017459959684355,0.046304368215971475,0.396266752855957,0.4027678861534794,0,0
164.75326598182954,209.13650375320472,27.210360375618606,-0.49449288215236975,0.014890828592312663,-0.052765442850758196,-1.0,0,0,-0.5055071178476302,-0.014890828592312663,0.052765442850758196,0.4910623476826205,0.498470615858867,0,0
211.34777997197892,204.85569342211394,56.19159937776923,-0.586298175673044,0.019541226696233333,-0.048458059760900514,-1.0,0,0,-0.413701824326956,-0.019541226696233333,0.048458059760900514,0.5832877270195659,0.5900912386099963,0,0
323.12240163650586,37.36426621567546,49.820833293006025,-0.6745262993978793,0.022963232060947667,-0.02907483585654035,-1.0,0,0,-0.32547370060212066,-0.022963232060947667,0.02907483585654035,0.6729428908667932,0.6770249978210514,0,0
360.20900612823414,18.3055648241262,41.906294265999335,-0.7590314281520776,0.024237314456414475,-0.00107684577246462,-1.0,0,0,-0.24096857184792242,-0.024237314456414475,0.00107684577246462,0.7594230826384862,0.7595742717849402,0,0
484.6780696502813,19.786108976753717,35.09054457381912,-0.838549126934858,0.023124073863172605,0.02907483585654005,-1.0,0,0,-0.16145087306514205,-0.023124073863172605,-0.02907483585654005,0.841065221723651,0.8369831147693927,0,0
126.84939257625024,21.05064198016546,26.87940715229901,-0.9094093162536391,0.020528527147648815,0.04415067667104233,-1.0,0,0,-0.09059068374636092,-0.020528527147648815,-0.04415067667104233,0.9130312554357591,0.9068325004311447,0,0
323.12240163650586,35.7417900319635,23.849908233631425,-0.9664021561364451,0.017487707954906923,0.06245705480293798,-1.0,0,0,-0.03359784386355491,-0.017487707954906923,-0.06245705480293798,0.9713902659670065,0.9626212954726739,0,0
185.91929651913173,29.013419717033194,21.05064198016546,-1.008865546335396,0.014625477352330206,0.07214866675511801,-1.0,0,0,0.008865546335395935,-0.014625477352330206,-0.07214866675511801,1.014630361852853,1.0045006890404344,0,0
360.20900612823414,26.075716529157752,19.93438562175379,-1.040247272400326,0.012595054456655399,0.057072825940615704,-1.0,0,0,0.040247272400325995,-0.012595054456655399,-0.057072825940615704,1.0450193802901087,1.0370063555280464,0,0
459.67991945810627,24.5628489666094,19.099517867391533,-1.057916550383111,0.011757235559611548,0.03768960203625561,-1.0,0,0,0.05791655038311094,-0.011757235559611548,-0.03768960203625561,1.0613478081071417,1.0560561879812516,0,0
90.57673222463723,23.99030640367822,20.696236055220425,-1.0656998560887219,0.011543455618857418,0.017229532359431057,-1.0,0,0,0.06569985608872186,-0.011543455618857418,-0.017229532359431057,1.06769775225821,1.065278725914946,0,0
81.6648832554738,24.905165748622878,21.250766618660897,-1.0662289701633951,0.011536333010496742,0.009691611952179907,-1.0,0,0,0.06622897016339513,-0.011536333010496742,-0.009691611952179907,1.06769775225821,1.0663370499401241,0,0
90.98786202822609,24.514455284677474,21.17043565318336,-1.0662289701633951,0.011536333010496742,0.009691611952179907,-1.0,0,0,0.06622897016339513,-0.011536333010496742,-0.009691611952179907,1.06769775225821,1.0663370499401241,0,0
88.18202887947652,24.514455284677474,21.130411066922797,-1.066077788117283,0.011537798254097564,0.009691611952179907,-1.0,0,0,0.06607778811728293,-0.011537798254097564,-0.009691611952179907,1.067546563111756,1.06618586079367,0,0
98.56325615049124,23.756904125116755,19.97166324722388,-1.0660021967107234,0.011538490175856942,0.008614766179715457,-1.0,0,0,0.06600219671072338,-0.011538490175856942,-0.008614766179715457,1.067395373965302,1.06618586079367,0,0
108.6000844939372,23.849908233631425,20.197102771620948,-1.0652462579911806,0.011541746313652132,-1.43982048506075e-16,-1.0,0,0,0.06524625799118056,-0.011541746313652132,1.43982048506075e-16,1.0660346716472158,1.066034671647216,0,0
81.32922784467303,25.15356131134849,21.865492873548824,-1.0630542826022775,0.01150751745013374,-0.031228527401469197,-1.0,0,0,0.06305428260227752,-0.01150751745013374,0.031228527401469197,1.0616501864000496,1.066034671647216,0,0
177.7453057985956,27.6035995904869,26.60780897647566,-1.0595794017401934,0.01137648852497959,-0.044150676671042596,-1.0,0,0,0.05957940174019338,-0.01137648852497959,0.044150676671042596,1.0572657011528834,1.0634644561574977,0,0
228.31501027837746,28.952686402369643,25.405269406077494,-1.0558035381918165,0.0112055990359193,-0.046304368215971496,-1.0,0,0,0.05580353819181649,-0.0112055990359193,0.046304368215971496,1.0533347833450792,1.0598359166426015,0,0
268.9169663380496,29.505828159201656,23.80334702660077,-1.0520276746434396,0.011034709546859011,-0.044150676671042596,-1.0,0,0,0.0520276746434396,-0.011034709546859011,0.044150676671042596,1.049706243830183,1.0559049988347973,0,0
293.3703955349555,30.074083981884726,21.494038780723614,-1.0484021726228168,0.010886270638134871,-0.03768960203625589,-1.0,0,0,0.048402172622816764,-0.010886270638134871,0.03768960203625589,1.0465312717546489,1.051822891880539,0,0
93.09781934285294,29.013419717033194,20.425629923801807,-1.0465129659721264,0.010836416657897047,-0.015075840814502438,-1.0,0,0,0.0465129659721264,-0.010836416657897047,0.015075840814502438,1.046228893461741,1.0483455415120968,0,0
84.08878225753256,26.934181235571288,19.170444672652238,-1.044925491209514,0.010830433500362101,0.007537920407251011,-1.0,0,0,0.04492549120951406,-0.010830433500362101,-0.007537920407251011,1.046228893461741,1.0451705694365627,0,0
114.72272976706012,27.660416147404213,19.421153838355984,-1.044925491209514,0.010830433500362101,0.007537920407251011,-1.0,0,0,0.04492549120951406,-0.010830433500362101,-0.007537920407251011,1.046228893461741,1.0451705694365627,0,0
120.84213728458607,27.490449651671298,19.712466909449226,-1.044925491209514,0.010830433500362101,0.007537920407251011,-1.0,0,0,0.04492549120951406,-0.010830433500362101,-0.007537920407251011,1.046228893461741,1.0451705694365627,0,0
120.84213728458607,27.660416147404213,19.749246828391648,-1.044925491209514,0.010830433500362101,0.007537920407251011,-1.0,0,0,0.04492549120951406,-0.010830433500362101,-0.007537920407251011,1.046228893461741,1.0451705694365627,0,0
112.19442975602797,27.490449651671298,19.529790810708228,-1.044925491209514,0.010830433500362101,0.007537920407251011,-1.0,0,0,0.04492549120951406,-0.010830433500362101,-0.007537920407251011,1.046228893461741,1.0451705694365627,0,0
106.32612268515561,27.6035995904869,19.712466909449226,-1.044925491209514,0.010830433500362101,0.007537920407251011,-1.0,0,0,0.04492549120951406,-0.010830433500362101,-0.007537920407251011,1.046228893461741,1.0451705694365627,0,0
130.08105893503551,27.6035995904869,19.712466909449226,-1.044925491209514,0.010830433500362101,0.007537920407251011,-1.0,0,0,0.04492549120951406,-0.010830433500362101,-0.007537920407251011,1.046228893461741,1.0451705694365627,0,0
114.72272976706012,27.6035995904869,19.529790810708228,-1.044925491209514,0.010830433500362101,0.007537920407251011,-1.0,0,0,0.04492549120951406,-0.010830433500362101,-0.007537920407251011,1.046228893461741,1.0451705694365627,0,0
121.56203207857888,27.546944329386996,19.712466909449226,-1.044925491209514,0.010830433500362101,0.007537920407251011,-1.0,0,0,0.04492549120951406,-0.010830433500362101,-0.007537920407251011,1.046228893461741,1.0451705694365627,0,0
124.52854747504531,27.6035995904869,19.67576893443448,-1.044925491209514,0.010830433500362101,0.007537920407251011,-1.0,0,0,0.04492549120951406,-0.010830433500362101,-0.007537920407251011,1.046228893461741,1.0451705694365627,0,0
111.57932338755117,27.6035995904869,19.566163838158445,-1.044925491209514,0.010830433500362101,0.007537920407251011,-1.0,0,0,0.04492549120951406,-0.010830433500362101,-0.007537920407251011,1.046228893461741,1.0451705694365627,0,0
90.98786202822609,26.934181235571288,19.134942493208065,-1.044925491209514,0.010830433500362101,0.007537920407251011,-1.0,0,0,0.04492549120951406,-0.010830433500362101,-0.007537920407251011,1.046228893461741,1.0451705694365627,0,0
120.84213728458607,27.490449651671298,19.639152619200075,-1.044925491209514,0.010830433500362101,0.007537920407251011,-1.0,0,0,0.04492549120951406,-0.010830433500362101,-0.007537920407251011,1.046228893461741,1.0451705694365627,0,0
112.19442975602797,27.43411484917406,19.639152619200075,-1.044925491209514,0.010830433500362101,0.007537920407251011,-1.0,0,0,0.04492549120951406,-0.010830433500362101,-0.007537920407251011,1.046228893461741,1.0451705694365627,0,0
112.19442975602797,27.43411484917406,19.67576893443448,-1.044925491209514,0.010830433500362101,0.007537920407251011,-1.0,0,0,0.04492549120951406,-0.010830433500362101,-0.007537920407251011,1.046228893461741,1.0451705694365627,0,0
108.02276929750369,27.546944329386996,19.639152619200075,-1.044925491209514,0.010830433500362101,0.007537920407251011,-1.0,0,0,0.04492549120951406,-0.010830433500362101,-0.007537920407251011,1.046228893461741,1.0451705694365627,0,0
116.02925942608664,27.490449651671298,19.639152619200075,-1.044925491209514,0.010830433500362101,0.007537920407251011,-1.0,0,0,0.04492549120951406,-0.010830433500362101,-0.007537920407251011,1.046228893461741,1.0451705694365627,0,0
90.98786202822609,26.87940715229901,18.9235488562729,-1.044925491209514,0.010830433500362101,0.007537920407251011,-1.0,0,0,0.04492549120951406,-0.010830433500362101,-0.007537920407251011,1.046228893461741,1.0451705694365627,0,0
130.08105893503551,27.490449651671298,19.639152619200075,-1.044925491209514,0.010830433500362101,0.007537920407251011,-1.0,0,0,0.04492549120951406,-0.010830433500362101,-0.007537920407251011,1.046228893461741,1.0451705694365627,0,0
110.97077873540402,27.490449651671298,19.639152619200075,-1.044925491209514,0.010830433500362101,0.007537920407251011,-1.0,0,0,0.04492549120951406,-0.010830433500362101,-0.007537920407251011,1.046228893461741,1.0451705694365627,0,0
109.77294326259755,27.377939217964773,19.67576893443448,-1.044925491209514,0.010830433500362101,0.007537920407251011,-1.0,0,0,0.04492549120951406,-0.010830433500362101,-0.007537920407251011,1.046228893461741,1.0451705694365627,0,0
112.19442975602797,27.6035995904869,19.639152619200075,-1.044925491209514,0.010830433500362101,0.007537920407251011,-1.0,0,0,0.04492549120951406,-0.010830433500362101,-0.007537920407251011,1.046228893461741,1.0451705694365627,0,0
93.96808322544976,27.154814473847836,19.134942493208065,-1.044925491209514,0.010830433500362101,0.007537920407251011,-1.0,0,0,0.04492549120951406,-0.010830433500362101,-0.007537920407251011,1.046228893461741,1.0451705694365627,0,0
111.57932338755117,27.6035995904869,19.602617680935374,-1.044925491209514,0.010830433500362101,0.007537920407251011,-1.0,0,0,0.04492549120951406,-0.010830433500362101,-0.007537920407251011,1.046228893461741,1.0451705694365627,0,0
108.02276929750369,26.824785427057037,19.099517867391533,-1.044925491209514,0.010830433500362101,0.007537920407251011,-1.0,0,0,0.04492549120951406,-0.010830433500362101,-0.007537920407251011,1.046228893461741,1.0451705694365627,0,0
114.0802412881919,27.546944329386996,19.639152619200075,-1.044925491209514,0.010830433500362101,0.007537920407251011,-1.0,0,0,0.04492549120951406,-0.010830433500362101,-0.007537920407251011,1.046228893461741,1.0451705694365627,0,0
102.04483787812359,26.824785427057037,19.099517867391533,-1.044925491209514,0.010830433500362101,0.007537920407251011,-1.0,0,0,0.04492549120951406,-0.010830433500362101,-0.007537920407251011,1.046228893461741,1.0451705694365627,0,0
130.91477695173097,27.546944329386996,19.566163838158445,-1.044925491209514,0.010830433500362101,0.007537920407251011,-1.0,0,0,0.04492549120951406,-0.010830433500362101,-0.007537920407251011,1.046228893461741,1.0451705694365627,0,0
88.18202887947652,26.18097245007521,18.749479645181225,-1.044925491209514,0.010830433500362101,0.007537920407251011,-1.0,0,0,0.04492549120951406,-0.010830433500362101,-0.007537920407251011,1.046228893461741,1.0451705694365627,0,0
120.84213728458607,27.6035995904869,19.566163838158445,-1.044925491209514,0.010830433500362101,0.007537920407251011,-1.0,0,0,0.04492549120951406,-0.010830433500362101,-0.007537920407251011,1.046228893461741,1.0451705694365627,0,0
104.68049512451793,26.87940715229901,19.099517867391533,-1.044925491209514,0.010830433500362101,0.007537920407251011,-1.0,0,0,0.04492549120951406,-0.010830433500362101,-0.007537920407251011,1.046228893461741,1.0451705694365627,0,0
113.44477390085575,27.6035995904869,19.602617680935374,-1.044925491209514,0.010830433500362101,0.007537920407251011,-1.0,0,0,0.04492549120951406,-0.010830433500362101,-0.007537920407251011,1.046228893461741,1.0451705694365627,0,0
108.02276929750369,26.824785427057037,18.9235488562729,-1.044925491209514,0.010830433500362101,0.007537920407251011,-1.0,0,0,0.04492549120951406,-0.010830433500362101,-0.007537920407251011,1.046228893461741,1.0451705694365627,0,0
111.57932338755117,27.6035995904869,19.566163838158445,-1.044925491209514,0.010830433500362101,0.007537920407251011,-1.0,0,0,0.04492549120951406,-0.010830433500362101,-0.007537920407251011,1.046228893461741,1.0451705694365627,0,0
101.02616679983112,27.717394716872157,19.099517867391533,-1.044925491209514,0.010830433500362101,0.007537920407251011,-1.0,0,0,0.04492549120951406,-0.010830433500362101,-0.007537920407251011,1.046228893461741,1.0451705694365627,0,0
124.52854747504531,27.43411484917406,19.566163838158445,-1.044925491209514,0.010830433500362101,0.007537920407251011,-1.0,0,0,0.04492549120951406,-0.010830433500362101,-0.007537920407251011,1.046228893461741,1.0451705694365627,0,0
125.29273453547381,27.490449651671298,19.566163838158445,-1.044925491209514,0.010830433500362101,0.007537920407251011,-1.0,0,0,0.04492549120951406,-0.010830433500362101,-0.007537920407251011,1.046228893461741,1.0451705694365627,0,0
118.73212177360972,26.824785427057037,18.714890970363626,-1.044925491209514,0.010830433500362101,0.007537920407251011,-1.0,0,0,0.04492549120951406,-0.010830433500362101,-0.007537920407251011,1.046228893461741,1.0451705694365627,0,0
102.04483787812359,26.87940715229901,18.714890970363626,-1.044925491209514,0.010830433500362101,0.007537920407251011,-1.0,0,0,0.04492549120951406,-0.010830433500362101,-0.007537920407251011,1.046228893461741,1.0451705694365627,0,0
83.38264517783642,26.60780897647566,18.271925091134115,-1.044925491209514,0.010830433500362101,0.007537920407251011,-1.0,0,0,0.04492549120951406,-0.010830433500362101,-0.007537920407251011,1.046228893461741,1.0451705694365627,0,0
111.57932338755117,26.989108340162986,18.749479645181225,-1.044925491209514,0.010830433500362101,0.007537920407251011,-1.0,0,0,0.04492549120951406,-0.010830433500362101,-0.007537920407251011,1.046228893461741,1.0451705694365627,0,0
114.0802412881919,27.546944329386996,19.602617680935374,-1.044925491209514,0.010830433500362101,0.007537920407251011,-1.0,0,0,0.04492549120951406,-0.010830433500362101,-0.007537920407251011,1.046228893461741,1.0451705694365627,0,0
101.02616679983112,26.989108340162986,18.784143038865714,-1.044925491209514,0.010830433500362101,0.007537920407251011,-1.0,0,0,0.04492549120951406,-0.010830433500362101,-0.007537920407251011,1.046228893461741,1.0451705694365627,0,0
114.0802412881919,27.490449651671298,19.786108976753717,-1.044925491209514,0.010830433500362101,0.007537920407251011,-1.0,0,0,0.04492549120951406,-0.010830433500362101,-0.007537920407251011,1.046228893461741,1.0451705694365627,0,0
112.19442975602797,27.6035995904869,19.566163838158445,-1.044925491209514,0.010830433500362101,0.007537920407251011,-1.0,0,0,0.04492549120951406,-0.010830433500362101,-0.007537920407251011,1.046228893461741,1.0451705694365627,0,0
88.5727896902875,26.824785427057037,44.80786091202521,-1.044925491209514,0.010830433500362101,0.007537920407251011,-1.0,0,0,0.04492549120951406,-0.010830433500362101,-0.007537920407251011,1.046228893461741,1.0451705694365627,0,0
111.57932338755117,27.6035995904869,32.51192153438282,-1.044925491209514,0.010830433500362101,0.007537920407251011,-1.0,0,0,0.04492549120951406,-0.010830433500362101,-0.007537920407251011,1.046228893461741,1.0451705694365627,0,0
112.19442975602797,27.6035995904869,50.53075884371071,-1.044925491209514,0.010830433500362101,0.007537920407251011,-1.0,0,0,0.04492549120951406,-0.010830433500362101,-0.007537920407251011,1.046228893461741,1.0451705694365627,0,0
112.19442975602797,28.004743143301148,63.254114597104426,-1.0450010839309474,0.010829904380654745,0.006461074634786561,-1.0,0,0,0.04500108393094737,-0.010829904380654745,-0.006461074634786561,1.046228893461741,1.0453217585830168,0,0
112.19442975602797,27.546944329386996,46.88585314489331,-1.0450010839309474,0.010829904380654745,0.006461074634786561,-1.0,0,0,0.04500108393094737,-0.010829904380654745,-0.006461074634786561,1.046228893461741,1.0453217585830168,0,0
