FDist,LDist,RDist,XEst,YEst,ThetaEst,XDes,YDes,ThetaDes,XError,YError,ThetaError,SL,SR,RW,LW
110.97077873540402,140.84502956740286,33.99309161106534,0.0,0.0,0.0,0,0,0,0.0,0.0,0.0,0.0,0.0,0,0
101.5330368193872,138.92864283985838,33.613559426012365,0.0,0.0,0.0,0,0,0,0.0,0.0,0.0,0.0,0.0,0,0
103.61058678886198,220.70517709223105,32.800418117764416,0.0,0.0,0.0,0,0,0,0.0,0.0,0.0,0.0,0.0,0,0
138.92864283985838,174.67928447558052,34.613790153652,0.0,0.0,0.0,0,0,0,0.0,0.0,0.0,0.0,0.0,0,0
135.24881572421333,135.24881572421333,34.771619699723,0.0,0.0,0.0,0,0,0,0.0,0.0,0.0,0.0,0.0,0,0
115.37236097408694,168.8620920208621,32.72794171450513,0.0,0.0,0.0,0,0,0,0.0,0.0,0.0,0.0,0.0,0,0
120.84213728458607,185.91929651913173,33.76461132687016,0.0,0.0,0.0,0,0,0,0.0,0.0,0.0,0.0,0.0,0,0
139.88023555455067,307.4777105974586,34.457033820303465,0.0,0.0,0.0,0,0,0,0.0,0.0,0.0,0.0,0.0,0,0
112.19442975602797,155.91651753124995,32.369070457727666,0.0,0.0,0.0,0,0,0,0.0,0.0,0.0,0.0,0.0,0,0
127.64222867598318,193.04122344313365,32.44038053928213,0.0,0.0,0.0,0,0,0,0.0,0.0,0.0,0.0,0.0,0,0
155.91651753124995,167.46934895889862,34.613790153652,0.0,0.0,0.0,0,0,0,0.0,0.0,0.0,0.0,0.0,0,0
128.44498763419128,225.71785045590883,35.99073822658538,0.0,0.0,0.0,0,0,0,0.0,0.0,0.0,0.0,0.0,0,0
128.44498763419128,194.9110753588243,35.41390242737805,0.0,0.0,0.0,0,0,0,0.0,0.0,0.0,0.0,0.0,0,0
139.88023555455067,194.9110753588243,35.01040148158687,0.0,0.0,0.0,1.0,0,0,1.0,0.0,0.0,0.0,0.0,0,0
146.92774685951784,193.04122344313365,35.41390242737805,0.005083107091086238,2.725574603139714e-06,0.0010724048473055167,1.0,0,0,0.9949168929089137,-2.725574603139714e-06,-0.0010724048473055167,-0.0050072405408934815,-0.005158975102738739,0,0
157.11931592309642,187.6483042942066,66.5782896093539,0.026401785448024087,3.7018985194743755e-05,0.0021448096946110147,1.0,0,0,0.9735982145519759,-3.7018985194743755e-05,-0.0021448096946110147,-0.026250079199229465,-0.02655354832291998,0,0
120.13062066766372,448.2028325964311,55.00843338201938,0.04885848768792651,6.110167076342703e-05,-6.071532165918825e-18,1.0,0,0,0.9511415123120734,-6.110167076342703e-05,6.071532165918825e-18,-0.048858528914172764,-0.048858528914172764,0,0
92.2427776670329,211.34777997197892,50.24476518910293,0.07123925512533022,1.098418283322877e-06,-0.00536202423652757,1.0,0,0,0.9287607448746698,-1.098418283322877e-06,0.00536202423652757,-0.07161871319096132,-0.07086004038173503,0,0
108.02276929750369,390.5444991736698,26.33993847596105,0.09324045030757891,-0.00011687365413560448,-0.00536202423652757,1.0,0,0,0.9067595496924211,0.00011687365413560448,0.00536202423652757,-0.09362022465852358,-0.0928615518492973,0,0
85.90410486184942,312.50933522689996,37.900177953656964,0.11607623595647144,-0.00022707594211955,-0.004289619389222072,1.0,0,0,0.8839237640435286,0.00022707594211955,0.004289619389222072,-0.11638040893531214,-0.1157734706879311,0,0
116.69355260679126,268.9169663380496,31.806765208853015,0.1389879439962151,-0.0003253590519981824,-0.004289619389222072,1.0,0,0,0.8610120560037848,0.0003253590519981824,0.004289619389222072,-0.13929232777394596,-0.13868538952656492,0,0
123.77355272308415,166.09994149545804,27.210360375618606,0.1618997442603937,-0.0003990714833091827,-0.002144809694611051,1.0,0,0,0.8381002557396063,0.0003990714833091827,0.002144809694611051,-0.1620525120507345,-0.16174904292704398,0,0
114.0802412881919,346.8640580657511,23.572306256804332,0.18496338439867185,-0.00042380505227161474,-5.637851296924623e-18,1.0,0,0,0.8150366156013281,0.00042380505227161474,5.637851296924623e-18,-0.18496443088936831,-0.18496443088936831,0,0
101.5330368193872,236.49825525583836,26.934181235571288,0.20802702453695002,-0.00039907148330918296,0.00214480969461104,1.0,0,0,0.79197297546305,0.00039907148330918296,-0.00214480969461104,-0.20787634972800212,-0.20817981885169265,0,0
92.2427776670329,184.22292190812155,28.237612839164704,0.23078720881373857,-0.0003990714833091828,-0.002144809694611027,1.0,0,0,0.7692127911862614,0.0003990714833091828,0.002144809694611027,-0.23094000312848117,-0.23063653400479067,0,0
85.16922919230018,180.92431015592842,24.17918906549187,0.2534714964604447,-0.0004355616248283629,-0.001072404847305504,1.0,0,0,0.7465285035395552,0.0004355616248283629,0.001072404847305504,-0.2535484528434245,-0.2533967182815792,0,0
89.76495072901147,194.9110753588243,22.80812501336112,0.276231667649535,-0.00045996975209392025,-0.001072404847305504,1.0,0,0,0.723768332350465,0.00045996975209392025,0.001072404847305504,-0.27630863712021303,-0.2761569025583678,0,0
77.79950406996568,194.9110753588243,18.958589644962572,0.29861248656518147,-0.0004959717311847499,-0.0021448096946110025,1.0,0,0,0.7013875134348185,0.0004959717311847499,0.0021448096946110025,-0.2987653522733111,-0.2984618831496206,0,0
75.11601708077,307.4777105974586,20.89221469509625,0.32084157111529815,-0.0005317296290614041,-0.0010724048473054798,1.0,0,0,0.6791584288847019,0.0005317296290614041,0.0010724048473054798,-0.3209185983027186,-0.3207668637408734,0,0
73.6975442509615,317.7208243859324,20.618475673047115,0.34337412439647447,-0.0005679756893664085,-0.0021448096946110025,1.0,0,0,0.6566258756035255,0.0005679756893664085,0.0021448096946110025,-0.34352704801766193,-0.3432235788939714,0,0
75.69750294678715,193.04122344313365,19.897191673617044,0.36567905368396486,-0.0006158155912976965,-0.0021448096946110025,1.0,0,0,0.6343209463160351,0.0006158155912976965,0.0021448096946110025,-0.3658320286089147,-0.3655285594852242,0,0
