FDist,LDist,RDist,XEst,YEst,ThetaEst,XDes,YDes,ThetaDes,XError,YError,ThetaError,SL,SR,RW,LW
1411.3480414449798,18.204859322179495,44.69032492014681,0.0,0.0,0.0,0,0,0,0.0,0.0,0.0,0.0,0.0,0,0
1411.3480414449798,18.138076919253407,44.11008151330754,0.0,0.0,0.0,0,0,0,0.0,0.0,0.0,0.0,0.0,0,0
1411.3480414449798,17.972348463819834,43.09587104878454,0.0,0.0,0.0,0,0,0,0.0,0.0,0.0,0.0,0.0,0,0
471.8179059817352,18.03843055896276,43.76776822876407,0.0,0.0,0.0,0,0,0,0.0,0.0,0.0,0.0,0.0,0,0
1411.3480414449798,18.238356668915443,44.573289080576004,0.0,0.0,0.0,0,0,0,0.0,0.0,0.0,0.0,0.0,0,0
900.238757316699,18.3055648241262,44.573289080576004,0.0,0.0,0.0,0,0,0,0.0,0.0,0.0,0.0,0.0,0,0
1284.2268420173286,18.204859322179495,44.573289080576004,0.0,0.0,0.0,0,0,0,0.0,0.0,0.0,0.0,0.0,0,0
624.3377665398167,18.238356668915443,43.9954973922686,0.0,0.0,0.0,0,0,0,0.0,0.0,0.0,0.0,0.0,0,0
528.3325926770696,18.171432816688856,45.403161081746035,0.0,0.0,0.0,0,0,0,0.0,0.0,0.0,0.0,0.0,0,0
1411.3480414449798,18.104791397724426,45.16350334108189,0.0,0.0,0.0,0,0,0,0.0,0.0,0.0,0.0,0.0,0,0
1411.3480414449798,18.00535478258695,44.573289080576004,0.0,0.0,0.0,0,0,0,0.0,0.0,0.0,0.0,0.0,0,0
674.6059938250444,18.00535478258695,42.012254864281495,0.0,0.0,0.0,0,0,0,0.0,0.0,0.0,0.0,0.0,0,0
353.40072554933454,18.238356668915443,42.332717273451834,0.0,0.0,0.0,0,0,0,0.0,0.0,0.0,0.0,0.0,0,0
346.8640580657511,17.710771354120418,44.22514953619365,0.0,0.0,0.0,0,0,0,0.0,0.0,0.0,0.0,0.0,0,0
674.6059938250444,17.743230101200233,42.875588389285745,0.0,0.0,0.0,0,0,0,0.0,0.0,0.0,0.0,0.0,0,0
674.6059938250444,17.453511375747283,46.3829042936969,0.0,0.0,0.0,0,0,0,0.0,0.0,0.0,0.0,0.0,0,0
544.8761250677193,17.613798941900477,44.22514953619365,0.0,0.0,0.0,0.3,0,0,0.3,0.0,0.0,0.0,0.0,0,0
808.2350827585409,18.204859322179495,44.45675008456414,0.007105885763355164,7.651946001608625e-06,0.002153691544928897,0.3,0,0,0.2928941142366448,-7.651946001608625e-06,-0.002153691544928897,-0.0069547007368844045,-0.007257079029792422,0,0
648.3999468665874,17.613798941900477,39.00837153363536,0.02948176267656025,7.993830284838113e-05,0.004307383089857812,0.3,0,0,0.2705182373234397,-7.993830284838113e-05,-0.004307383089857812,-0.029179505265623695,-0.02978426185143973,0,0
209.13650375320472,16.706552743931482,33.46350991438838,0.05979483063386827,0.00022683069847902058,0.0053842288623222575,0.3,0,0,0.24020516936613173,-0.00022683069847902058,-0.0053842288623222575,-0.05941733455642545,-0.060173280288695494,0,0
254.878386734463,18.00535478258695,38.820199780260964,0.08398458915112127,0.0003831247085189522,0.007537920407251148,0.3,0,0,0.2160154108488787,-0.0003831247085189522,-0.007537920407251148,-0.08345640884261285,-0.0845147328677909,0,0
900.238757316699,18.204859322179495,40.97148724743448,0.11180208563577251,0.00011351988596757716,-0.02692114431161128,0.3,0,0,0.18819791436422748,-0.00011351988596757716,0.02692114431161128,-0.11369423813341462,-0.10991450947206438,0,0
407.8990969411948,18.171432816688856,42.118643758499466,0.12847280332228905,-0.0018158677376393644,-0.2035238509957811,0.3,0,0,0.17152719667771094,0.0018158677376393644,0.2035238509957811,-0.1428737433990383,-0.11429899471923063,0,0
167.46934895889862,18.238356668915443,45.88875276428319,0.1547637185227751,-0.007197560647995228,-0.20029331367838776,0.3,0,0,0.1452362814772249,0.007197560647995228,0.20029331367838776,-0.16948303317494384,-0.1413618519344982,0,0
141.82331249922515,18.204859322179495,45.52376917564831,0.18298603921275616,-0.011671583109498455,-0.11414565188123175,0.3,0,0,0.11701396078724383,0.011671583109498455,0.11414565188123175,-0.19201021599659115,-0.17598416647246623,0,0
160.8439044330725,18.071576020988715,46.01147903511478,0.21037428316610826,-0.013369596274371271,-0.00969161195218013,0.3,0,0,0.08962571683389173,0.013369596274371271,0.00969161195218013,-0.21211837247497434,-0.21075767015688823,0,0
128.44498763419128,17.972348463819834,45.88875276428319,0.2362831959045062,-0.012350725079811102,0.08830135334208482,0.3,0,0,0.0637168040954938,0.012350725079811102,-0.08830135334208482,-0.23116820492817944,-0.24356571493740814,0,0
184.22292190812155,18.204859322179495,46.13474391281483,0.25908488870674673,-0.009487564603845334,0.1615268658696674,0.3,0,0,0.04091511129325326,0.009487564603845334,-0.1615268658696674,-0.24900852420975247,-0.2716868961778538,0,0
167.46934895889862,18.204859322179495,45.52376917564831,0.2772360528674428,-0.006207920817516932,0.1959859305885298,0.3,0,0,0.022763947132557194,0.006207920817516932,-0.1959859305885298,-0.2650345737338774,-0.292550998388507,0,0
213.60849807698625,18.238356668915443,46.75927786047718,0.290588261047831,-0.003586925481378746,0.19167854749867203,0.3,0,0,0.009411738952169013,0.003586925481378746,-0.19167854749867203,-0.2789439752076462,-0.3058556432764598,0,0
99.04654639912101,17.775756517532926,45.16350334108189,0.2998950456303355,-0.0019518595977494114,0.15614263700734518,0.3,0,0,0.00010495436966451166,0.0019518595977494114,-0.15614263700734518,-0.2908879177775129,-0.31281034401334423,0,0
125.29273453547381,18.271925091134115,46.88585314489331,0.30544545769403875,-0.0012549060608366912,0.09368558220440708,0.3,0,0,-0.005445457694038758,0.0012549060608366912,-0.09368558220440708,-0.3008664014434775,-0.3140198571849763,0,0
125.29273453547381,18.171432816688856,47.65731322735808,0.30959462791236697,-0.000988694695581244,0.03445906471886232,0.3,0,0,-0.009594627912366982,0.000988694695581244,-0.03445906471886232,-0.30918180449844795,-0.3140198571849763,0,0
167.46934895889862,18.238356668915443,47.52728688645133,0.31269380729597546,-0.0009536511508992925,-0.011845303497109029,0.3,0,0,-0.012693807295975468,0.0009536511508992925,0.011845303497109029,-0.31553174864951633,-0.3138686680385223,0,0
166.09994149545804,18.171432816688856,46.88585314489331,0.3153383714355996,-0.0010348385920193825,-0.04953490553336478,0.3,0,0,-0.01533837143559963,0.0010348385920193825,0.04953490553336478,-0.3208233687754066,-0.3138686680385223,0,0
153.56624101955603,17.743230101200233,45.04444673804966,0.3175259633115893,-0.0011775603659667283,-0.08076343293483383,0.3,0,0,-0.017525963311589288,0.0011775603659667283,0.08076343293483383,-0.3252078540225729,-0.3138686680385223,0,0
120.13062066766372,18.204859322179495,46.88585314489331,0.31880587950830835,-0.001292957269187377,-0.09906981106672949,0.3,0,0,-0.018805879508308365,0.001292957269187377,0.09906981106672949,-0.32777806951229105,-0.3138686680385223,0,0
158.34116103748556,18.271925091134115,46.75927786047718,0.31880587950830835,-0.001292957269187377,-0.09906981106672949,0.3,0,0,-0.018805879508308365,0.001292957269187377,0.09906981106672949,-0.32777806951229105,-0.3138686680385223,0,0
130.08105893503551,17.972348463819834,46.88585314489331,0.31880587950830835,-0.001292957269187377,-0.09906981106672949,0.3,0,0,-0.018805879508308365,0.001292957269187377,0.09906981106672949,-0.32777806951229105,-0.3138686680385223,0,0
154.7323071690459,18.271925091134115,46.88585314489331,0.31880587950830835,-0.001292957269187377,-0.09906981106672949,0.3,0,0,-0.018805879508308365,0.001292957269187377,0.09906981106672949,-0.32777806951229105,-0.3138686680385223,0,0
107.45140018288424,17.710771354120418,44.92590039496099,0.3187306515907793,-0.001285520877211811,-0.09799296529426504,0.3,0,0,-0.0187306515907793,0.001285520877211811,0.09799296529426504,-0.32762688036583704,-0.3138686680385223,0,0
160.8439044330725,18.138076919253407,47.52728688645133,0.3187306515907793,-0.001285520877211811,-0.09799296529426504,0.3,0,0,-0.0187306515907793,0.001285520877211811,0.09799296529426504,-0.32762688036583704,-0.3138686680385223,0,0
139.88023555455067,18.204859322179495,46.88585314489331,0.31722450780262457,-0.0011538140438580005,-0.07645604984497603,0.3,0,0,-0.017224507802624578,0.0011538140438580005,0.07645604984497603,-0.32460309743675686,-0.3138686680385223,0,0
225.71785045590883,17.906543292002304,46.63326386384414,0.3133738112934394,-0.0009649923363667347,-0.021536915449289075,0.3,0,0,-0.013373811293439397,0.0009649923363667347,0.021536915449289075,-0.31689245096760243,-0.3138686680385223,0,0
170.27879631253745,18.204859322179495,46.88585314489331,0.30966972069516485,-0.0009829417812193561,0.031228527401468982,0.3,0,0,-0.009669720695164863,0.0009829417812193561,-0.031228527401468982,-0.309484182791356,-0.3138686680385223,0,0
189.41093412341306,17.613798941900477,44.45675008456414,0.3066501461855869,-0.0011424189999804028,0.074302358300047,0.3,0,0,-0.006650146185586903,0.0011424189999804028,-0.074302358300047,-0.3034366169331956,-0.3138686680385223,0,0
153.56624101955603,18.204859322179495,46.63326386384414,0.3048427736398012,-0.0013004672000049753,0.1001466568391938,0.3,0,0,-0.004842773639801234,0.0013004672000049753,-0.1001466568391938,-0.2998080774182994,-0.3138686680385223,0,0
242.3065498311679,18.271925091134115,46.63326386384414,0.30469235838914355,-0.001315744973896591,0.1023003483841227,0.3,0,0,-0.004692358389143558,0.001315744973896591,-0.1023003483841227,-0.2995056991253914,-0.3138686680385223,0,0
176.198566643824,17.972348463819834,46.75927786047718,0.30469235838914355,-0.001315744973896591,0.1023003483841227,0.3,0,0,-0.004692358389143558,0.001315744973896591,-0.1023003483841227,-0.2995056991253914,-0.3138686680385223,0,0
211.34777997197892,18.138076919253407,47.52728688645133,0.30469235838914355,-0.001315744973896591,0.1023003483841227,0.3,0,0,-0.004692358389143558,0.001315744973896591,-0.1023003483841227,-0.2995056991253914,-0.3138686680385223,0,0
129.25786434407527,17.646055992159724,45.64490144276858,0.30469235838914355,-0.001315744973896591,0.1023003483841227,0.3,0,0,-0.004692358389143558,0.001315744973896591,-0.1023003483841227,-0.2995056991253914,-0.3138686680385223,0,0
225.71785045590883,18.171432816688856,46.63326386384414,0.30469235838914355,-0.001315744973896591,0.1023003483841227,0.3,0,0,-0.004692358389143558,0.001315744973896591,-0.1023003483841227,-0.2995056991253914,-0.3138686680385223,0,0
120.84213728458607,18.03843055896276,46.63326386384414,0.3047675618906197,-0.001308065594553297,0.10122350261165826,0.3,0,0,-0.00476756189061972,0.001308065594553297,-0.10122350261165826,-0.2996568882718454,-0.3138686680385223,0,0
265.2554052777127,18.204859322179495,46.75927786047718,0.3046171302753695,-0.0013231813855914035,0.09906981106672935,0.3,0,0,-0.00461713027536953,0.0013231813855914035,-0.09906981106672935,-0.2996568882718454,-0.3135662897456143,0,0
146.92774685951784,18.03843055896276,46.75927786047718,0.30243156526174864,-0.0014941588457756947,0.057072825940615794,0.3,0,0,-0.002431565261748647,0.0014941588457756947,-0.057072825940615794,-0.30041283400411545,-0.308425858766178,0,0
160.8439044330725,17.743230101200233,44.92590039496099,0.3013734866729178,-0.0015169501188160436,-0.013998995042037908,0.3,0,0,-0.001373486672917812,0.0015169501188160436,0.013998995042037908,-0.3043437518119197,-0.30237829290801765,0,0
317.7208243859324,17.939411375632368,46.63326386384414,0.3011469404135022,-0.0015065747702835575,-0.07753289561744045,0.3,0,0,-0.0011469404135022176,0.0015065747702835575,0.07753289561744045,-0.30857704791263196,-0.2976914293679434,0,0
206.97300472647143,18.171432816688856,47.397845831374006,0.3009211172312897,-0.0014857242094330116,-0.1066077314739806,0.3,0,0,-0.0009211172312897364,0.0014857242094330116,0.1066077314739806,-0.31039131767008005,-0.2954235921711333,0,0
108.6000844939372,18.138076919253407,47.397845831374006,0.3009211172312897,-0.0014857242094330116,-0.1066077314739806,0.3,0,0,-0.0009211172312897364,0.0014857242094330116,0.1066077314739806,-0.31039131767008005,-0.2954235921711333,0,0
184.22292190812155,17.710771354120418,44.11008151330754,0.3009211172312897,-0.0014857242094330116,-0.1066077314739806,0.3,0,0,-0.0009211172312897364,0.0014857242094330116,0.1066077314739806,-0.31039131767008005,-0.2954235921711333,0,0
317.7208243859324,18.238356668915443,47.65731322735808,0.3009211172312897,-0.0014857242094330116,-0.1066077314739806,0.3,0,0,-0.0009211172312897364,0.0014857242094330116,0.1066077314739806,-0.31039131767008005,-0.2954235921711333,0,0
168.8620920208621,18.204859322179495,46.50780728590231,0.30084594750538485,-0.001477720972040597,-0.10553088570151616,0.3,0,0,-0.0008459475053848586,0.001477720972040597,0.10553088570151616,-0.31024012852362604,-0.2954235921711333,0,0
185.91929651913173,18.00535478258695,47.65731322735808,0.30084594750538485,-0.001477720972040597,-0.10553088570151616,0.3,0,0,-0.0008459475053848586,0.001477720972040597,0.10553088570151616,-0.31024012852362604,-0.2954235921711333,0,0
144.84210166738234,17.326465780453077,46.01147903511478,0.30084594750538485,-0.001477720972040597,-0.10337719415658725,0.3,0,0,-0.0008459475053848586,0.001477720972040597,0.10337719415658725,-0.310088939377172,-0.2955747813175873,0,0
209.13650375320472,18.204859322179495,47.65731322735808,0.300996346217029,-0.0014931607110696653,-0.10122350261165834,0.3,0,0,-0.0009963462170289872,0.0014931607110696653,0.10122350261165834,-0.310088939377172,-0.2958771596104953,0,0
245.3252030939217,17.939411375632368,46.88585314489331,0.30046969504472476,-0.0014416730593671018,-0.09368558220440719,0.3,0,0,-0.00046969504472477164,0.0014416730593671018,0.09368558220440719,-0.30903061535199394,-0.2958771596104953,0,0
140.84502956740286,18.171432816688856,46.88585314489331,0.2977557991734377,-0.0012396522842214447,-0.054919134395686985,0.3,0,0,0.0022442008265622926,0.0012396522842214447,0.054919134395686985,-0.30358780607964964,-0.2958771596104953,0,0
170.27879631253745,18.071576020988715,45.04444673804966,0.29503611265260976,-0.0011429650451141502,-0.01615268658696678,0.3,0,0,0.004963887347390228,0.0011429650451141502,0.01615268658696678,-0.29814499680730533,-0.2958771596104953,0,0
128.44498763419128,17.51742772173086,45.16350334108189,0.2928438703467913,-0.0011417846915704698,0.015075840814502271,0.3,0,0,0.007156129653208665,0.0011417846915704698,-0.015075840814502271,-0.29376051156013905,-0.2958771596104953,0,0
209.13650375320472,17.51742772173086,45.16350334108189,0.29148358535294905,-0.0011754823765398991,0.03445906471886237,0.3,0,0,0.00851641464705094,0.0011754823765398991,-0.03445906471886237,-0.2910391069239669,-0.2958771596104953,0,0
265.2554052777127,17.972348463819834,60.40777364647001,0.29148358535294905,-0.0011754823765398991,0.03445906471886237,0.3,0,0,0.00851641464705094,0.0011754823765398991,-0.03445906471886237,-0.2910391069239669,-0.2958771596104953,0,0
134.3591943699604,17.453511375747283,59.255959637469736,0.29148358535294905,-0.0011754823765398991,0.03445906471886237,0.3,0,0,0.00851641464705094,0.0011754823765398991,-0.03445906471886237,-0.2910391069239669,-0.2958771596104953,0,0
261.6981137825328,17.972348463819834,63.254114597104426,0.29148358535294905,-0.0011754823765398991,0.03445906471886237,0.3,0,0,0.00851641464705094,0.0011754823765398991,-0.03445906471886237,-0.2910391069239669,-0.2958771596104953,0,0
158.34116103748556,17.29486713793426,60.213094273732246,0.29148358535294905,-0.0011754823765398991,0.03445906471886237,0.3,0,0,0.00851641464705094,0.0011754823765398991,-0.03445906471886237,-0.2910391069239669,-0.2958771596104953,0,0
176.198566643824,17.972348463819834,61.802071720251114,0.29148358535294905,-0.0011754823765398991,0.03445906471886237,0.3,0,0,0.00851641464705094,0.0011754823765398991,-0.03445906471886237,-0.2910391069239669,-0.2958771596104953,0,0
317.7208243859324,17.453511375747283,60.40777364647001,0.29148358535294905,-0.0011754823765398991,0.03445906471886237,0.3,0,0,0.00851641464705094,0.0011754823765398991,-0.03445906471886237,-0.2910391069239669,-0.2958771596104953,0,0
1411.3480414449798,18.406914256574545,68.23833891011859,0.29148358535294905,-0.0011754823765398991,0.03445906471886237,0.3,0,0,0.00851641464705094,0.0011754823765398991,-0.03445906471886237,-0.2910391069239669,-0.2958771596104953,0,0
265.2554052777127,17.646055992159724,62.833136667956715,0.2915591364404121,-0.0011729186518041753,0.03338221894639792,0.3,0,0,0.008440863559587897,0.0011729186518041753,-0.03338221894639792,-0.2911902960704209,-0.2958771596104953,0,0
