FDist,LDist,RDist,XEst,YEst,ThetaEst,XDes,YDes,ThetaDes,XError,YError,ThetaError,SL,SR,RW,LW
37.99065036400073,50.53075884371071,25.354659483658537,0.0,0.0,0.0,0,0,0,0.0,0.0,0.0,0.0,0.0,0,0
37.99065036400073,50.102785059575574,26.28680469382479,0.0,0.0,0.0,0,0,0,0.0,0.0,0.0,0.0,0.0,0,0
22.76417078542179,50.102785059575574,25.81506627835381,0.0,0.0,0.0,0,0,0,0.0,0.0,0.0,0.0,0.0,0,0
32.369070457727666,50.96490904549061,25.10361938144616,0.0,0.0,0.0,0,0,0,0.0,0.0,0.0,0.0,0.0,0,0
33.46350991438838,49.264827372609226,35.82448132093792,0.0,0.0,0.0,0,0,0,0.0,0.0,0.0,0.0,0.0,0,0
36.326794512671405,140.84502956740286,19.897191673617044,0.0,0.0,0.0,0,0,0,0.0,0.0,0.0,0.0,0.0,0,0
34.93053395250103,1411.3480414449798,61.599435781669065,0.0,0.0,0.0,0,0,0,0.0,0.0,0.0,0.0,0.0,0,0
39.58151945793042,1180.1265773010464,51.25784283159802,0.0,0.0,0.0,0,0,0,0.0,0.0,0.0,0.0,0.0,0,0
79.36799805452281,83.38264517783642,22.459496422942998,0.0,0.0,0.0,0,0,0,0.0,0.0,0.0,0.0,0.0,0,0
114.0802412881919,44.92590039496099,18.373059168895537,0.0,0.0,0.0,0,0,0,0.0,0.0,0.0,0.0,0.0,0,0
280.5772654118684,851.4899528953961,18.714890970363626,0.0,0.0,0.0,0,0,0,0.0,0.0,0.0,0.0,0.0,0,0
900.238757316699,1411.3480414449798,25.66035938867435,0.0,0.0,0.0,0,0,0,0.0,0.0,0.0,0.0,0.0,0,0
674.6059938250444,448.2028325964311,25.15356131134849,0.0,0.0,0.0,0,0,0,0.0,0.0,0.0,0.0,0.0,0,0
353.40072554933454,512.8513118946122,24.855878172379555,0.0,0.0,0.0,0,0,0,0.0,0.0,0.0,0.0,0.0,0,0
1284.2268420173286,900.238757316699,25.354659483658537,0.0,0.0,0.0,0,0,0,0.0,0.0,0.0,0.0,0.0,0,0
769.566351540633,1411.3480414449798,25.203635736394993,0.0,0.0,0.0,0,0,0,0.0,0.0,0.0,0.0,0.0,0,0
228.31501027837746,624.3377665398167,26.934181235571288,0.0,0.0,0.0,0,0,0,0.0,0.0,0.0,0.0,0.0,0,0
1284.2268420173286,624.3377665398167,26.661827824936275,0.0,0.0,0.0,0,0,0,0.0,0.0,0.0,0.0,0.0,0,0
276.5725757314533,427.0195773074906,25.15356131134849,0.0,0.0,0.0,0,0,0,0.0,0.0,0.0,0.0,0.0,0,0
808.2350827585409,734.7683303247097,26.500217937724948,0.0,0.0,0.0,0,0,0,0.0,0.0,0.0,0.0,0.0,0,0
459.67991945810627,624.3377665398167,26.60780897647566,0.0,0.0,0.0,0,0,0,0.0,0.0,0.0,0.0,0.0,0,0
1284.2268420173286,734.7683303247097,26.393218193002895,0.0,0.0,0.0,0,0,0,0.0,0.0,0.0,0.0,0.0,0,0
1093.1463157010076,544.8761250677193,26.661827824936275,0.0,0.0,0.0,0,0,0,0.0,0.0,0.0,0.0,0.0,0,0
703.2691653992177,390.5444991736698,26.500217937724948,0.0,0.0,0.0,0,0,0,0.0,0.0,0.0,0.0,0.0,0,0
648.3999468665874,288.9697116820819,24.75769029437472,0.0,0.0,0.0,0,0,0,0.0,0.0,0.0,0.0,0.0,0,0
624.3377665398167,272.6876389629632,24.80671986348088,0.0,0.0,0.0,0,0,0,0.0,0.0,0.0,0.0,0.0,0,0
528.3325926770696,808.2350827585409,25.25384320516452,0.0,0.0,0.0,0.3,0,0,0.3,0.0,0.0,0.0,0.0,0,0
1284.2268420173286,254.878386734463,25.10361938144616,0.002343431430357642,-1.2617572363479463e-06,-0.0010768457724644484,0.3,0,0,0.29765656856964234,1.2617572363479463e-06,0.0010768457724644484,-0.0024190263432641405,-0.002267837196810132,0,0
544.8761250677193,382.4520830402873,23.849908233631425,0.023585429531434055,5.592427054985678e-05,0.006461074634786694,0.3,0,0,0.27641457046856593,-5.592427054985678e-05,-0.006461074634786694,-0.023131939407463345,-0.024039074286187397,0,0
280.5772654118684,1411.3480414449798,24.70878894042906,0.05351878041413415,0.00041051048073667513,0.01722953235943117,0.3,0,0,0.24648121958586583,-0.00041051048073667513,-0.01722953235943117,-0.05231144467308704,-0.05473047101635118,0,0
1411.3480414449798,851.4899528953961,25.15356131134849,0.0837481246886649,0.0011267960045078039,0.030151681629004563,0.3,0,0,0.2162518753113351,-0.0011267960045078039,-0.030151681629004563,-0.08164213908516475,-0.085875435185877,0,0
239.3652489782259,239.3652489782259,24.660015279911583,0.11321139533096747,0.0021742410948368263,0.04092013935364906,0.3,0,0,0.18678860466903252,-0.0021742410948368263,-0.04092013935364906,-0.11036807691142642,-0.11611326447667875,0,0
1284.2268420173286,204.85569342211394,25.354659483658537,0.14167928806162516,0.003508732858168674,0.052765442850758015,0.3,0,0,0.15832071193837483,-0.003508732858168674,-0.052765442850758015,-0.13803569071251004,-0.14544395888875644,0,0
1411.3480414449798,1093.1463157010076,25.15356131134849,0.16937473228623282,0.005135994392792319,0.06461074634786697,0.3,0,0,0.13062526771376717,-0.005135994392792319,-0.06461074634786697,-0.1649473587813236,-0.1740187075685641,0,0
674.6059938250444,284.7075611688845,25.25384320516452,0.19607168412118778,0.006978816922539813,0.07322551252758258,0.3,0,0,0.10392831587881221,-0.006978816922539813,-0.07322551252758258,-0.1911030811178671,-0.2013839430767397,0,0
1411.3480414449798,284.7075611688845,25.25384320516452,0.22161801841804074,0.009004995105896942,0.08507081602469153,0.3,0,0,0.07838198158195925,-0.009004995105896942,-0.08507081602469153,-0.21589810113632454,-0.22784204370619124,0,0
1284.2268420173286,1411.3480414449798,25.15356131134849,0.24510938199334958,0.011110219700637209,0.09368558220440718,0.3,0,0,0.054890618006650405,-0.011110219700637209,-0.09368558220440718,-0.2388788513973339,-0.2520323071388326,0,0
1284.2268420173286,1411.3480414449798,24.905165748622878,0.26602605505483906,0.013143753290934323,0.10014665683919387,0.3,0,0,0.03397394494516093,-0.013143753290934323,-0.10014665683919387,-0.2594405753150791,-0.2735011659353019,0,0
1284.2268420173286,851.4899528953961,25.30418426932561,0.28271658231265856,0.014893514600841432,0.10876142301890945,0.3,0,0,0.01728341768734143,-0.014893514600841432,-0.10876142301890945,-0.27561781398565804,-0.2908879177775129,0,0
1284.2268420173286,258.2405371440609,24.855878172379555,0.2949635148869569,0.016250806954230493,0.1119919603363028,0.3,0,0,0.00503648511304311,-0.016250806954230493,-0.1119919603363028,-0.28771294570197875,-0.3034366169331956,0,0
1411.3480414449798,955.6520228707801,24.905165748622878,0.30285074190150924,0.017142125092468694,0.11306880610876727,0.3,0,0,-0.002850741901509246,-0.017142125092468694,-0.11306880610876727,-0.2955747813175872,-0.3114496416952581,0,0
648.3999468665874,353.40072554933454,23.80334702660077,0.30750767761431796,0.017670934708534997,0.11306880610876727,0.3,0,0,-0.007507677614317976,-0.017670934708534997,-0.11306880610876727,-0.30026164485766144,-0.3161365052353323,0,0
734.7683303247097,261.6981137825328,24.660015279911583,0.30908531406502493,0.017847499567740555,0.10983826879137391,0.3,0,0,-0.009085314065024941,-0.017847499567740555,-0.10983826879137391,-0.3020759146151095,-0.3174972075534184,0,0
769.566351540633,1180.1265773010464,25.004130828076164,0.3090101795093544,0.01783917262078725,0.11091511456383836,0.3,0,0,-0.009010179509354399,-0.01783917262078725,-0.11091511456383836,-0.3019247254686555,-0.3174972075534184,0,0
215.92040254306553,562.6000187683081,23.756904125116755,0.3090101795093544,0.01783917262078725,0.11091511456383836,0.3,0,0,-0.009010179509354399,-0.01783917262078725,-0.11091511456383836,-0.3019247254686555,-0.3174972075534184,0,0
648.3999468665874,390.5444991736698,24.855878172379555,0.3090101795093544,0.01783917262078725,0.11091511456383836,0.3,0,0,-0.009010179509354399,-0.01783917262078725,-0.11091511456383836,-0.3019247254686555,-0.3174972075534184,0,0
261.6981137825328,236.49825525583836,24.08450540165466,0.3090101795093544,0.01783917262078725,0.11091511456383836,0.3,0,0,-0.009010179509354399,-0.01783917262078725,-0.11091511456383836,-0.3019247254686555,-0.3174972075534184,0,0
1284.2268420173286,851.4899528953961,24.70878894042906,0.3090101795093544,0.01783917262078725,0.11091511456383836,0.3,0,0,-0.009010179509354399,-0.01783917262078725,-0.11091511456383836,-0.3019247254686555,-0.3174972075534184,0,0
1284.2268420173286,317.7208243859324,24.5628489666094,0.3090101795093544,0.01783917262078725,0.11091511456383836,0.3,0,0,-0.009010179509354399,-0.01783917262078725,-0.11091511456383836,-0.3019247254686555,-0.3174972075534184,0,0
1284.2268420173286,512.8513118946122,24.660015279911583,0.3090101795093544,0.01783917262078725,0.11091511456383836,0.3,0,0,-0.009010179509354399,-0.01783917262078725,-0.11091511456383836,-0.3019247254686555,-0.3174972075534184,0,0
280.5772654118684,427.0195773074906,24.17918906549187,0.3090101795093544,0.01783917262078725,0.11091511456383836,0.3,0,0,-0.009010179509354399,-0.01783917262078725,-0.11091511456383836,-0.3019247254686555,-0.3174972075534184,0,0
648.3999468665874,581.6409617069837,24.17918906549187,0.3090101795093544,0.01783917262078725,0.11091511456383836,0.3,0,0,-0.009010179509354399,-0.01783917262078725,-0.11091511456383836,-0.3019247254686555,-0.3174972075534184,0,0
