FDist,LDist,RDist,XEst,YEst,ThetaEst,XDes,YDes,ThetaDes,XError,YError,ThetaError,SL,SR,RW,LW
648.3999468665874,703.2691653992177,29.443633183885872,0.0,0.0,0.0,0,0,0,0.0,0.0,0.0,0.0,0.0,0,0
624.3377665398167,176.198566643824,28.004743143301148,0.0,0.0,0.0,0,0,0,0.0,0.0,0.0,0.0,0.0,0,0
528.3325926770696,312.50933522689996,29.443633183885872,0.0,0.0,0.0,0,0,0,0.0,0.0,0.0,0.0,0.0,0,0
399.01729906632625,1411.3480414449798,30.01017807866701,0.0,0.0,0.0,0,0,0,0.0,0.0,0.0,0.0,0.0,0,0
184.22292190812155,334.5408252723781,28.892132026161015,0.0,0.0,0.0,0,0,0,0.0,0.0,0.0,0.0,0.0,0,0
544.8761250677193,194.9110753588243,29.56820969111582,0.0,0.0,0.0,0,0,0,0.0,0.0,0.0,0.0,0.0,0,0
624.3377665398167,407.8990969411948,29.443633183885872,0.0,0.0,0.0,0,0,0,0.0,0.0,0.0,0.0,0.0,0,0
220.70517709223105,307.4777105974586,29.013419717033194,0.0,0.0,0.0,0,0,0,0.0,0.0,0.0,0.0,0.0,0,0
955.6520228707801,390.5444991736698,29.6935359242365,0.0,0.0,0.0,0,0,0,0.0,0.0,0.0,0.0,0.0,0,0
602.1580731583105,360.20900612823414,28.6516875778294,0.0,0.0,0.0,0,0,0,0.0,0.0,0.0,0.0,0.0,0,0
1411.3480414449798,166.09994149545804,28.711534351575374,0.0,0.0,0.0,0,0,0,0.0,0.0,0.0,0.0,0.0,0,0
734.7683303247097,184.22292190812155,29.31979943667244,0.0,0.0,0.0,0,0,0,0.0,0.0,0.0,0.0,0.0,0,0
648.3999468665874,624.3377665398167,29.505828159201656,0.0,0.0,0.0,0,0,0,0.0,0.0,0.0,0.0,0.0,0,0
1284.2268420173286,164.75326598182954,30.01017807866701,0.0,0.0,0.0,0,0,0,0.0,0.0,0.0,0.0,0.0,0,0
213.60849807698625,211.34777997197892,27.94694360726399,0.0,0.0,0.0,0,0,0,0.0,0.0,0.0,0.0,0.0,0,0
374.71408913910363,353.40072554933454,29.443633183885872,0.0,0.0,0.0,0,0,0,0.0,0.0,0.0,0.0,0.0,0,0
399.01729906632625,390.5444991736698,29.074332795504482,0.0,0.0,0.0,0,0,0,0.0,0.0,0.0,0.0,0.0,0,0
448.2028325964311,218.28532251964043,29.196701571220196,0.0,0.0,0.0,0,0,0,0.0,0.0,0.0,0.0,0.0,0,0
900.238757316699,223.1819809443389,29.505828159201656,0.0,0.0,0.0,0,0,0,0.0,0.0,0.0,0.0,0.0,0,0
528.3325926770696,242.3065498311679,29.196701571220196,0.0,0.0,0.0,0,0,0,0.0,0.0,0.0,0.0,0.0,0,0
280.5772654118684,164.75326598182954,28.004743143301148,0.0,0.0,0.0,0,0,0,0.0,0.0,0.0,0.0,0.0,0,0
674.6059938250444,307.4777105974586,29.25815894523266,0.0,0.0,0.0,0,0,0,0.0,0.0,0.0,0.0,0.0,0,0
448.2028325964311,346.8640580657511,29.196701571220196,0.0,0.0,0.0,0,0,0,0.0,0.0,0.0,0.0,0.0,0,0
1284.2268420173286,209.13650375320472,30.074083981884726,0.0,0.0,0.0,0,0,0,0.0,0.0,0.0,0.0,0.0,0,0
251.60762066022812,624.3377665398167,29.630778653111555,0.0,0.0,0.0,0,0,0,0.0,0.0,0.0,0.0,0.0,0,0
544.8761250677193,648.3999468665874,29.81961893815634,0.0,0.0,0.0,0,0,0,0.0,0.0,0.0,0.0,0.0,0,0
624.3377665398167,191.20821604693444,27.94694360726399,0.0,0.0,0.0,0,0,0,0.0,0.0,0.0,0.0,0.0,0,0
544.8761250677193,346.8640580657511,29.882946467274657,0.0,0.0,0.0,0,0,0,0.0,0.0,0.0,0.0,0.0,0,0
280.5772654118684,407.8990969411948,28.473193408840125,0.0,0.0,0.0,0,0,0,0.0,0.0,0.0,0.0,0.0,0,0
544.8761250677193,459.67991945810627,29.6935359242365,0.0,0.0,0.0,0,0,0,0.0,0.0,0.0,0.0,0.0,0,0
769.566351540633,312.50933522689996,29.81961893815634,0.0,0.0,0.0,0,0,0,0.0,0.0,0.0,0.0,0.0,0,0
769.566351540633,176.198566643824,29.505828159201656,0.0,0.0,0.0,0,0,0,0.0,0.0,0.0,0.0,0.0,0,0
955.6520228707801,624.3377665398167,30.13818450719404,0.0,0.0,0.0,0,0,0,0.0,0.0,0.0,0.0,0.0,0,0
648.3999468665874,177.7453057985956,29.381623897205223,0.0,0.0,0.0,0,0,0,0.0,0.0,0.0,0.0,0.0,0,0
648.3999468665874,280.5772654118684,29.505828159201656,0.0,0.0,0.0,0,0,0,0.0,0.0,0.0,0.0,0.0,0,0
512.8513118946122,225.71785045590883,27.94694360726399,0.0,0.0,0.0,0,0,0,0.0,0.0,0.0,0.0,0.0,0,0
1284.2268420173286,312.50933522689996,29.443633183885872,0.0,0.0,0.0,0,0,0,0.0,0.0,0.0,0.0,0.0,0,0
602.1580731583105,302.6164596847404,27.94694360726399,0.0,0.0,0.0,0,0,0,0.0,0.0,0.0,0.0,0.0,0,0
769.566351540633,239.3652489782259,28.711534351575374,0.0,0.0,0.0,0,0,0,0.0,0.0,0.0,0.0,0.0,0,0
346.8640580657511,346.8640580657511,29.81961893815634,0.0,0.0,0.0,0,0,0,0.0,0.0,0.0,0.0,0.0,0,0
280.5772654118684,200.75362703878065,28.831755768193197,0.0,0.0,0.0,0,0,0,0.0,0.0,0.0,0.0,0.0,0,0
1284.2268420173286,196.81893899271049,29.25815894523266,0.0,0.0,0.0,0.75,0,0,0.75,0.0,0.0,0.0,0.0,0,0
769.566351540633,390.5444991736698,28.532517899129083,0.005007214627270813,1.6109339293132386e-05,0.006434429083833074,0.75,0,0,0.7449927853727292,-1.6109339293132386e-05,-0.006434429083833074,-0.004552036855357711,-0.005462444226429252,0,0
417.22151175368833,323.12240163650586,35.82448132093792,0.026552915317393865,0.0001778523745264509,0.00857923877844412,0.75,0,0,0.7234470846826061,-0.0001778523745264509,-0.00857923877844412,-0.02594661007553895,-0.027160486570301005,0,0
769.566351540633,312.50933522689996,46.50780728590231,0.04870534607537412,0.0003679080304552224,0.00857923877844412,0.75,0,0,0.7012946539246259,-0.0003679080304552224,-0.00857923877844412,-0.04809985610494647,-0.04931373259970853,0,0
353.40072554933454,648.3999468665874,58.32507928939602,0.07116142848479814,0.0005364852784448787,0.006434429083833099,0.75,0,0,0.6788385715152019,-0.0005364852784448787,-0.006434429083833099,-0.07070830581988977,-0.07161871319096132,0,0
769.566351540633,544.8761250677193,60.603559569501805,0.08921733258426746,0.0006720304981122373,0.00857923877844412,0.75,0,0,0.6607826674157325,-0.0006720304981122373,-0.00857923877844412,-0.08861298411763009,-0.08982686061239216,0,0
1284.2268420173286,218.28532251964043,28.6516875778294,0.11190021148618765,0.0009274562011171155,0.013941263014971682,0.75,0,0,0.6380997885138123,-0.0009274562011171155,-0.013941263014971682,-0.11091796470888288,-0.11289051401287123,0,0
484.6780696502813,184.22292190812155,35.41390242737805,0.1342026782393404,0.001262323190650765,0.016086072709582705,0.75,0,0,0.6157973217606596,-0.001262323190650765,-0.016086072709582705,-0.1330712107382904,-0.13534722916596925,0,0
1093.1463157010076,211.34777997197892,32.800418117764416,0.15627660084559913,0.0016529549570914255,0.019303287251499247,0.75,0,0,0.5937233991544009,-0.0016529549570914255,-0.019303287251499247,-0.1549209876440074,-0.15765220975722202,0,0
254.878386734463,174.67928447558052,30.922914202681703,0.17903300288198948,0.0020678702153580507,0.01715847755688823,0.75,0,0,0.5709669971180105,-0.0020678702153580507,-0.01715847755688823,-0.17783290648264122,-0.18026065947216532,0,0
407.8990969411948,193.04122344313365,25.25384320516452,0.20141243189893415,0.0023198788521019945,0.005362024236527601,0.75,0,0,0.5485875681010659,-0.0023198788521019945,-0.005362024236527601,-0.20104829444496555,-0.20180696725419184,0,0
471.8179059817352,734.7683303247097,30.01017807866701,0.22379325081458065,0.0022838768730111653,-0.00857923877844407,0.75,0,0,0.5262067491854193,-0.0022838768730111653,0.00857923877844407,-0.22441541696913514,-0.22320154047437307,0,0
242.3065498311679,307.4777105974586,26.128272755325845,0.24647443404386246,0.0019068292782997275,-0.02466531148802674,0.75,0,0,0.5035255659561375,-0.0019068292782997275,0.02466531148802674,-0.24823774317884048,-0.24474784825639956,0,0
220.70517709223105,251.60762066022812,22.632955363231254,0.2690726921732335,0.0012280597802838758,-0.03538935996108187,0.75,0,0,0.4809273078267665,-0.0012280597802838758,0.03538935996108187,-0.27160486570301007,-0.26659762516211655,0,0
302.6164596847404,129.25786434407527,27.774536019956848,0.29174323276075625,0.000437599763322359,-0.034316955113776346,0.75,0,0,0.45825676723924375,-0.000437599763322359,0.034316955113776346,-0.29421331541795337,-0.2893578094389051,0,0
399.01729906632625,459.67991945810627,24.131786407761517,0.3141918776492406,-0.00016439536797738458,-0.01930328725149915,0.75,0,0,0.4358081223507594,0.00016439536797738458,0.01930328725149915,-0.3156078886381346,-0.31287666652491997,0,0
900.238757316699,223.1819809443389,21.494038780723614,0.3368747565511608,-0.0004198210709822608,-0.00321721454191648,0.75,0,0,0.4131252434488392,0.0004198210709822608,0.00321721454191648,-0.3371541964201611,-0.33669899273462534,0,0
512.8513118946122,173.18670720903205,20.197102771620948,0.35887615415583557,-0.0003490376104518296,0.009651643625749644,0.75,0,0,0.39112384584416443,0.0003490376104518296,-0.009651643625749644,-0.3582453005166518,-0.35961091157325914,0,0
209.13650375320472,276.5725757314533,21.949127558551538,0.38102613915954037,3.105971276082893e-05,0.024665311488026816,0.75,0,0,0.36897386084045963,-3.105971276082893e-05,-0.024665311488026816,-0.37933640461314255,-0.38282629953558345,0,0
769.566351540633,239.3652489782259,25.10361938144616,0.4036998619311666,0.000724264764943561,0.03646176480838747,0.75,0,0,0.3463001380688334,-0.000724264764943561,-0.03646176480838747,-0.40118618151885954,-0.4063451566215983,0,0
648.3999468665874,194.9110753588243,36.24233355390543,0.4260596038073419,0.0016960130390707984,0.05040302782335914,0.75,0,0,0.3239403961926581,-0.0016960130390707984,-0.05040302782335914,-0.4225807547390408,-0.4297122791457679,0,0
242.3065498311679,284.7075611688845,31.530946491144263,0.44825612697300127,0.002899274407122259,0.05790986175449773,0.75,0,0,0.30174387302699873,-0.002899274407122259,-0.05790986175449773,-0.4442787970829125,-0.4524724634225564,0,0
193.04122344313365,164.75326598182954,73.9772983740448,0.4706015124585781,0.004158678622785405,0.054692647212581186,0.75,0,0,0.2793984875414219,-0.004158678622785405,-0.054692647212581186,-0.4668872467978558,-0.474625709451964,0,0
150.1726803268919,293.3703955349555,47.787928988589464,0.4930354525831251,0.005169809650705844,0.03538935996108197,0.75,0,0,0.2569645474168749,-0.005169809650705844,-0.03538935996108197,-0.4907095730075612,-0.4957168135484547,0,0
323.12240163650586,185.91929651913173,69.97442321249366,0.5156387023181445,0.005654680694865291,0.007506833931138653,0.75,0,0,0.23436129768185554,-0.005654680694865291,-0.007506833931138653,-0.5152905720264929,-0.5163527139594096,0,0
544.8761250677193,209.13650375320472,69.22073170815571,0.5380190064531392,0.0054986733149224795,-0.02144809694611019,0.75,0,0,0.21198099354686084,-0.0054986733149224795,0.02144809694611019,-0.5397198364835792,-0.5366851452466741,0,0
317.7208243859324,1411.3480414449798,72.05879380612686,0.5603082771056309,0.004661670951643066,-0.05362024236527558,0.75,0,0,0.18969172289436909,-0.004661670951643066,0.05362024236527558,-0.5643008355025109,-0.5567141074102481,0,0
239.3652489782259,1411.3480414449798,60.800461875318895,0.582186252658487,0.0032166592881072518,-0.07828555385330238,0.75,0,0,0.167813747341513,-0.0032166592881072518,0.07828555385330238,-0.587971427150371,-0.5768948041356673,0,0
312.50933522689996,900.238757316699,48.05094550934816,0.6042600440381956,0.00134208099831396,-0.09115441202096852,0.75,0,0,0.14573995596180445,-0.00134208099831396,0.09115441202096852,-0.6110350805508501,-0.5981376427940033,0,0
166.09994149545804,734.7683303247097,45.88875276428319,0.626474585940131,-0.0006644800556584274,-0.0890096023263575,0.75,0,0,0.12352541405986905,0.0006644800556584274,0.0890096023263575,-0.6331883265802576,-0.6205943579471013,0,0
236.49825525583836,272.6876389629632,41.906294265999335,0.6486327919090054,-0.0024385676533923034,-0.07077871992216377,0.75,0,0,0.10136720809099464,0.0024385676533923034,0.07077871992216377,-0.6541276961149031,-0.6441132150331161,0,0
265.2554052777127,1411.3480414449798,50.38742144020711,0.6709833741562017,-0.0036021073771532403,-0.033244550266470815,0.75,0,0,0.07901662584379832,0.0036021073771532403,0.033244550266470815,-0.6738531891547865,-0.6691494177375835,0,0
581.6409617069837,284.7075611688845,38.26408367033017,0.6926809673317761,-0.0037417209284910406,0.020375692098804826,0.75,0,0,0.05731903266822391,0.0037417209284910406,-0.020375692098804826,-0.6917578674525269,-0.6946408241275867,0,0
110.97077873540402,242.3065498311679,37.100676960883916,0.7105629073377584,-0.0028396529886862004,0.08043036354791355,0.75,0,0,0.0394370926622416,0.0028396529886862004,-0.08043036354791355,-0.7054139780186,-0.7167940701569941,0,0
128.44498763419128,602.1580731583105,32.65570094258199,0.7244438870722067,-0.0013603738646885096,0.13190579621857818,0.75,0,0,0.02555611292779325,0.0013603738646885096,-0.13190579621857818,-0.7157319282240774,-0.734395279331044,0,0
194.9110753588243,1411.3480414449798,29.196701571220196,0.7343440996408082,0.00014814276895352605,0.17051237072157666,0.75,0,0,0.015655900359191843,-0.00014814276895352605,-0.17051237072157666,-0.7230151871926497,-0.7471409825260455,0,0
113.44477390085575,624.3377665398167,31.123690737050055,0.7409914934339916,0.001333131618790253,0.1823088240419373,0.75,0,0,0.009008506566008379,-0.001333131618790253,-0.1823088240419373,-0.7289328351046147,-0.7547277106183083,0,0
182.55823066529945,581.6409617069837,34.69257006062114,0.7443563208353542,0.0019106446455618123,0.1576435125539105,0.75,0,0,0.0056436791646458095,-0.0019106446455618123,-0.1576435125539105,-0.7340918102073535,-0.7563967907986062,0,0
112.19442975602797,624.3377665398167,31.59957383146636,0.7466848593115571,0.002241212265220112,0.12439896228743959,0.75,0,0,0.0033151406884428525,-0.002241212265220112,-0.12439896228743959,-0.7387955816245565,-0.7563967907986062,0,0
167.46934895889862,1180.1265773010464,30.331663097801872,0.748192411922809,0.002413325164634002,0.10295086534132933,0.75,0,0,0.001807588077190947,-0.002413325164634002,-0.10295086534132933,-0.7418302728614616,-0.7563967907986062,0,0
239.3652489782259,346.8640580657511,30.01017807866701,0.748192411922809,0.002413325164634002,0.10295086534132933,0.75,0,0,0.001807588077190947,-0.002413325164634002,-0.10295086534132933,-0.7418302728614616,-0.7563967907986062,0,0
145.87739303694283,602.1580731583105,32.72794171450513,0.7481169421712096,0.002405568818322233,0.10187846049402381,0.75,0,0,0.001883057828790391,-0.002405568818322233,-0.10187846049402381,-0.7418302728614616,-0.756245056236761,0,0
168.8620920208621,1411.3480414449798,28.004743143301148,0.7481169421712096,0.002405568818322233,0.10187846049402381,0.75,0,0,0.001883057828790391,-0.002405568818322233,-0.10187846049402381,-0.7418302728614616,-0.756245056236761,0,0
211.34777997197892,390.5444991736698,33.76461132687016,0.7481169421712096,0.002405568818322233,0.10187846049402381,0.75,0,0,0.001883057828790391,-0.002405568818322233,-0.10187846049402381,-0.7418302728614616,-0.756245056236761,0,0
185.91929651913173,367.3069052663625,28.414041435834406,0.7481169421712096,0.002405568818322233,0.10187846049402381,0.75,0,0,0.001883057828790391,-0.002405568818322233,-0.10187846049402381,-0.7418302728614616,-0.756245056236761,0,0
107.45140018288424,307.4777105974586,32.65570094258199,0.7481169421712096,0.002405568818322233,0.10187846049402381,0.75,0,0,0.001883057828790391,-0.002405568818322233,-0.10187846049402381,-0.7418302728614616,-0.756245056236761,0,0
220.70517709223105,284.7075611688845,30.26697313093551,0.7481169421712096,0.002405568818322233,0.10187846049402381,0.75,0,0,0.001883057828790391,-0.002405568818322233,-0.10187846049402381,-0.7418302728614616,-0.756245056236761,0,0
196.81893899271049,1019.267059271828,31.39434006392785,0.7481169421712096,0.002405568818322233,0.10187846049402381,0.75,0,0,0.001883057828790391,-0.002405568818322233,-0.10187846049402381,-0.7418302728614616,-0.756245056236761,0,0
218.28532251964043,437.33222201576723,29.6935359242365,0.7481169421712096,0.002405568818322233,0.10187846049402381,0.75,0,0,0.001883057828790391,-0.002405568818322233,-0.10187846049402381,-0.7418302728614616,-0.756245056236761,0,0
113.44477390085575,498.3296704628293,28.06270908445,0.7481169421712096,0.002405568818322233,0.10187846049402381,0.75,0,0,0.001883057828790391,-0.002405568818322233,-0.10187846049402381,-0.7418302728614616,-0.756245056236761,0,0
206.97300472647143,399.01729906632625,30.13818450719404,0.7481169421712096,0.002405568818322233,0.10187846049402381,0.75,0,0,0.001883057828790391,-0.002405568818322233,-0.10187846049402381,-0.7418302728614616,-0.756245056236761,0,0
160.8439044330725,407.8990969411948,31.530946491144263,0.7481169421712096,0.002405568818322233,0.10187846049402381,0.75,0,0,0.001883057828790391,-0.002405568818322233,-0.10187846049402381,-0.7418302728614616,-0.756245056236761,0,0
144.84210166738234,1411.3480414449798,33.76461132687016,0.7481169421712096,0.002405568818322233,0.10187846049402381,0.75,0,0,0.001883057828790391,-0.002405568818322233,-0.10187846049402381,-0.7418302728614616,-0.756245056236761,0,0
145.87739303694283,448.2028325964311,31.123690737050055,0.7481169421712096,0.002405568818322233,0.10187846049402381,0.75,0,0,0.001883057828790391,-0.002405568818322233,-0.10187846049402381,-0.7418302728614616,-0.756245056236761,0,0
152.41788953728954,54.027895775402335,30.526926956734627,0.7481169421712096,0.002405568818322233,0.10187846049402381,0.75,0,0,0.001883057828790391,-0.002405568818322233,-0.10187846049402381,-0.7418302728614616,-0.756245056236761,0,0
152.41788953728954,53.867377246779164,29.505828159201656,0.7481169421712096,0.002405568818322233,0.10187846049402381,0.75,0,0,0.001883057828790391,-0.002405568818322233,-0.10187846049402381,-0.7418302728614616,-0.756245056236761,0,0
143.82153882231913,50.67478248141688,30.724001887465562,0.7481169421712096,0.002405568818322233,0.10187846049402381,0.75,0,0,0.001883057828790391,-0.002405568818322233,-0.10187846049402381,-0.7418302728614616,-0.756245056236761,0,0
132.61463364415852,57.41934790708907,28.6516875778294,0.7481169421712096,0.002405568818322233,0.10187846049402381,0.75,0,0,0.001883057828790391,-0.002405568818322233,-0.10187846049402381,-0.7418302728614616,-0.756245056236761,0,0
146.92774685951784,900.238757316699,38.72664396960077,0.7481169421712096,0.002405568818322233,0.10187846049402381,0.75,0,0,0.001883057828790391,-0.002405568818322233,-0.10187846049402381,-0.7418302728614616,-0.756245056236761,0,0
144.84210166738234,459.67991945810627,36.326794512671405,0.7481169421712096,0.002405568818322233,0.10187846049402381,0.75,0,0,0.001883057828790391,-0.002405568818322233,-0.10187846049402381,-0.7418302728614616,-0.756245056236761,0,0
185.91929651913173,1284.2268420173286,35.09054457381912,0.7481169421712096,0.002405568818322233,0.10187846049402381,0.75,0,0,0.001883057828790391,-0.002405568818322233,-0.10187846049402381,-0.7418302728614616,-0.756245056236761,0,0
128.44498763419128,448.2028325964311,29.443633183885872,0.7481169421712096,0.002405568818322233,0.10187846049402381,0.75,0,0,0.001883057828790391,-0.002405568818322233,-0.10187846049402381,-0.7418302728614616,-0.756245056236761,0,0
168.8620920208621,280.5772654118684,29.946465878260994,0.7481169421712096,0.002405568818322233,0.10187846049402381,0.75,0,0,0.001883057828790391,-0.002405568818322233,-0.10187846049402381,-0.7418302728614616,-0.756245056236761,0,0
184.22292190812155,581.6409617069837,27.43411484917406,0.7481169421712096,0.002405568818322233,0.10187846049402381,0.75,0,0,0.001883057828790391,-0.002405568818322233,-0.10187846049402381,-0.7418302728614616,-0.756245056236761,0,0
194.9110753588243,769.566351540633,30.461639058159932,0.7481169421712096,0.002405568818322233,0.10187846049402381,0.75,0,0,0.001883057828790391,-0.002405568818322233,-0.10187846049402381,-0.7418302728614616,-0.756245056236761,0,0
196.81893899271049,624.3377665398167,28.237612839164704,0.7481169421712096,0.002405568818322233,0.10187846049402381,0.75,0,0,0.001883057828790391,-0.002405568818322233,-0.10187846049402381,-0.7418302728614616,-0.756245056236761,0,0
166.09994149545804,1019.267059271828,34.457033820303465,0.7481169421712096,0.002405568818322233,0.10187846049402381,0.75,0,0,0.001883057828790391,-0.002405568818322233,-0.10187846049402381,-0.7418302728614616,-0.756245056236761,0,0
185.91929651913173,528.3325926770696,32.227138405664235,0.7481169421712096,0.002405568818322233,0.10187846049402381,0.75,0,0,0.001883057828790391,-0.002405568818322233,-0.10187846049402381,-0.7418302728614616,-0.756245056236761,0,0
185.91929651913173,1411.3480414449798,28.414041435834406,0.7481169421712096,0.002405568818322233,0.10187846049402381,0.75,0,0,0.001883057828790391,-0.002405568818322233,-0.10187846049402381,-0.7418302728614616,-0.756245056236761,0,0
167.46934895889862,851.4899528953961,28.414041435834406,0.7481169421712096,0.002405568818322233,0.10187846049402381,0.75,0,0,0.001883057828790391,-0.002405568818322233,-0.10187846049402381,-0.7418302728614616,-0.756245056236761,0,0
155.91651753124995,307.4777105974586,26.500217937724948,0.7481169421712096,0.002405568818322233,0.10187846049402381,0.75,0,0,0.001883057828790391,-0.002405568818322233,-0.10187846049402381,-0.7418302728614616,-0.756245056236761,0,0
134.3591943699604,851.4899528953961,31.530946491144263,0.7481169421712096,0.002405568818322233,0.10187846049402381,0.75,0,0,0.001883057828790391,-0.002405568818322233,-0.10187846049402381,-0.7418302728614616,-0.756245056236761,0,0
198.76603234393832,648.3999468665874,31.056556411796677,0.7481169421712096,0.002405568818322233,0.10187846049402381,0.75,0,0,0.001883057828790391,-0.002405568818322233,-0.10187846049402381,-0.7418302728614616,-0.756245056236761,0,0
164.75326598182954,307.4777105974586,29.135426468315842,0.7481169421712096,0.002405568818322233,0.10187846049402381,0.75,0,0,0.001883057828790391,-0.002405568818322233,-0.10187846049402381,-0.7418302728614616,-0.756245056236761,0,0
139.88023555455067,1411.3480414449798,27.210360375618606,0.7481169421712096,0.002405568818322233,0.10187846049402381,0.75,0,0,0.001883057828790391,-0.002405568818322233,-0.10187846049402381,-0.7418302728614616,-0.756245056236761,0,0
160.8439044330725,528.3325926770696,30.526926956734627,0.7481169421712096,0.002405568818322233,0.10187846049402381,0.75,0,0,0.001883057828790391,-0.002405568818322233,-0.10187846049402381,-0.7418302728614616,-0.756245056236761,0,0
144.84210166738234,390.5444991736698,28.711534351575374,0.7481169421712096,0.002405568818322233,0.10187846049402381,0.75,0,0,0.001883057828790391,-0.002405568818322233,-0.10187846049402381,-0.7418302728614616,-0.756245056236761,0,0
177.7453057985956,769.566351540633,32.369070457727666,0.7481169421712096,0.002405568818322233,0.10187846049402381,0.75,0,0,0.001883057828790391,-0.002405568818322233,-0.10187846049402381,-0.7418302728614616,-0.756245056236761,0,0
174.67928447558052,1284.2268420173286,26.075716529157752,0.7481169421712096,0.002405568818322233,0.10187846049402381,0.75,0,0,0.001883057828790391,-0.002405568818322233,-0.10187846049402381,-0.7418302728614616,-0.756245056236761,0,0
179.3202830877122,1411.3480414449798,28.237612839164704,0.7481169421712096,0.002405568818322233,0.10187846049402381,0.75,0,0,0.001883057828790391,-0.002405568818322233,-0.10187846049402381,-0.7418302728614616,-0.756245056236761,0,0
220.70517709223105,307.4777105974586,29.074332795504482,0.7481169421712096,0.002405568818322233,0.10187846049402381,0.75,0,0,0.001883057828790391,-0.002405568818322233,-0.10187846049402381,-0.7418302728614616,-0.756245056236761,0,0
163.42873978461637,346.8640580657511,29.25815894523266,0.7481169421712096,0.002405568818322233,0.10187846049402381,-0.001883057828790391,0,0,-0.75,-0.002405568818322233,-0.10187846049402381,-0.7418302728614616,-0.756245056236761,0,0
123.02757911911826,734.7683303247097,34.613790153652,0.7432087755186776,0.001927717021079136,0.0922268168682742,-0.001883057828790391,0,0,-0.745091833347468,-0.001927717021079136,-0.0922268168682742,-0.7375817051297945,-0.7506308774484864,0,0
196.81893899271049,206.97300472647143,33.388857821495826,0.7220098963608235,0.0005618046099815804,0.03646176480838752,-0.001883057828790391,0,0,-0.7238929541896139,-0.0005618046099815804,-0.03646176480838752,-0.7202839650794352,-0.7254429401821738,0,0
407.8990969411948,448.2028325964311,29.443633183885872,0.6993259739470473,0.00042800814248768063,-0.02466531148802671,-0.001883057828790391,0,0,-0.7012090317758377,-0.00042800814248768063,0.02466531148802671,-0.7019240830961591,-0.698434188173718,0,0
158.34116103748556,276.5725757314533,30.922914202681703,0.6763746119059294,0.0017215656928128748,-0.08793719747905196,-0.001883057828790391,0,0,-0.6782576697347198,-0.0017215656928128748,0.08793719747905196,-0.6834124665510377,-0.6709702324797265,0,0
104.68049512451793,390.5444991736698,30.461639058159932,0.6535509667238635,0.004463742069639976,-0.15120908347007722,-0.001883057828790391,0,0,-0.6554340245526539,-0.004463742069639976,0.15120908347007722,-0.6649008500059164,-0.643506276785735,0,0
83.38264517783642,448.2028325964311,41.80075928277381,0.6307926743765183,0.008646748978286647,-0.21233615976649145,-0.001883057828790391,0,0,-0.6326757322053087,-0.008646748978286647,0.21233615976649145,-0.6460857643371045,-0.6160423210917435,0,0
78.419964244608,471.8179059817352,648.3999468665874,0.6089247410139063,0.013755324701102419,-0.24665311488026787,-0.001883057828790391,0,0,-0.6108077988426966,-0.013755324701102419,0.24665311488026787,-0.6260568021735305,-0.5911578529491214,0,0
69.97442321249366,390.5444991736698,166.09994149545804,0.5870248660349942,0.019057470215321982,-0.22842223247607416,-0.001883057828790391,0,0,-0.5889079238637845,-0.019057470215321982,0.22842223247607416,-0.6022344759638252,-0.5699150142907854,0,0
100.02692680886574,1284.2268420173286,108.6000844939372,0.5641880291816921,0.02363583819329653,-0.1672951561796599,-0.001883057828790391,0,0,-0.5660710870104825,-0.02363583819329653,0.1672951561796599,-0.5746187857079884,-0.5509481940601283,0,0
459.67991945810627,1411.3480414449798,125.29273453547381,0.5411809142684733,0.026738563062049234,-0.1008060556467181,-0.001883057828790391,0,0,-0.5430639720972636,-0.026738563062049234,0.1008060556467181,-0.5466996263284611,-0.532436577515007,0,0
900.238757316699,242.3065498311679,334.5408252723781,0.5186224198687065,0.028240671223538672,-0.032172145419165285,-0.001883057828790391,0,0,-0.5205054776974969,-0.028240671223538672,0.032172145419165285,-0.5192356706344696,-0.5146836337791119,0,0
117.36537105675751,163.42873978461637,77.49266392626436,0.49555881951701575,0.028191204114058697,0.03646176480838753,-0.001883057828790391,0,0,-0.49744187734580614,-0.028191204114058697,-0.03646176480838753,-0.49131651125494236,-0.496475486357681,0,0
239.3652489782259,242.3065498311679,41.906294265999335,0.4724763606956854,0.026567162203698973,0.10402327018863484,-0.001883057828790391,0,0,-0.4743594185244758,-0.026567162203698973,-0.10402327018863484,-0.4633973518754151,-0.4781156043744049,0,0
242.3065498311679,624.3377665398167,39.48508308650554,0.44962628290960543,0.02343570034898541,0.16836756102696565,-0.001883057828790391,0,0,-0.4515093407383958,-0.02343570034898541,-0.16836756102696565,-0.4357816616195783,-0.4596039878292836,0,0
1284.2268420173286,900.238757316699,48.854583701372256,0.42702978317774276,0.018817225704109864,0.23485666155990745,-0.001883057828790391,0,0,-0.42891284100653315,-0.018817225704109864,-0.23485666155990745,-0.4080142368018963,-0.4412441058460075,0,0
1411.3480414449798,1411.3480414449798,76.28731360165042,0.4049234114578276,0.012795236477194886,0.2970561427036272,-0.001883057828790391,0,0,-0.406806469286618,-0.012795236477194886,-0.2970561427036272,-0.38070201566975004,-0.42273248930088614,0,0
1284.2268420173286,734.7683303247097,265.2554052777127,0.38390873595135716,0.0060281051971174055,0.326011073580876,-0.001883057828790391,0,0,-0.38579179378014755,-0.0060281051971174055,-0.326011073580876,-0.35657622033635417,-0.4027035271373122,0,0
562.6000187683081,648.3999468665874,22.76417078542179,0.3626231122273039,-0.0006378067325578099,0.28097006999404445,-0.001883057828790391,0,0,-0.3645061700560943,0.0006378067325578099,-0.28097006999404445,-0.33745766554385176,-0.37721212074730903,0,0
254.878386734463,353.40072554933454,23.80334702660077,0.34078135591188236,-0.006174498181760975,0.21555337430840815,-0.001883057828790391,0,0,-0.34266441374067275,0.006174498181760975,-0.21555337430840815,-0.3195529872461114,-0.350051634177008,0,0
417.22151175368833,312.50933522689996,17.775756517532926,0.3227475306091204,-0.009619263977760842,0.16193313194313252,-0.001883057828790391,0,0,-0.3246305884379108,0.009619263977760842,-0.16193313194313252,-0.3049864693089667,-0.3278983881476005,0,0
166.09994149545804,544.8761250677193,20.735250827891868,0.3003354796625918,-0.012592809148651029,0.10187846049402377,-0.001883057828790391,0,0,-0.30221853749138217,0.012592809148651029,-0.10187846049402377,-0.28662658732569063,-0.30104137070098996,0,0
769.566351540633,239.3652489782259,22.37340035638271,0.2777836362626012,-0.014191670548342307,0.039678979350304046,-0.001883057828790391,0,0,-0.2796666940913916,0.014191670548342307,-0.039678979350304046,-0.2684184399042598,-0.2740326186925342,0,0
236.49825525583836,280.5772654118684,22.502702204181062,0.2547964086256405,-0.01435190863689374,-0.025737716335332277,-0.001883057828790391,0,0,-0.2566794664544309,0.01435190863689374,0.025737716335332277,-0.2500585579209837,-0.24641692843669744,0,0
151.28683687310368,239.3652489782259,26.446644470518727,0.2319228972084016,-0.013025824056792163,-0.09008200717366305,-0.001883057828790391,0,0,-0.23380595503719198,0.013025824056792163,0.09008200717366305,-0.2316986759377076,-0.21895297274270592,0,0
100.02692680886574,399.01729906632625,27.546944329386996,0.20895760018683462,-0.010191648678269358,-0.15549870285929931,-0.001883057828790391,0,0,-0.21084065801562502,0.010191648678269358,0.15549870285929931,-0.21318705939258625,-0.1911855479250239,0,0
103.61058678886198,1411.3480414449798,32.015943449964496,0.18637574915379926,-0.005890681972949316,-0.22091539854493564,-0.001883057828790391,0,0,-0.18825880698258965,0.005890681972949316,0.22091539854493564,-0.19482717740931016,-0.16356985766918714,0,0
37.81003834541127,1411.3480414449798,42.44040737188923,0.16405301900257618,-9.17314840155007e-05,-0.28740449907787746,-0.001883057828790391,0,0,-0.16593607683136657,9.17314840155007e-05,0.28740449907787746,-0.17646729542603407,-0.13580243285150512,0,0
28.473193408840125,528.3325926770696,35.17096471366344,0.1421642151564565,0.006930987139464157,-0.33351790751201454,-0.001883057828790391,0,0,-0.1440472729852469,-0.006930987139464157,0.33351790751201454,-0.15674180238615065,-0.10955235365227566,0,0
35.907463519817924,734.7683303247097,33.613559426012365,0.12094391885510763,0.013802026657551862,-0.29276652331440506,-0.001883057828790391,0,0,-0.12282697668389803,-0.013802026657551862,0.29276652331440506,-0.131553865119838,-0.09013032973608276,0,0
140.84502956740286,1411.3480414449798,33.840516440659265,0.09850595018095686,0.01975952613460273,-0.22627742278146326,-0.001883057828790391,0,0,-0.10038900800974725,-0.01975952613460273,0.22627742278146326,-0.1036347057403107,-0.0716187131909614,0,0
128.44498763419128,581.6409617069837,33.613559426012365,0.07586592774133208,0.02415969568937177,-0.15764351255391046,-0.001883057828790391,0,0,-0.07774898557012247,-0.02415969568937177,0.15764351255391046,-0.0757155463607834,-0.05341056576953056,0,0
152.41788953728954,1411.3480414449798,36.24233355390543,0.053807115876099376,0.026906020079855514,-0.09008200717366317,-0.001883057828790391,0,0,-0.05569017370488977,-0.026906020079855514,0.09008200717366317,-0.04870679435232765,-0.035961091157326,0,0
293.3703955349555,851.4899528953961,42.65710812266905,0.03608176851640735,0.027895500887205917,-0.021448096946110357,-0.001883057828790391,0,0,-0.03796482634519774,-0.027895500887205917,0.021448096946110357,-0.026098344637384356,-0.023063653400479153,0,0
223.1819809443389,159.58252707905322,57.2411266723497,0.02242678871196612,0.027719767187772953,0.04718581328144246,-0.001883057828790391,0,0,-0.024309846540756512,-0.027719767187772953,-0.04718581328144246,-0.007586728092263,-0.014263048813454245,0,0
390.5444991736698,346.8640580657511,69.22073170815571,0.012973629168930939,0.026962903878159524,0.11260250896707873,-0.001883057828790391,0,0,-0.01485668699772133,-0.026962903878159524,-0.11260250896707873,0.006524586159345902,-0.009407542834406021,0,0
498.3296704628293,407.8990969411948,58.880520330140875,0.008020332956425898,0.026229886507594228,0.18123641919463157,-0.001883057828790391,0,0,-0.00990339078521629,-0.026229886507594228,-0.18123641919463157,0.01638733267928761,-0.009255808272560765,0,0
1284.2268420173286,459.67991945810627,33.16637689226863,0.004678794488178376,0.025530096966179888,0.23163944701799066,-0.001883057828790391,0,0,-0.006561852316968767,-0.025530096966179888,-0.23163944701799066,0.023367122524169434,-0.009407542834406021,0,0
1284.2268420173286,22.85218781026422,48.44999661828506,0.002325794150045588,0.024932289315768612,0.2659564021317671,-0.001883057828790391,0,0,-0.004208851978835979,-0.024932289315768612,-0.2659564021317671,0.028222628503217658,-0.009407542834406021,0,0
1284.2268420173286,21.782257748458605,73.9772983740448,0.0013760254314988197,0.024666437721008957,0.27989766514673875,-0.001883057828790391,0,0,-0.0032590832602892106,-0.024666437721008957,-0.27989766514673875,0.030195177807206,-0.009407542834406021,0,0
