FDist,LDist,RDist,XEst,YEst,ThetaEst,XDes,YDes,ThetaDes,XError,YError,ThetaError,SL,SR,RW,LW
648.3999468665874,223.1819809443389,19.493498319736666,0.0,0.0,0.0,0,0,0,0.0,0.0,0.0,0.0,0.0,0,0
1093.1463157010076,498.3296704628293,20.272932179340643,0.0,0.0,0.0,0,0,0,0.0,0.0,0.0,0.0,0.0,0,0
674.6059938250444,851.4899528953961,19.712466909449226,0.0,0.0,0.0,0,0,0,0.0,0.0,0.0,0.0,0.0,0,0
1411.3480414449798,602.1580731583105,20.696236055220425,0.0,0.0,0.0,0,0,0,0.0,0.0,0.0,0.0,0.0,0,0
1284.2268420173286,312.50933522689996,20.65731111090045,0.0,0.0,0.0,0,0,0,0.0,0.0,0.0,0.0,0.0,0,0
1284.2268420173286,206.97300472647143,20.81355115370998,0.0,0.0,0.0,0,0,0,0.0,0.0,0.0,0.0,0.0,0,0
1284.2268420173286,498.3296704628293,20.931683493242176,0.0,0.0,0.0,0,0,0,0.0,0.0,0.0,0.0,0.0,0,0
900.238757316699,528.3325926770696,21.010896801842307,0.0,0.0,0.0,0,0,0,0.0,0.0,0.0,0.0,0.0,0,0
1284.2268420173286,734.7683303247097,20.931683493242176,0.0,0.0,0.0,0,0,0,0.0,0.0,0.0,0.0,0.0,0,0
1284.2268420173286,1411.3480414449798,20.89221469509625,0.0,0.0,0.0,0,0,0,0.0,0.0,0.0,0.0,0.0,0,0
1180.1265773010464,448.2028325964311,21.09047995583375,0.0,0.0,0.0,0,0,0,0.0,0.0,0.0,0.0,0.0,0,0
648.3999468665874,1093.1463157010076,21.45325395754319,0.0,0.0,0.0,0,0,0,0.0,0.0,0.0,0.0,0.0,0,0
268.9169663380496,562.6000187683081,21.05064198016546,0.0,0.0,0.0,0,0,0,0.0,0.0,0.0,0.0,0.0,0,0
1284.2268420173286,340.5824855543227,21.90726008446299,0.0,0.0,0.0,0,0,0,0.0,0.0,0.0,0.0,0.0,0,0
258.2405371440609,471.8179059817352,21.05064198016546,0.0,0.0,0.0,0,0,0,0.0,0.0,0.0,0.0,0.0,0,0
1019.267059271828,437.33222201576723,21.29107368585003,0.0,0.0,0.0,0,0,0,0.0,0.0,0.0,0.0,0.0,0,0
1411.3480414449798,1411.3480414449798,20.89221469509625,0.0,0.0,0.0,0,0,0,0.0,0.0,0.0,0.0,0.0,0,0
1284.2268420173286,437.33222201576723,20.97124408445338,0.0,0.0,0.0,0,0,0,0.0,0.0,0.0,0.0,0.0,0,0
581.6409617069837,448.2028325964311,20.502503202851024,0.0,0.0,0.0,0,0,0,0.0,0.0,0.0,0.0,0.0,0,0
1411.3480414449798,544.8761250677193,20.696236055220425,0.0,0.0,0.0,0.3,0,0,0.3,0.0,0.0,0.0,0.0,0,0
276.5725757314533,703.2691653992177,20.084001131964996,0.007030294291072926,3.7852717090438502e-06,0.0010768457724644517,0.3,0,0,0.29296970570892705,-3.7852717090438502e-06,-0.0010768457724644517,-0.0069547007368844045,-0.0071058898833384135,0,0
648.3999468665874,272.6876389629632,20.009024843758404,0.02955726813344725,0.0001008181780056948,0.007537920407251149,0.3,0,0,0.27044273186655277,-0.0001008181780056948,-0.007537920407251149,-0.029028316119169686,-0.030086640144347747,0,0
1411.3480414449798,1019.267059271828,20.81355115370998,0.060095705017891674,0.0004296827563481124,0.013998995042037846,0.3,0,0,0.2399042949821083,-0.0004296827563481124,-0.013998995042037846,-0.05911495626351744,-0.06108041516741955,0,0
448.2028325964311,200.75362703878065,19.457286087701,0.08458515163410382,0.0008252875184782468,0.018306378131895604,0.3,0,0,0.21541484836589617,-0.0008252875184782468,-0.018306378131895604,-0.08330521969615885,-0.08587543518587698,0,0
648.3999468665874,528.3325926770696,20.735250827891868,0.11474073677805222,0.0014586024355221936,0.023690606994217857,0.3,0,0,0.18525926322194777,-0.0014586024355221936,-0.023690606994217857,-0.11308948154759858,-0.11641564276958676,0,0
1411.3480414449798,624.3377665398167,20.89221469509625,0.14413679226279355,0.0022343303680227218,0.02907483585654011,0.3,0,0,0.15586320773720644,-0.0022343303680227218,-0.02907483585654011,-0.14211779766676827,-0.1461999046210265,0,0
1284.2268420173286,1019.267059271828,20.774355752373964,0.17239441088488966,0.003147520984601134,0.03553591049132681,0.3,0,0,0.12760558911511033,-0.003147520984601134,-0.03553591049132681,-0.16993660061430588,-0.17492584244728818,0,0
1411.3480414449798,340.5824855543227,20.931683493242176,0.1994380488985004,0.004167267836887771,0.039843293581184616,0.3,0,0,0.1005619511014996,-0.004167267836887771,-0.039843293581184616,-0.19669707953666543,-0.20229107795546378,0,0
1284.2268420173286,1411.3480414449798,20.852837358537094,0.22458827295997985,0.005237688513594893,0.04522752244350687,0.3,0,0,0.07541172704002014,-0.005237688513594893,-0.04522752244350687,-0.22149209955512286,-0.22784204370619127,0,0
769.566351540633,602.1580731583105,20.89221469509625,0.24346570670227158,0.006132794172829779,0.049534905533364676,0.3,0,0,0.05653429329772841,-0.006132794172829779,-0.049534905533364676,-0.24008836456896593,-0.24704306530585038,0,0
1411.3480414449798,1411.3480414449798,20.696236055220425,0.2649819824052916,0.007234316242806611,0.052765442850758015,0.3,0,0,0.035018017594708406,-0.007234316242806611,-0.052765442850758015,-0.2614060342189812,-0.26881430239522763,0,0
1284.2268420173286,346.8640580657511,20.97124408445338,0.2818896370412226,0.008163804668214994,0.05707282594061582,0.3,0,0,0.018110362958777382,-0.008163804668214994,-0.05707282594061582,-0.2780368403289221,-0.2860498650909846,0,0
769.566351540633,346.8640580657511,20.774355752373964,0.2944171261872326,0.008893096239833748,0.05922651748554472,0.3,0,0,0.005582873812767397,-0.008893096239833748,-0.05922651748554472,-0.29043435033815085,-0.2987497533931214,0,0
769.566351540633,528.3325926770696,20.65731111090045,0.302491304162026,0.009376224362156469,0.06030336325800918,0.3,0,0,-0.0024913041620260312,-0.009376224362156469,-0.06030336325800918,-0.2984473751002133,-0.30691396730163784,0,0
769.566351540633,312.50933522689996,20.735250827891868,0.30739585974647915,0.009674995030580232,0.061380209030473636,0.3,0,0,-0.007395859746479161,-0.009674995030580232,-0.061380209030473636,-0.30328542778674156,-0.3119032091346201,0,0
399.01729906632625,1180.1265773010464,20.65731111090045,0.3083770191468416,0.00973052346304794,0.05168859707829358,0.3,0,0,-0.008377019146841636,-0.00973052346304794,-0.05168859707829358,-0.30494850839773563,-0.31220558742752813,0,0
1093.1463157010076,808.2350827585409,20.89221469509625,0.3083770191468416,0.00973052346304794,0.05168859707829358,0.3,0,0,-0.008377019146841636,-0.00973052346304794,-0.05168859707829358,-0.30494850839773563,-0.31220558742752813,0,0
734.7683303247097,1019.267059271828,20.65731111090045,0.3083770191468416,0.00973052346304794,0.05168859707829358,0.3,0,0,-0.008377019146841636,-0.00973052346304794,-0.05168859707829358,-0.30494850839773563,-0.31220558742752813,0,0
624.3377665398167,382.4520830402873,19.712466909449226,0.3083770191468416,0.00973052346304794,0.05168859707829358,0.3,0,0,-0.008377019146841636,-0.00973052346304794,-0.05168859707829358,-0.30494850839773563,-0.31220558742752813,0,0
1284.2268420173286,602.1580731583105,20.735250827891868,0.3083770191468416,0.00973052346304794,0.05168859707829358,0.3,0,0,-0.008377019146841636,-0.00973052346304794,-0.05168859707829358,-0.30494850839773563,-0.31220558742752813,0,0
1284.2268420173286,258.2405371440609,20.65731111090045,0.3083770191468416,0.00973052346304794,0.05168859707829358,0.3,0,0,-0.008377019146841636,-0.00973052346304794,-0.05168859707829358,-0.30494850839773563,-0.31220558742752813,0,0
1284.2268420173286,223.1819809443389,21.09047995583375,0.3083770191468416,0.00973052346304794,0.05168859707829358,0.3,0,0,-0.008377019146841636,-0.00973052346304794,-0.05168859707829358,-0.30494850839773563,-0.31220558742752813,0,0
1284.2268420173286,334.5408252723781,20.696236055220425,0.3083015234426205,0.009726658473328723,0.05061175130582913,0.3,0,0,-0.008301523442620529,-0.009726658473328723,-0.05061175130582913,-0.30494850839773563,-0.3120543982810741,0,0
900.238757316699,512.8513118946122,20.81355115370998,0.3083015234426205,0.009726658473328723,0.05061175130582913,0.3,0,0,-0.008301523442620529,-0.009726658473328723,-0.05061175130582913,-0.30494850839773563,-0.3120543982810741,0,0
1284.2268420173286,374.71408913910363,20.464022603165645,0.3083015234426205,0.009726658473328723,0.05061175130582913,0.3,0,0,-0.008301523442620529,-0.009726658473328723,-0.05061175130582913,-0.30494850839773563,-0.3120543982810741,0,0
1411.3480414449798,851.4899528953961,20.464022603165645,0.3083015234426205,0.009726658473328723,0.05061175130582913,0.3,0,0,-0.008301523442620529,-0.009726658473328723,-0.05061175130582913,-0.30494850839773563,-0.3120543982810741,0,0
769.566351540633,624.3377665398167,20.696236055220425,0.3083015234426205,0.009726658473328723,0.05061175130582913,0.3,0,0,-0.008301523442620529,-0.009726658473328723,-0.05061175130582913,-0.30494850839773563,-0.3120543982810741,0,0
1284.2268420173286,734.7683303247097,20.81355115370998,0.3083015234426205,0.009726658473328723,0.05061175130582913,0.3,0,0,-0.008301523442620529,-0.009726658473328723,-0.05061175130582913,-0.30494850839773563,-0.3120543982810741,0,0
648.3999468665874,448.2028325964311,20.121616418144527,0.3083015234426205,0.009726658473328723,0.05061175130582913,0.3,0,0,-0.008301523442620529,-0.009726658473328723,-0.05061175130582913,-0.30494850839773563,-0.3120543982810741,0,0
808.2350827585409,258.2405371440609,20.81355115370998,0.3083015234426205,0.009726658473328723,0.05061175130582913,0.3,0,0,-0.008301523442620529,-0.009726658473328723,-0.05061175130582913,-0.30494850839773563,-0.3120543982810741,0,0
1284.2268420173286,1180.1265773010464,20.774355752373964,0.3083015234426205,0.009726658473328723,0.05061175130582913,0.3,0,0,-0.008301523442620529,-0.009726658473328723,-0.05061175130582913,-0.30494850839773563,-0.3120543982810741,0,0
1411.3480414449798,427.0195773074906,20.81355115370998,0.3083015234426205,0.009726658473328723,0.05061175130582913,0.3,0,0,-0.008301523442620529,-0.009726658473328723,-0.05061175130582913,-0.30494850839773563,-0.3120543982810741,0,0
648.3999468665874,367.3069052663625,20.121616418144527,0.3083015234426205,0.009726658473328723,0.05061175130582913,0.3,0,0,-0.008301523442620529,-0.009726658473328723,-0.05061175130582913,-0.30494850839773563,-0.3120543982810741,0,0
276.5725757314533,382.4520830402873,20.23497444201862,0.3083015234426205,0.009726658473328723,0.05061175130582913,0.3,0,0,-0.008301523442620529,-0.009726658473328723,-0.05061175130582913,-0.30494850839773563,-0.3120543982810741,0,0
1284.2268420173286,390.5444991736698,20.852837358537094,0.3083015234426205,0.009726658473328723,0.05061175130582913,0.3,0,0,-0.008301523442620529,-0.009726658473328723,-0.05061175130582913,-0.30494850839773563,-0.3120543982810741,0,0
