FDist,LDist,RDist,XEst,YEst,ThetaEst,XDes,YDes,ThetaDes,XError,YError,ThetaError,SL,SR,RW,LW
97.14019014961423,1411.3480414449798,26.553939227512814,0.0,0.0,0.0,0,0,0,0.0,0.0,0.0,0.0,0.0,0,0
107.45140018288424,1411.3480414449798,26.87940715229901,0.0,0.0,0.0,0,0,0,0.0,0.0,0.0,0.0,0.0,0,0
89.36420701132127,648.3999468665874,26.075716529157752,0.0,0.0,0.0,0,0,0,0.0,0.0,0.0,0.0,0.0,0,0
118.73212177360972,900.238757316699,27.154814473847836,0.0,0.0,0.0,0,0,0,0.0,0.0,0.0,0.0,0.0,0,0
80.66556470717478,459.67991945810627,26.33993847596105,0.0,0.0,0.0,0,0,0,0.0,0.0,0.0,0.0,0.0,0,0
100.02692680886574,280.5772654118684,25.30418426932561,0.0,0.0,0.0,0,0,0,0.0,0.0,0.0,0.0,0.0,0,0
106.32612268515561,1411.3480414449798,26.989108340162986,0.0,0.0,0.0,0,0,0,0.0,0.0,0.0,0.0,0.0,0,0
101.5330368193872,1411.3480414449798,26.934181235571288,0.0,0.0,0.0,0,0,0,0.0,0.0,0.0,0.0,0.0,0,0
107.45140018288424,1411.3480414449798,26.934181235571288,0.0,0.0,0.0,0,0,0,0.0,0.0,0.0,0.0,0.0,0,0
88.18202887947652,1411.3480414449798,26.989108340162986,0.0,0.0,0.0,0,0,0,0.0,0.0,0.0,0.0,0.0,0,0
96.67455639633857,581.6409617069837,26.23381622464695,0.0,0.0,0.0,0,0,0,0.0,0.0,0.0,0.0,0.0,0,0
115.37236097408694,562.6000187683081,25.609067445845334,0.0,0.0,0.0,0,0,0,0.0,0.0,0.0,0.0,0.0,0,0
