FDist,LDist,RDist,XEst,YEst,ThetaEst,XDes,YDes,ThetaDes,XError,YError,ThetaError,SL,SR,RW,LW
1411.3480414449798,734.7683303247097,21.09047995583375,0.0,0.0,0.0,0,0,0,0.0,0.0,0.0,0.0,0.0,0,0
1411.3480414449798,1411.3480414449798,20.735250827891868,0.0,0.0,0.0,0,0,0,0.0,0.0,0.0,0.0,0.0,0,0
1284.2268420173286,734.7683303247097,20.89221469509625,0.0,0.0,0.0,0,0,0,0.0,0.0,0.0,0.0,0.0,0,0
648.3999468665874,206.97300472647143,21.05064198016546,0.0,0.0,0.0,0,0,0,0.0,0.0,0.0,0.0,0.0,0,0
1411.3480414449798,1284.2268420173286,21.699419216529087,0.0,0.0,0.0,0,0,0,0.0,0.0,0.0,0.0,0.0,0,0
1411.3480414449798,1411.3480414449798,22.033164800444176,0.0,0.0,0.0,0,0,0,0.0,0.0,0.0,0.0,0.0,0,0
1411.3480414449798,242.3065498311679,21.412565389122804,0.0,0.0,0.0,0,0,0,0.0,0.0,0.0,0.0,0.0,0,0
1284.2268420173286,284.7075611688845,20.774355752373964,0.0,0.0,0.0,0,0,0,0.0,0.0,0.0,0.0,0.0,0,0
302.6164596847404,225.71785045590883,20.387324852120102,0.0,0.0,0.0,0,0,0,0.0,0.0,0.0,0.0,0.0,0,0
1284.2268420173286,302.6164596847404,21.494038780723614,0.0,0.0,0.0,0,0,0,0.0,0.0,0.0,0.0,0.0,0,0
284.7075611688845,302.6164596847404,20.97124408445338,0.0,0.0,0.0,0,0,0,0.0,0.0,0.0,0.0,0.0,0,0
1093.1463157010076,851.4899528953961,21.250766618660897,0.0,0.0,0.0,0,0,0,0.0,0.0,0.0,0.0,0.0,0,0
448.2028325964311,328.72509627198025,19.823053641380127,0.0,0.0,0.0,0,0,0,0.0,0.0,0.0,0.0,0.0,0,0
1411.3480414449798,276.5725757314533,21.412565389122804,0.0,0.0,0.0,0,0,0,0.0,0.0,0.0,0.0,0.0,0,0
1284.2268420173286,261.6981137825328,21.09047995583375,0.0,0.0,0.0,0,0,0,0.0,0.0,0.0,0.0,0.0,0,0
1411.3480414449798,353.40072554933454,21.210554056051848,0.0,0.0,0.0,0,0,0,0.0,0.0,0.0,0.0,0.0,0,0
648.3999468665874,174.67928447558052,21.05064198016546,0.0,0.0,0.0,0,0,0,0.0,0.0,0.0,0.0,0.0,0,0
648.3999468665874,297.9167592848756,20.931683493242176,0.0,0.0,0.0,0,0,0,0.0,0.0,0.0,0.0,0.0,0,0
648.3999468665874,602.1580731583105,20.89221469509625,0.0,0.0,0.0,0,0,0,0.0,0.0,0.0,0.0,0.0,0,0
399.01729906632625,1411.3480414449798,21.371972721925673,0.0,0.0,0.0,0,0,0,0.0,0.0,0.0,0.0,0.0,0,0
1411.3480414449798,382.4520830402873,21.250766618660897,0.0,0.0,0.0,0.3,0,0,0.3,0.0,0.0,0.0,0.0,0,0
242.3065498311679,288.9697116820819,19.897191673617044,0.007408268176246431,0.0,0.0,0.3,0,0,0.29259173182375353,0.0,0.0,-0.007408268176246431,-0.007408268176246431,0,0
1411.3480414449798,1284.2268420173286,21.33147560417641,0.03016215226316458,6.12562076998131e-05,0.005384228862322202,0.3,0,0,0.2698378477368354,-6.12562076998131e-05,-0.005384228862322202,-0.029784261851439734,-0.03054020758370977,0,0
1411.3480414449798,851.4899528953961,21.210554056051848,0.054729587306178676,0.0002596755610872589,0.010768457724644454,0.3,0,0,0.24527041269382133,-0.0002596755610872589,-0.010768457724644454,-0.05397452528408114,-0.055486416748621224,0,0
1180.1265773010464,437.33222201576723,21.130411066922797,0.08541797676036957,0.0006893102387072227,0.01722953235943115,0.3,0,0,0.21458202323963044,-0.0006893102387072227,-0.01722953235943115,-0.08421235457488291,-0.08663138091814704,0,0
120.13062066766372,1411.3480414449798,20.387324852120102,0.11595179228094987,0.0013141214191872942,0.023690606994217846,0.3,0,0,0.18404820771905012,-0.0013141214191872942,-0.023690606994217846,-0.11429899471923066,-0.11762515594121883,0,0
123.02757911911826,498.3296704628293,20.272932179340643,0.14542299301646572,0.002107711594121973,0.03015168162900457,0.3,0,0,0.15457700698353427,-0.002107711594121973,-0.03015168162900457,-0.14332731083840033,-0.14756060693911258,0,0
112.19442975602797,382.4520830402873,20.502503202851024,0.17375566966432193,0.003038598992571081,0.03553591049132682,0.3,0,0,0.12624433033567806,-0.003038598992571081,-0.03553591049132682,-0.17129730293239195,-0.17628654476537425,0,0
112.19442975602797,602.1580731583105,18.9235488562729,0.20102537273400126,0.004081573992244551,0.040920139353649077,0.3,0,0,0.09897462726599873,-0.004081573992244551,-0.040920139353649077,-0.19820897100120552,-0.20395415856645788,0,0
110.97077873540402,360.20900612823414,19.602617680935374,0.22625054126769115,0.005168791110441363,0.045227522443506835,0.3,0,0,0.07374945873230884,-0.005168791110441363,-0.045227522443506835,-0.22315518016611696,-0.22950512431718537,0,0
100.52415418066585,268.9169663380496,19.529790810708228,0.24943261837196676,0.006255499257239445,0.048458059760900195,0.3,0,0,0.05056738162803323,-0.006255499257239445,-0.048458059760900195,-0.24613593042712628,-0.25293944201755675,0,0
100.52415418066585,602.1580731583105,19.313234243315314,0.2701178681364762,0.007325644006764463,0.054919134395686894,0.3,0,0,0.029882131863523786,-0.007325644006764463,-0.054919134395686894,-0.26639527605196345,-0.274105922521118,0,0
80.66556470717478,202.78305134967044,19.134942493208065,0.2867215957734462,0.00827429590486466,0.05922651748554467,0.3,0,0,0.013278404226553797,-0.00827429590486466,-0.05922651748554467,-0.2827237038689964,-0.29103910692396695,0,0
116.02925942608664,808.2350827585409,20.197102771620948,0.2984929135458404,0.008985007665515533,0.06138020903047355,0.3,0,0,0.0015070864541595896,-0.008985007665515533,-0.06138020903047355,-0.2943652681459551,-0.30298304949383364,0,0
106.88588226030939,459.67991945810627,19.93438562175379,0.3062642334554692,0.009466813053895422,0.06245705480293799,0.3,0,0,-0.006264233455469226,-0.009466813053895422,-0.06245705480293799,-0.3020759146151095,-0.3108448851094421,0,0
111.57932338755117,900.238757316699,19.897191673617044,0.30996175421028116,0.009688058642622649,0.05707282594061574,0.3,0,0,-0.00996175421028117,-0.009688058642622649,-0.05707282594061574,-0.3061580215693678,-0.3141710463314303,0,0
106.32612268515561,1284.2268420173286,19.823053641380127,0.30996175421028116,0.009688058642622649,0.05707282594061574,0.3,0,0,-0.00996175421028117,-0.009688058642622649,-0.05707282594061574,-0.3061580215693678,-0.3141710463314303,0,0
104.1428794944386,312.50933522689996,19.97166324722388,0.30996175421028116,0.009688058642622649,0.05707282594061574,0.3,0,0,-0.00996175421028117,-0.009688058642622649,-0.05707282594061574,-0.3061580215693678,-0.3141710463314303,0,0
110.36868736531008,254.878386734463,19.97166324722388,0.30996175421028116,0.009688058642622649,0.05707282594061574,0.3,0,0,-0.00996175421028117,-0.009688058642622649,-0.05707282594061574,-0.3061580215693678,-0.3141710463314303,0,0
88.5727896902875,562.6000187683081,19.602617680935374,0.30996175421028116,0.009688058642622649,0.05707282594061574,0.3,0,0,-0.00996175421028117,-0.009688058642622649,-0.05707282594061574,-0.3061580215693678,-0.3141710463314303,0,0
112.81620876492863,1180.1265773010464,20.197102771620948,0.30996175421028116,0.009688058642622649,0.05707282594061574,0.3,0,0,-0.00996175421028117,-0.009688058642622649,-0.05707282594061574,-0.3061580215693678,-0.3141710463314303,0,0
101.02616679983112,498.3296704628293,19.38510129674627,0.30996175421028116,0.009688058642622649,0.05707282594061574,0.3,0,0,-0.00996175421028117,-0.009688058642622649,-0.05707282594061574,-0.3061580215693678,-0.3141710463314303,0,0
110.36868736531008,382.4520830402873,19.897191673617044,0.30996175421028116,0.009688058642622649,0.05707282594061574,0.3,0,0,-0.00996175421028117,-0.009688058642622649,-0.05707282594061574,-0.3061580215693678,-0.3141710463314303,0,0
108.02276929750369,276.5725757314533,19.897191673617044,0.30996175421028116,0.009688058642622649,0.05707282594061574,0.3,0,0,-0.00996175421028117,-0.009688058642622649,-0.05707282594061574,-0.3061580215693678,-0.3141710463314303,0,0
111.57932338755117,382.4520830402873,20.197102771620948,0.30996175421028116,0.009688058642622649,0.05707282594061574,0.3,0,0,-0.00996175421028117,-0.009688058642622649,-0.05707282594061574,-0.3061580215693678,-0.3141710463314303,0,0
88.18202887947652,334.5408252723781,19.93438562175379,0.30996175421028116,0.009688058642622649,0.05707282594061574,0.3,0,0,-0.00996175421028117,-0.009688058642622649,-0.05707282594061574,-0.3061580215693678,-0.3141710463314303,0,0
108.6000844939372,437.33222201576723,20.272932179340643,0.30996175421028116,0.009688058642622649,0.05707282594061574,0.3,0,0,-0.00996175421028117,-0.009688058642622649,-0.05707282594061574,-0.3061580215693678,-0.3141710463314303,0,0
108.02276929750369,955.6520228707801,19.97166324722388,0.30996175421028116,0.009688058642622649,0.05707282594061574,0.3,0,0,-0.00996175421028117,-0.009688058642622649,-0.05707282594061574,-0.3061580215693678,-0.3141710463314303,0,0
94.40905615911757,268.9169663380496,18.853694991318818,0.30996175421028116,0.009688058642622649,0.05707282594061574,0.3,0,0,-0.00996175421028117,-0.009688058642622649,-0.05707282594061574,-0.3061580215693678,-0.3141710463314303,0,0
110.36868736531008,900.238757316699,20.046470706490737,0.30996175421028116,0.009688058642622649,0.05707282594061574,0.3,0,0,-0.00996175421028117,-0.009688058642622649,-0.05707282594061574,-0.3061580215693678,-0.3141710463314303,0,0
106.88588226030939,1284.2268420173286,20.541072037014736,0.30996175421028116,0.009688058642622649,0.05707282594061574,0.3,0,0,-0.00996175421028117,-0.009688058642622649,-0.05707282594061574,-0.3061580215693678,-0.3141710463314303,0,0
88.5727896902875,390.5444991736698,19.897191673617044,0.30996175421028116,0.009688058642622649,0.05707282594061574,0.3,0,0,-0.00996175421028117,-0.009688058642622649,-0.05707282594061574,-0.3061580215693678,-0.3141710463314303,0,0
107.45140018288424,1180.1265773010464,20.65731111090045,0.30996175421028116,0.009688058642622649,0.05707282594061574,0.3,0,0,-0.00996175421028117,-0.009688058642622649,-0.05707282594061574,-0.3061580215693678,-0.3141710463314303,0,0
146.92774685951784,734.7683303247097,21.05064198016546,0.30996175421028116,0.009688058642622649,0.05707282594061574,0.3,0,0,-0.00996175421028117,-0.009688058642622649,-0.05707282594061574,-0.3061580215693678,-0.3141710463314303,0,0
1284.2268420173286,206.97300472647143,21.90726008446299,0.30996175421028116,0.009688058642622649,0.05707282594061574,0.3,0,0,-0.00996175421028117,-0.009688058642622649,-0.05707282594061574,-0.3061580215693678,-0.3141710463314303,0,0
1284.2268420173286,624.3377665398167,21.412565389122804,0.30996175421028116,0.009688058642622649,0.05707282594061574,0.3,0,0,-0.00996175421028117,-0.009688058642622649,-0.05707282594061574,-0.3061580215693678,-0.3141710463314303,0,0
