FDist,LDist,RDist,XEst,YEst,ThetaEst,XDes,YDes,ThetaDes,XError,YError,ThetaError,SL,SR,RW,LW
33.5384100204288,47.14070323672423,56.0199058821893,0.0,0.0,0.0,0,0,0,0,0,0,0.0,0.0,0,0
33.99309161106534,47.01299362275322,57.41934790708907,0.0,0.0,0.0,0,0,0,0,0,0,0.0,0.0,0,0
33.613559426012365,47.14070323672423,57.41934790708907,0.0,0.0,0.0,0,0,0,0,0,0,0.0,0.0,0,0
33.68895942661416,47.14070323672423,57.41934790708907,0.0,0.0,0.0,0,0,0,0,0,0,0.0,0.0,0,0
33.613559426012365,44.69032492014681,56.19159937776923,0.0,0.0,0.0,0,0,0,0,0,0,0.0,0.0,0,0
33.68895942661416,47.26898596692454,57.2411266723497,0.0,0.0,0.0,0,0,0,0,0,0,0.0,0.0,0,0
32.800418117764416,47.65731322735808,48.18335473866846,0.0,0.0,0.0,0,0,0,0,0,0,0.0,0.0,0,0
33.01927315595455,44.45675008456414,54.18923313555184,0.0,0.0,0.0,0,0,0,0,0,0,0.0,0.0,0,0
33.613559426012365,47.14070323672423,56.0199058821893,0.0,0.0,0.0,0,0,0,0,0,0,0.0,0.0,0,0
33.68895942661416,46.88585314489331,56.0199058821893,0.0,0.0,0.0,0,0,0,0,0,0,0.0,0.0,0,0
32.800418117764416,45.52376917564831,51.852303182374264,0.0,0.0,0.0,0,0,0,0,0,0,0.0,0.0,0,0
33.5384100204288,47.14070323672423,56.19159937776923,0.0,0.0,0.0,0,0,0,0,0,0,0.0,0.0,0,0
33.5384100204288,47.14070323672423,56.36420238587991,0.0,0.0,0.0,0,0,0,0,0,0,0.0,0.0,0,0
33.092704166817725,47.397845831374006,56.36420238587991,0.0,0.0,0.0,0,0,0,0,0,0,0.0,0.0,0,0
33.092704166817725,47.14070323672423,56.19159937776923,0.0,0.0,0.0,0,0,0,0,0,0,0.0,0.0,0,0
33.31445246435527,47.14070323672423,56.19159937776923,0.0,0.0,0.0,0,0,0,0,0,0,0.0,0.0,0,0
33.01927315595455,47.26898596692454,56.19159937776923,0.0,0.0,0.0,0,0,0,0,0,0,0.0,0.0,0,0
30.461639058159932,45.52376917564831,54.842902515546676,0.0,0.0,0.0,0,0,0,0,0,0,0.0,0.0,0,0
33.092704166817725,47.14070323672423,56.36420238587991,0.0,0.0,0.0,0,0,0,0,0,0,0.0,0.0,0,0
33.240292574490965,47.14070323672423,57.41934790708907,0.0,0.0,0.0,0,0,0,0,0,0,0.0,0.0,0,0
33.16637689226863,47.14070323672423,55.84911445261101,0.0,0.0,0.0,0,0,0,0,0,0,0.0,0.0,0,0
32.72794171450513,43.76776822876407,54.842902515546676,0.0,0.0,0.0,0,0,0,0,0,0,0.0,0.0,0,0
33.68895942661416,47.14070323672423,57.41934790708907,0.0,0.0,0.0,0,0,0,0,0,0,0.0,0.0,0,0
33.68895942661416,47.397845831374006,56.19159937776923,0.0,0.0,0.0,0,0,0,0,0,0,0.0,0.0,0,0
33.91667609118619,47.397845831374006,56.19159937776923,0.0,0.0,0.0,0,0,0,0,0,0,0.0,0.0,0,0
33.5384100204288,47.14070323672423,56.887544214014945,0.0,0.0,0.0,0.6719999999999999,-0.6299999999999999,0,0,0,0,0.0,0.0,0,0
33.613559426012365,47.26898596692454,56.19159937776923,0.0,0.0,0.0,0.6719999999999999,-0.6299999999999999,0,0,0,0,0.0,0.0,0,0
33.613559426012365,47.14070323672423,56.19159937776923,0.0,0.0,0.0,0.6719999999999999,-0.6299999999999999,0,0,0,0,0.0,0.0,0,0
33.68895942661416,47.397845831374006,56.19159937776923,0.0,0.0,0.0,0.6719999999999999,-0.6299999999999999,0,0,0,0,0.0,0.0,0,0
33.092704166817725,47.01299362275322,56.0199058821893,0.0,0.0,0.0,0.6719999999999999,-0.6299999999999999,0,0,0,0,0.0,0.0,0,0
33.46350991438838,47.01299362275322,56.19159937776923,0.0,0.0,0.0,0.6719999999999999,-0.6299999999999999,0,0,0,0,0.0,0.0,0,0
33.68895942661416,47.26898596692454,57.2411266723497,0.0,0.0,0.0,0.6719999999999999,-0.6299999999999999,0,0,0,0,0.0,0.0,0,0
31.530946491144263,43.31797937953491,51.25784283159802,0.0,0.0,0.0,0.6719999999999999,-0.6299999999999999,0,0,0,0,0.0,0.0,0,0
33.092704166817725,47.01299362275322,56.36420238587991,0.0,0.0,0.0,0.6719999999999999,-0.6299999999999999,0,0,0,0,0.0,0.0,0,0
29.56820969111582,43.88139400932728,52.766140948375714,0.0,0.0,0.0,0.6719999999999999,-0.6299999999999999,0,0,0,0,0.0,0.0,-64,-64
33.68895942661416,46.50780728590231,56.887544214014945,-0.0033261438654764316,1.0745269261006713e-05,-0.006461074634786703,0.6719999999999999,-0.6299999999999999,0,0,0,0,0.0028725937826261667,0.00377972866135022,-64,-64
38.26408367033017,47.14070323672423,57.77869068170988,-0.03370415077746969,0.0008287536034244463,-0.0473812139884358,0.6719999999999999,-0.6299999999999999,0,0,0,0,0.03038901843725577,0.037041340881232156,-64,-64
39.10299164548677,46.3829042936969,59.635598880684206,-0.07389190335635491,0.0023441316073811273,-0.02799799008407573,0.6719999999999999,-0.6299999999999999,0,0,0,0,0.07196603371210819,0.07589695151991241,-64,-64
46.01147903511478,46.3829042936969,63.89502910136053,-0.11837884723196523,0.004189553771573959,-0.054919134395686936,0.6719999999999999,-0.6299999999999999,0,0,0,0,0.11460137301213867,0.12231201948129311,0,0
65.6618596686084,42.22546365252094,72.05879380612686,-0.15357642934884494,0.005630648177104141,-0.026921144311611255,0.6719999999999999,-0.6299999999999999,0,0,0,0,0.15179390303982482,0.15557363170117505,0,0
63.043003529206196,43.654616942576325,84.08878225753256,-0.1538786980743374,0.005638787563513727,-0.026921144311611255,0.6719999999999999,-0.6299999999999999,0,0,0,0,0.15209628133273284,0.15587600999408308,0,0
63.043003529206196,43.654616942576325,78.10859556029456,-0.1538786980743374,0.005638787563513727,-0.026921144311611255,0.6719999999999999,-0.6299999999999999,0,0,0,0,0.15209628133273284,0.15587600999408308,-64,-64
53.23336332033228,43.654616942576325,87.41019065628254,-0.1649872331803965,0.0059319289673121275,-0.025844298539146784,0.6719999999999999,-0.6299999999999999,0,0,0,0,0.1632842781703295,0.16691281768522573,-64,-64
101.02616679983112,44.22514953619365,112.81620876492863,-0.21000187241744295,0.007823520328638152,-0.058149671713080345,0.6719999999999999,-0.6299999999999999,0,0,0,0,0.20607080661681398,0.2142350205253305,0,0
498.3296704628293,43.20669553443567,242.3065498311679,-0.24543043002081966,0.010499166418370268,-0.09260873643194276,0.6719999999999999,-0.6299999999999999,0,0,0,0,0.23918122969024191,0.2521834962852867,0,0
1284.2268420173286,44.92590039496099,179.3202830877122,-0.24550569688696852,0.010506197660188107,-0.0936855822044072,0.6719999999999999,-0.6299999999999999,0,0,0,0,0.23918122969024191,0.2523346854317407,0,0
177.7453057985956,43.88139400932728,185.91929651913173,-0.24550569688696852,0.010506197660188107,-0.0936855822044072,0.6719999999999999,-0.6299999999999999,0,0,0,0,0.23918122969024191,0.2523346854317407,0,0
1411.3480414449798,44.92590039496099,187.6483042942066,-0.24550569688696852,0.010506197660188107,-0.0936855822044072,0.6719999999999999,-0.6299999999999999,0,0,0,0,0.23918122969024191,0.2523346854317407,0,0
288.9697116820819,45.04444673804966,171.72011046907937,-0.24550569688696852,0.010506197660188107,-0.0936855822044072,0.6719999999999999,-0.6299999999999999,0,0,0,0,0.23918122969024191,0.2523346854317407,0,0
225.71785045590883,43.654616942576325,312.50933522689996,-0.24550569688696852,0.010506197660188107,-0.0936855822044072,0.6719999999999999,-0.6299999999999999,0,0,0,0,0.23918122969024191,0.2523346854317407,0,0
1411.3480414449798,43.20669553443567,173.18670720903205,-0.24550569688696852,0.010506197660188107,-0.0936855822044072,0.6719999999999999,-0.6299999999999999,0,0,0,0,0.23918122969024191,0.2523346854317407,64,64
498.3296704628293,43.9954973922686,225.71785045590883,-0.23625266303089446,0.009591521447193494,-0.10337719415658725,0.6719999999999999,-0.6299999999999999,0,0,0,0,0.22920274602427734,0.2437169040838622,64,64
209.13650375320472,45.88875276428319,198.76603234393832,-0.20860813230642117,0.006482547587930468,-0.12060672651601842,0.6719999999999999,-0.6299999999999999,0,0,0,0,0.20017442990510764,0.21710761430795666,64,64
64.54756552171673,46.3829042936969,170.27879631253745,-0.17198595725367247,0.0020441256362920797,-0.12060672651601842,0.6719999999999999,-0.6299999999999999,0,0,0,0,0.1632842781703295,0.18021746257317853,64,64
53.548770921812995,47.919138344411984,126.06628950603962,-0.13521369131956004,-0.002412486569246466,-0.12060672651601842,0.6719999999999999,-0.6299999999999999,0,0,0,0,0.12624293728909736,0.14317612169194638,64,64
46.88585314489331,48.584237987391454,61.397967211159504,-0.09859151626681134,-0.0068509085208848545,-0.12060672651601842,0.6719999999999999,-0.6299999999999999,0,0,0,0,0.08935278555431922,0.10628596995716824,64,64
41.906294265999335,49.96147607113843,53.07684344785989,-0.057408330407673555,-0.010563973583337492,-0.05922651748554481,0.6719999999999999,-0.6299999999999999,0,0,0,0,0.052311444673087064,0.06062684772805759,64,64
35.01040148158687,48.18335473866846,52.153917529280825,-0.01274061882181985,-0.013309135416846222,-0.06353390057540265,0.6719999999999999,-0.6299999999999999,0,0,0,0,0.007257079029792446,0.016177238670579012,64,64
22.720324710149534,50.24476518910293,88.5727896902875,0.039507533644789025,-0.01804817657611521,-0.11737618919862511,0.6719999999999999,-0.6299999999999999,0,0,0,0,-0.04898528345109882,-0.03250566648761182,64,64
26.60780897647566,49.68085184346885,78.419964244608,0.08758497838300341,-0.023455087635703083,-0.1066077314739806,0.6719999999999999,-0.6299999999999999,0,0,0,0,-0.0966098645841116,-0.08164213908516468,0,0
24.514455284677474,52.153917529280825,80.99613175561399,0.1222604767256051,-0.027619698544692234,-0.13245203001312744,0.6719999999999999,-0.6299999999999999,0,0,0,0,-0.13334882717243574,-0.11475256215859261,0,0
24.037345561355124,51.25784283159802,72.86976705815192,0.1224103200252753,-0.027639826722688176,-0.13460572155805633,0.6719999999999999,-0.6299999999999999,0,0,0,0,-0.13365120546534376,-0.11475256215859261,0,0
23.61828058878553,51.11102239631034,78.419964244608,0.1224103200252753,-0.027639826722688176,-0.13460572155805633,0.6719999999999999,-0.6299999999999999,0,0,0,0,-0.13365120546534376,-0.11475256215859261,0,0
22.202459096284322,49.40285364503735,67.51788505098841,0.1224103200252753,-0.027639826722688176,-0.13460572155805633,0.6719999999999999,-0.6299999999999999,0,0,0,0,-0.13365120546534376,-0.11475256215859261,0,0
23.99030640367822,51.11102239631034,75.11601708077,0.1224103200252753,-0.027639826722688176,-0.13460572155805633,0.6719999999999999,-0.6299999999999999,0,0,0,0,-0.13365120546534376,-0.11475256215859261,0,0
23.66437137022323,51.11102239631034,74.25900132173959,0.1224103200252753,-0.027639826722688176,-0.13460572155805633,0.6719999999999999,-0.6299999999999999,0,0,0,0,-0.13365120546534376,-0.11475256215859261,0,0
