FDist,LDist,RDist,XEst,YEst,ThetaEst,XDes,YDes,ThetaDes,XError,YError,ThetaError,SL,SR,RW,LW
152.41788953728954,17.939411375632368,66.81098138696464,0.0,0.0,0.0,0,0,0,0.0,0.0,0.0,0.0,0.0,0,0
151.28683687310368,17.613798941900477,63.680115630491734,0.0,0.0,0.0,0,0,0,0.0,0.0,0.0,0.0,0.0,0,0
174.67928447558052,18.171432816688856,65.43626790658098,0.0,0.0,0.0,0,0,0,0.0,0.0,0.0,0.0,0.0,0,0
218.28532251964043,18.373059168895537,65.43626790658098,0.0,0.0,0.0,0,0,0,0.0,0.0,0.0,0.0,0.0,0,0
198.76603234393832,18.171432816688856,64.1112337943502,0.0,0.0,0.0,0,0,0,0.0,0.0,0.0,0.0,0.0,0,0
127.64222867598318,17.646055992159724,58.32507928939602,0.0,0.0,0.0,0,0,0,0.0,0.0,0.0,0.0,0.0,0,0
276.5725757314533,17.613798941900477,64.98920973082122,0.0,0.0,0.0,0,0,0,0.0,0.0,0.0,0.0,0.0,0,0
194.9110753588243,18.3055648241262,66.5782896093539,0.0,0.0,0.0,0,0,0,0.0,0.0,0.0,0.0,0.0,0,0
143.82153882231913,18.440841606842675,67.04513494735056,0.0,0.0,0.0,0,0,0,0.0,0.0,0.0,0.0,0.0,0,0
167.46934895889862,17.613798941900477,60.99849051546361,0.0,0.0,0.0,0,0,0,0.0,0.0,0.0,0.0,0.0,0,0
209.13650375320472,17.972348463819834,64.98920973082122,0.0,0.0,0.0,0,0,0,0.0,0.0,0.0,0.0,0.0,0,0
194.9110753588243,18.3055648241262,66.81098138696464,0.0,0.0,0.0,0,0,0,0.0,0.0,0.0,0.0,0.0,0,0
512.8513118946122,18.138076919253407,66.5782896093539,0.0,0.0,0.0,0,0,0,0.0,0.0,0.0,0.0,0.0,0,0
166.09994149545804,18.104791397724426,69.47032576649053,0.0,0.0,0.0,0,0,0,0.0,0.0,0.0,0.0,0.0,0,0
151.28683687310368,18.271925091134115,66.81098138696464,0.0,0.0,0.0,0,0,0,0.0,0.0,0.0,0.0,0.0,0,0
153.56624101955603,17.775756517532926,62.417090148203904,0.0,0.0,0.0,0.3,0,0,0.3,0.0,0.0,0.0,0.0,0,0
92.66842176880655,17.358129317117793,60.01951173605402,0.0024946205548968445,1.3431609290155597e-06,0.0010768457724644517,0.3,0,0,0.29750537944510314,-1.3431609290155597e-06,-0.0010768457724644517,-0.0024190263432641405,-0.0025702154897181495,0,0
166.09994149545804,18.3055648241262,67.75651089553122,0.02985971326631658,8.974742166729817e-05,0.005384228862322258,0.3,0,0,0.2701402867336834,-8.974742166729817e-05,-0.005384228862322258,-0.029481883558531714,-0.03023782929080176,0,0
146.92774685951784,18.138076919253407,67.99665713203012,0.059718595857056786,0.00033090325116896476,0.01076845772464451,0.3,0,0,0.2402814041429432,-0.00033090325116896476,-0.01076845772464451,-0.05896376711706343,-0.06047565858160352,0,0
128.44498763419128,18.071576020988715,68.23833891011859,0.08965154754986174,0.0007177228518913505,0.015075840814502316,0.3,0,0,0.21034845245013825,-0.0007177228518913505,-0.015075840814502316,-0.08859683982204915,-0.09071348787240527,0,0
133.48121220361529,18.339276104241605,68.48157158520587,0.11897890887063894,0.0011598909819817936,0.015075840814502316,0.3,0,0,0.18102109112936104,-0.0011598909819817936,-0.015075840814502316,-0.11792753423412686,-0.12004418228448298,0,0
115.37236097408694,17.808350823217232,62.417090148203904,0.14740009532643353,0.001527174239233352,0.01076845772464451,0.3,0,0,0.15259990467356646,-0.001527174239233352,-0.01076845772464451,-0.14665347206038853,-0.14816536352492862,0,0
132.61463364415852,18.339276104241605,66.5782896093539,0.1751426240924928,0.0017213611718331042,0.003230537317393342,0.3,0,0,0.1248573759075072,-0.0017213611718331042,-0.003230537317393342,-0.17492584244728818,-0.1753794098866502,0,0
151.28683687310368,17.678380057162876,52.0027403531362,0.2010715288838586,0.0016794789881444392,-0.006461074634786716,0.3,0,0,0.09892847111614139,-0.0016794789881444392,0.006461074634786716,-0.20153513222319372,-0.20062799734446968,0,0
245.3252030939217,18.171432816688856,44.45675008456414,0.22578937421166306,0.0013999853512908253,-0.016152686586966725,0.3,0,0,0.07421062578833693,-0.0013999853512908253,0.016152686586966725,-0.2269349088274672,-0.22466707163065708,0,0
193.04122344313365,17.906543292002304,43.9954973922686,0.24868998484216723,0.000943707112069827,-0.023690606994217843,0.3,0,0,0.05131001515783276,-0.000943707112069827,0.023690606994217843,-0.25036922652783855,-0.24704306530585038,0,0
233.7026839645806,17.775756517532926,41.07371114311431,0.2693206957469956,0.0004215174346352661,-0.02692114431161118,0.3,0,0,0.030679304253004414,-0.0004215174346352661,0.02692114431161118,-0.27123332873849176,-0.2674536000771416,0,0
284.7075611688845,18.138076919253407,43.88139400932728,0.28556917323404424,4.526246279303449e-05,-0.019383223904360012,0.3,0,0,0.014430826765955751,-4.526246279303449e-05,0.019383223904360012,-0.2869569999697087,-0.28423559533353654,0,0
284.7075611688845,17.775756517532926,43.76776822876407,0.29713440361677845,-8.550978931278397e-05,-0.00323053731739327,0.3,0,0,0.002865596383221536,8.550978931278397e-05,0.00323053731739327,-0.2973890510750353,-0.2969354836356733,0,0
196.81893899271049,18.138076919253407,43.88139400932728,0.3046937908122061,-5.294841136088704e-05,0.011845303497109034,0.3,0,0,-0.004693790812206111,5.294841136088704e-05,-0.011845303497109034,-0.3038901843725577,-0.3055532649835518,0,0
353.40072554933454,18.138076919253407,41.38282267374021,0.3073394624295677,-2.5882154343830577e-05,0.008614766179715686,0.3,0,0,-0.0073394624295677335,2.5882154343830577e-05,-0.008614766179715686,-0.3067627781551839,-0.3079722913268159,0,0
194.9110753588243,18.271925091134115,39.87305607130267,0.3073394624295677,-2.5882154343830577e-05,0.008614766179715686,0.3,0,0,-0.0073394624295677335,2.5882154343830577e-05,-0.008614766179715686,-0.3067627781551839,-0.3079722913268159,0,0
312.50933522689996,17.51742772173086,39.87305607130267,0.3073394624295677,-2.5882154343830577e-05,0.008614766179715686,0.3,0,0,-0.0073394624295677335,2.5882154343830577e-05,-0.008614766179715686,-0.3067627781551839,-0.3079722913268159,0,0
129.25786434407527,17.906543292002304,46.63326386384414,0.30726387032174307,-2.6492675431176575e-05,0.007537920407251236,0.3,0,0,-0.007263870321743082,2.6492675431176575e-05,-0.007537920407251236,-0.3067627781551839,-0.3078211021803619,0,0
138.92864283985838,18.03843055896276,45.64490144276858,0.30726387032174307,-2.6492675431176575e-05,0.007537920407251236,0.3,0,0,-0.007263870321743082,2.6492675431176575e-05,-0.007537920407251236,-0.3067627781551839,-0.3078211021803619,0,0
109.77294326259755,18.071576020988715,45.766561441787665,0.30726387032174307,-2.6492675431176575e-05,0.007537920407251236,0.3,0,0,-0.007263870321743082,2.6492675431176575e-05,-0.007537920407251236,-0.3067627781551839,-0.3078211021803619,0,0
123.02757911911826,17.51742772173086,44.45675008456414,0.30726387032174307,-2.6492675431176575e-05,0.007537920407251236,0.3,0,0,-0.007263870321743082,2.6492675431176575e-05,-0.007537920407251236,-0.3067627781551839,-0.3078211021803619,0,0
220.70517709223105,17.841013239325363,45.64490144276858,0.30726387032174307,-2.6492675431176575e-05,0.007537920407251236,0.3,0,0,-0.007263870321743082,2.6492675431176575e-05,-0.007537920407251236,-0.3067627781551839,-0.3078211021803619,0,0
138.92864283985838,18.104791397724426,45.403161081746035,0.30726387032174307,-2.6492675431176575e-05,0.007537920407251236,0.3,0,0,-0.007263870321743082,2.6492675431176575e-05,-0.007537920407251236,-0.3067627781551839,-0.3078211021803619,0,0
196.81893899271049,17.710771354120418,42.22546365252094,0.30726387032174307,-2.6492675431176575e-05,0.007537920407251236,0.3,0,0,-0.007263870321743082,2.6492675431176575e-05,-0.007537920407251236,-0.3067627781551839,-0.3078211021803619,0,0
194.9110753588243,18.03843055896276,48.719098859537986,0.30726387032174307,-2.6492675431176575e-05,0.007537920407251236,0.3,0,0,-0.007263870321743082,2.6492675431176575e-05,-0.007537920407251236,-0.3067627781551839,-0.3078211021803619,0,0
177.7453057985956,18.339276104241605,46.63326386384414,0.30726387032174307,-2.6492675431176575e-05,0.007537920407251236,0.3,0,0,-0.007263870321743082,2.6492675431176575e-05,-0.007537920407251236,-0.3067627781551839,-0.3078211021803619,0,0
152.41788953728954,17.939411375632368,45.88875276428319,0.30809533529622973,-1.530000515011451e-05,0.01938322390436019,0.3,0,0,-0.008095335296229744,1.530000515011451e-05,-0.01938322390436019,-0.3067627781551839,-0.309484182791356,0,0
135.24881572421333,17.646055992159724,47.919138344411984,0.31352894504630635,0.0003010192307327196,0.0969161195218006,0.3,0,0,-0.013528945046306362,-0.0003010192307327196,-0.0969161195218006,-0.3067627781551839,-0.3203698013360446,0,0
206.97300472647143,17.841013239325363,50.53075884371071,0.3152572450620078,0.0004906780084168621,0.12168357228848295,0.3,0,0,-0.015257245062007818,-0.0004906780084168621,-0.12168357228848295,-0.3067627781551839,-0.3238471517044868,0,0
284.7075611688845,17.972348463819834,51.852303182374264,0.315182204529228,0.0004815424766043002,0.1206067265160185,0.3,0,0,-0.015182204529228027,-0.0004815424766043002,-0.1206067265160185,-0.3067627781551839,-0.3236959625580328,0,0
182.55823066529945,17.808350823217232,48.584237987391454,0.3151071542023997,0.0004724877571533747,0.11952988074355406,0.3,0,0,-0.01510715420239972,-0.0004724877571533747,-0.11952988074355406,-0.3067627781551839,-0.3235447734115788,0,0
374.71408913910363,18.104791397724426,52.92110467639207,0.3123993851278961,0.0002004035184674546,0.08076343293483385,0.3,0,0,-0.012399385127896123,-0.0002004035184674546,-0.08076343293483385,-0.3067627781551839,-0.31810196413923447,0,0
137.98997206957193,17.581608690126714,51.11102239631034,0.3087007267372421,-9.30661544274933e-07,0.02799799008407579,0.3,0,0,-0.008700726737242093,9.30661544274933e-07,-0.02799799008407579,-0.3067627781551839,-0.310693695962988,0,0
142.81538054950164,18.071576020988715,52.92110467639207,0.305147794670514,-1.0495584341256103e-05,-0.02261376122175337,0.3,0,0,-0.0051477946705140165,1.0495584341256103e-05,0.02261376122175337,-0.3067627781551839,-0.3035878060796496,0,0
284.7075611688845,18.071576020988715,53.07684344785989,0.3022024096396886,0.00011804079874815601,-0.06461074634786693,0.3,0,0,-0.002202409639688596,-0.00011804079874815601,0.06461074634786693,-0.3067627781551839,-0.29769142936794324,0,0
218.28532251964043,17.906543292002304,52.153917529280825,0.30039359025624257,0.0002585654971498265,-0.09045504488701372,0.3,0,0,-0.0003935902562425819,-0.0002585654971498265,0.09045504488701372,-0.3067627781551839,-0.294062889853047,0,0
245.3252030939217,18.138076919253407,53.07684344785989,0.30039359025624257,0.0002585654971498265,-0.09045504488701372,0.3,0,0,-0.0003935902562425819,-0.0002585654971498265,0.09045504488701372,-0.3067627781551839,-0.294062889853047,0,0
254.878386734463,18.03843055896276,52.45851470980181,0.30039359025624257,0.0002585654971498265,-0.09045504488701372,0.3,0,0,-0.0003935902562425819,-0.0002585654971498265,0.09045504488701372,-0.3067627781551839,-0.294062889853047,0,0
194.9110753588243,18.00535478258695,52.153917529280825,0.30039359025624257,0.0002585654971498265,-0.09045504488701372,0.3,0,0,-0.0003935902562425819,-0.0002585654971498265,0.09045504488701372,-0.3067627781551839,-0.294062889853047,0,0
196.81893899271049,17.044389531385626,51.25784283159802,0.30039359025624257,0.0002585654971498265,-0.08830135334208482,0.3,0,0,-0.0003935902562425819,-0.0002585654971498265,0.08830135334208482,-0.30661158900872987,-0.294214078999501,0,0
167.46934895889862,17.581608690126714,51.25784283159802,0.30039359025624257,0.0002585654971498265,-0.08614766179715591,0.3,0,0,-0.0003935902562425819,-0.0002585654971498265,0.08614766179715591,-0.30646039986227586,-0.29436526814595504,0,0
166.09994149545804,18.03843055896276,52.0027403531362,0.30039359025624257,0.0002585654971498265,-0.08614766179715591,0.3,0,0,-0.0003935902562425819,-0.0002585654971498265,0.08614766179715591,-0.30646039986227586,-0.29436526814595504,0,0
174.67928447558052,17.841013239325363,52.153917529280825,0.29963997900153533,0.0003179290121729306,-0.0710718209826536,0.3,0,0,0.00036002099846466074,-0.0003179290121729306,0.0710718209826536,-0.3046461301048278,-0.29466764643886306,0,0
288.9697116820819,18.104791397724426,52.153917529280825,0.29616635585099016,0.00047888799111402386,-0.0215369154492889,0.3,0,0,0.0038336441490098294,-0.00047888799111402386,0.0215369154492889,-0.29769142936794335,-0.29466764643886306,0,0
184.22292190812155,18.03843055896276,52.92110467639207,0.29344514213438105,0.0004466528810970401,0.045227522443507,0.3,0,0,0.006554857865618935,-0.0004466528810970401,-0.045227522443507,-0.2902831611916969,-0.29663310534276516,0,0
159.58252707905322,18.03843055896276,53.23336332033228,0.293972114977315,0.0004947367492588171,0.13675941310298526,0.3,0,0,0.006027885022684976,-0.0004947367492588171,-0.13675941310298526,-0.28438678447999055,-0.3035878060796496,0,0
176.198566643824,17.939411375632368,52.45851470980181,0.2946439020517803,0.0006023463500968513,0.1809100897740277,0.3,0,0,0.0053560979482196736,-0.0006023463500968513,-0.1809100897740277,-0.2819677581367264,-0.3073675347409998,0,0
131.75922954059277,17.710771354120418,50.96490904549061,0.2946439020517803,0.0006023463500968513,0.1809100897740277,0.3,0,0,0.0053560979482196736,-0.0006023463500968513,-0.1809100897740277,-0.2819677581367264,-0.3073675347409998,0,0
158.34116103748556,17.646055992159724,49.40285364503735,0.29456953384285345,0.000588785044761933,0.17983324400156325,0.3,0,0,0.005430466157146541,-0.000588785044761933,-0.17983324400156325,-0.2819677581367264,-0.3072163455945458,0,0
196.81893899271049,18.03843055896276,53.07684344785989,0.29509051537096553,0.0006814709818464831,0.1722953235943121,0.3,0,0,0.004909484629034455,-0.0006814709818464831,-0.1722953235943121,-0.2830260821619045,-0.3072163455945458,0,0
228.31501027837746,18.03843055896276,52.766140948375714,0.2974075558338162,0.001032178772367863,0.12814464692326966,0.3,0,0,0.002592444166183816,-0.001032178772367863,-0.12814464692326966,-0.2884688914342488,-0.30646039986227575,0,0
128.44498763419128,18.03843055896276,52.92110467639207,0.29846295978376114,0.0011107424071467298,0.02046006967682465,0.3,0,0,0.0015370402162388497,-0.0011107424071467298,-0.02046006967682465,-0.2970866727821273,-0.29995926656475336,0,0
143.82153882231913,18.00535478258695,53.07684344785989,0.2994446112572321,0.0010647254497904593,-0.1141456518812316,0.3,0,0,0.0005553887427678927,-0.0010647254497904593,0.1141456518812316,-0.30751872388745394,-0.2914926743633289,0,0
209.13650375320472,17.581608690126714,52.611946269889565,0.30011405618039005,0.0009433945202247983,-0.24444399034943007,0.3,0,0,-0.00011405618039006526,-0.0009433945202247983,0.24444399034943007,-0.3173460184069645,-0.2830260821619044,0,0
158.34116103748556,17.906543292002304,72.32728403086773,0.30076740663886065,0.0007536291966604492,-0.32090004019440604,0.3,0,0,-0.0007674066388606571,-0.0007536291966604492,0.32090004019440604,-0.3233935842651249,-0.27833921862183014,0,0
302.6164596847404,18.339276104241605,72.86976705815192,0.3009108264323155,0.0007057865289791344,-0.32305373173933494,0.3,0,0,-0.0009108264323154924,-0.0007057865289791344,0.32305373173933494,-0.3236959625580329,-0.27833921862183014,0,0
223.1819809443389,18.171432816688856,72.59760196071355,0.3010543489314214,0.0006582528540119405,-0.31659265710454826,0.3,0,0,-0.0010543489314214227,-0.0006582528540119405,0.31659265710454826,-0.3233935842651249,-0.2789439752076462,0,0
187.6483042942066,18.071576020988715,71.527220004475,0.3008379781661157,0.0007261833142884296,-0.2918252043378659,0.3,0,0,-0.0008379781661156938,-0.0007261833142884296,0.2918252043378659,-0.3214281253612228,-0.28045586667218625,0,0
132.61463364415852,18.00535478258695,71.527220004475,0.30076408678735633,0.0007421396185728661,-0.13352887578559175,0.3,0,0,-0.0007640867873563439,-0.0007421396185728661,0.13352887578559175,-0.31024012852362615,-0.2914926743633289,0,0
194.9110753588243,17.613798941900477,64.767717284378,0.30083967451230964,0.0007411221030927695,0.10660773147398064,0.3,0,0,-0.0008396745123096516,-0.0007411221030927695,-0.10660773147398064,-0.2934581332672312,-0.30842585876617784,0,0
128.44498763419128,18.104791397724426,69.22073170815571,0.3009132239812884,0.0007585867850055945,0.3596664880031264,0.3,0,0,-0.0009132239812884024,-0.0007585867850055945,-0.3596664880031264,-0.27576900313211217,-0.3262661780477509,0,0
