FDist,LDist,RDist,XEst,YEst,ThetaEst,XDes,YDes,ThetaDes,XError,YError,ThetaError,SL,SR,RW,LW
1411.3480414449798,1411.3480414449798,22.58943126976108,0.0,0.0,0.0,0,0,0,0.0,0.0,0.0,0.0,0.0,0,0
280.5772654118684,674.6059938250444,21.09047995583375,0.0,0.0,0.0,0,0,0,0.0,0.0,0.0,0.0,0.0,0,0
1284.2268420173286,1411.3480414449798,21.949127558551538,0.0,0.0,0.0,0,0,0,0.0,0.0,0.0,0.0,0.0,0,0
648.3999468665874,674.6059938250444,21.371972721925673,0.0,0.0,0.0,0,0,0,0.0,0.0,0.0,0.0,0.0,0,0
1411.3480414449798,1411.3480414449798,22.676586373412853,0.0,0.0,0.0,0,0,0,0.0,0.0,0.0,0.0,0.0,0,0
1411.3480414449798,1411.3480414449798,22.632955363231254,0.0,0.0,0.0,0,0,0,0.0,0.0,0.0,0.0,0.0,0,0
1284.2268420173286,1570.544100534677,22.28772229885734,0.0,0.0,0.0,0,0,0,0.0,0.0,0.0,0.0,0.0,0,0
1284.2268420173286,382.4520830402873,22.546013685281594,0.0,0.0,0.0,0,0,0,0.0,0.0,0.0,0.0,0.0,0,0
1411.3480414449798,1411.3480414449798,22.117607626819968,0.0,0.0,0.0,0,0,0,0.0,0.0,0.0,0.0,0.0,0,0
1284.2268420173286,1411.3480414449798,22.459496422942998,0.0,0.0,0.0,0,0,0,0.0,0.0,0.0,0.0,0.0,0,0
1284.2268420173286,1019.267059271828,22.075335325140372,0.0,0.0,0.0,0,0,0,0.0,0.0,0.0,0.0,0.0,0,0
674.6059938250444,674.6059938250444,21.05064198016546,0.0,0.0,0.0,0,0,0,0.0,0.0,0.0,0.0,0.0,0,0
280.5772654118684,674.6059938250444,21.534920213973493,0.0,0.0,0.0,0,0,0,0.0,0.0,0.0,0.0,0.0,0,0
1411.3480414449798,1411.3480414449798,21.99109567138421,0.0,0.0,0.0,0,0,0,0.0,0.0,0.0,0.0,0.0,0,0
1411.3480414449798,1411.3480414449798,22.502702204181062,0.0,0.0,0.0,0,0,0,0.0,0.0,0.0,0.0,0.0,0,0
280.5772654118684,1411.3480414449798,22.502702204181062,0.0,0.0,0.0,0,0,0,0.0,0.0,0.0,0.0,0.0,0,0
1284.2268420173286,1411.3480414449798,22.033164800444176,0.0,0.0,0.0,0,0,0,0.0,0.0,0.0,0.0,0.0,0,0
1284.2268420173286,1411.3480414449798,22.033164800444176,0.0,0.0,0.0,0.3,0,0,0.3,0.0,0.0,0.0,0.0,0,0
1411.3480414449798,1411.3480414449798,22.075335325140372,0.007408263880944745,7.977560725081355e-06,0.0021536915449289033,0.3,0,0,0.29259173611905526,-7.977560725081355e-06,-0.0021536915449289033,-0.007257079029792422,-0.00755945732270044,0,0
1284.2268420173286,1411.3480414449798,21.99109567138421,0.03001077589898738,0.00011750580584618144,0.007537920407251155,0.3,0,0,0.2699892241010126,-0.00011750580584618144,-0.007537920407251155,-0.02948188355853171,-0.030540207583709775,0,0
648.3999468665874,602.1580731583105,21.412565389122804,0.05435108532305723,0.0003534100255786339,0.011845303497108911,0.3,0,0,0.24564891467694278,-0.0003534100255786339,-0.011845303497108911,-0.05352095784471911,-0.05518403845571321,0,0
1284.2268420173286,1570.544100534677,21.99109567138421,0.08496365241842574,0.00079846906015214,0.017229532359431164,0.3,0,0,0.21503634758157425,-0.00079846906015214,-0.017229532359431164,-0.08375878713552087,-0.086177813478785,0,0
280.5772654118684,307.4777105974586,21.45325395754319,0.11534631043642893,0.0014201871159763703,0.02369060699421786,0.3,0,0,0.18465368956357106,-0.0014201871159763703,-0.02369060699421786,-0.11369423813341462,-0.1170203993554028,0,0
1284.2268420173286,1411.3480414449798,21.99109567138421,0.14474318421656898,0.0021642595867530892,0.026921144311611196,0.3,0,0,0.155256815783431,-0.0021642595867530892,-0.026921144311611196,-0.1428737433990383,-0.14665347206038853,0,0
1284.2268420173286,624.3377665398167,21.99109567138421,0.16748717449732548,0.0028379802059585887,0.0323053731739334,0.3,0,0,0.13251282550267451,-0.0028379802059585887,-0.0323053731739334,-0.1652497370742316,-0.16978541146785187,0,0
1284.2268420173286,1411.3480414449798,21.99109567138421,0.19498622709680788,0.0038155956235990073,0.0387664478087201,0.3,0,0,0.10501377290319211,-0.0038155956235990073,-0.0387664478087201,-0.19231259428949918,-0.19775540356184348,0,0
1284.2268420173286,1411.3480414449798,22.075335325140372,0.22096899157793795,0.004879407802788666,0.04307383089857786,0.3,0,0,0.07903100842206204,-0.004879407802788666,-0.04307383089857786,-0.21801474918668068,-0.224062315044841,0,0
1411.3480414449798,1411.3480414449798,21.99109567138421,0.24513568201458227,0.005947077358405927,0.04522752244350675,0.3,0,0,0.054864317985417715,-0.005947077358405927,-0.04522752244350675,-0.24205382347286808,-0.24840376762393643,0,0
1411.3480414449798,512.8513118946122,21.658147754059783,0.2666565027791378,0.006955910654293395,0.04845805976090009,0.3,0,0,0.03334349722086216,-0.006955910654293395,-0.04845805976090009,-0.2633714931228833,-0.2701750047133137,0,0
1284.2268420173286,734.7683303247097,21.699419216529087,0.2835680042171568,0.007812562936594564,0.0527654428507579,0.3,0,0,0.01643199578284321,-0.007812562936594564,-0.0527654428507579,-0.28000229923282427,-0.28741056740907067,0,0
1284.2268420173286,1411.3480414449798,21.949127558551538,0.29602267022650197,0.008490524971327936,0.055995980168151244,0.3,0,0,0.003977329773498017,-0.008490524971327936,-0.055995980168151244,-0.292248620095599,-0.3001104557112074,0,0
1284.2268420173286,1411.3480414449798,21.658147754059783,0.3040231356517062,0.008938987698361048,0.055995980168151244,0.3,0,0,-0.0040231356517062,-0.008938987698361048,-0.055995980168151244,-0.30026164485766144,-0.3081234804732699,0,0
1284.2268420173286,624.3377665398167,21.658147754059783,0.3089295192311452,0.009206063651437831,0.0527654428507579,0.3,0,0,-0.008929519231145211,-0.009206063651437831,-0.0527654428507579,-0.3054020758370977,-0.3128103440133441,0,0
1284.2268420173286,1019.267059271828,21.823825552140526,0.3102885525082409,0.009273438351373104,0.0463043682159712,0.3,0,0,-0.0102885525082409,-0.009273438351373104,-0.0463043682159712,-0.3072163455945458,-0.3137174788920682,0,0
1411.3480414449798,1411.3480414449798,21.699419216529087,0.3102885525082409,0.009273438351373104,0.0463043682159712,0.3,0,0,-0.0102885525082409,-0.009273438351373104,-0.0463043682159712,-0.3072163455945458,-0.3137174788920682,0,0
1411.3480414449798,602.1580731583105,21.658147754059783,0.3102885525082409,0.009273438351373104,0.0463043682159712,0.3,0,0,-0.0102885525082409,-0.009273438351373104,-0.0463043682159712,-0.3072163455945458,-0.3137174788920682,0,0
1284.2268420173286,1411.3480414449798,21.658147754059783,0.3102885525082409,0.009273438351373104,0.0463043682159712,0.3,0,0,-0.0102885525082409,-0.009273438351373104,-0.0463043682159712,-0.3072163455945458,-0.3137174788920682,0,0
1284.2268420173286,390.5444991736698,21.658147754059783,0.3102885525082409,0.009273438351373104,0.0463043682159712,0.3,0,0,-0.0102885525082409,-0.009273438351373104,-0.0463043682159712,-0.3072163455945458,-0.3137174788920682,0,0
1284.2268420173286,1411.3480414449798,21.949127558551538,0.3102885525082409,0.009273438351373104,0.0463043682159712,0.3,0,0,-0.0102885525082409,-0.009273438351373104,-0.0463043682159712,-0.3072163455945458,-0.3137174788920682,0,0
280.5772654118684,674.6059938250444,21.210554056051848,0.3102130370884357,0.009269979901862275,0.045227522443506744,0.3,0,0,-0.010213037088435684,-0.009269979901862275,-0.045227522443506744,-0.3072163455945458,-0.3135662897456142,0,0
648.3999468665874,674.6059938250444,20.774355752373964,0.3102130370884357,0.009269979901862275,0.045227522443506744,0.3,0,0,-0.010213037088435684,-0.009269979901862275,-0.045227522443506744,-0.3072163455945458,-0.3135662897456142,0,0
1411.3480414449798,1411.3480414449798,21.740789092600608,0.3102130370884357,0.009269979901862275,0.045227522443506744,0.3,0,0,-0.010213037088435684,-0.009269979901862275,-0.045227522443506744,-0.3072163455945458,-0.3135662897456142,0,0
1284.2268420173286,648.3999468665874,21.658147754059783,0.31013752166863046,0.009266521452351446,0.0463043682159712,0.3,0,0,-0.010137521668630467,-0.009266521452351446,-0.0463043682159712,-0.3070651564480918,-0.3135662897456142,0,0
1284.2268420173286,528.3325926770696,21.575898614386084,0.31013752166863046,0.009266521452351446,0.0463043682159712,0.3,0,0,-0.010137521668630467,-0.009266521452351446,-0.0463043682159712,-0.3070651564480918,-0.3135662897456142,0,0
1284.2268420173286,734.7683303247097,22.033164800444176,0.31013752166863046,0.009266521452351446,0.0463043682159712,0.3,0,0,-0.010137521668630467,-0.009266521452351446,-0.0463043682159712,-0.3070651564480918,-0.3135662897456142,0,0
648.3999468665874,399.01729906632625,20.774355752373964,0.31013752166863046,0.009266521452351446,0.0463043682159712,0.3,0,0,-0.010137521668630467,-0.009266521452351446,-0.0463043682159712,-0.3070651564480918,-0.3135662897456142,0,0
1284.2268420173286,1411.3480414449798,21.782257748458605,0.31013752166863046,0.009266521452351446,0.0463043682159712,0.3,0,0,-0.010137521668630467,-0.009266521452351446,-0.0463043682159712,-0.3070651564480918,-0.3135662897456142,0,0
1284.2268420173286,340.5824855543227,21.782257748458605,0.31013752166863046,0.009266521452351446,0.0463043682159712,0.3,0,0,-0.010137521668630467,-0.009266521452351446,-0.0463043682159712,-0.3070651564480918,-0.3135662897456142,0,0
1284.2268420173286,1411.3480414449798,21.99109567138421,0.31013752166863046,0.009266521452351446,0.0463043682159712,0.3,0,0,-0.010137521668630467,-0.009266521452351446,-0.0463043682159712,-0.3070651564480918,-0.3135662897456142,0,0
1284.2268420173286,1411.3480414449798,22.033164800444176,0.31013752166863046,0.009266521452351446,0.0463043682159712,0.3,0,0,-0.010137521668630467,-0.009266521452351446,-0.0463043682159712,-0.3070651564480918,-0.3135662897456142,0,0
280.5772654118684,674.6059938250444,21.412565389122804,0.31013752166863046,0.009266521452351446,0.0463043682159712,0.3,0,0,-0.010137521668630467,-0.009266521452351446,-0.0463043682159712,-0.3070651564480918,-0.3135662897456142,0,0
624.3377665398167,602.1580731583105,21.45325395754319,0.31013752166863046,0.009266521452351446,0.0463043682159712,0.3,0,0,-0.010137521668630467,-0.009266521452351446,-0.0463043682159712,-0.3070651564480918,-0.3135662897456142,0,0
1411.3480414449798,1411.3480414449798,21.99109567138421,0.31013752166863046,0.009266521452351446,0.0463043682159712,0.3,0,0,-0.010137521668630467,-0.009266521452351446,-0.0463043682159712,-0.3070651564480918,-0.3135662897456142,0,0
1284.2268420173286,648.3999468665874,21.99109567138421,0.31013752166863046,0.009266521452351446,0.0463043682159712,0.3,0,0,-0.010137521668630467,-0.009266521452351446,-0.0463043682159712,-0.3070651564480918,-0.3135662897456142,0,0
1284.2268420173286,340.5824855543227,21.99109567138421,0.31013752166863046,0.009266521452351446,0.0463043682159712,0.3,0,0,-0.010137521668630467,-0.009266521452351446,-0.0463043682159712,-0.3070651564480918,-0.3135662897456142,0,0
276.5725757314533,648.3999468665874,21.740789092600608,0.31013752166863046,0.009266521452351446,0.0463043682159712,0.3,0,0,-0.010137521668630467,-0.009266521452351446,-0.0463043682159712,-0.3070651564480918,-0.3135662897456142,0,0
1284.2268420173286,1411.3480414449798,22.033164800444176,0.31013752166863046,0.009266521452351446,0.0463043682159712,0.3,0,0,-0.010137521668630467,-0.009266521452351446,-0.0463043682159712,-0.3070651564480918,-0.3135662897456142,0,0
1019.267059271828,1019.267059271828,22.075335325140372,0.31013752166863046,0.009266521452351446,0.0463043682159712,0.3,0,0,-0.010137521668630467,-0.009266521452351446,-0.0463043682159712,-0.3070651564480918,-0.3135662897456142,0,0
648.3999468665874,399.01729906632625,20.852837358537094,0.31013752166863046,0.009266521452351446,0.0463043682159712,0.3,0,0,-0.010137521668630467,-0.009266521452351446,-0.0463043682159712,-0.3070651564480918,-0.3135662897456142,0,0
1284.2268420173286,1411.3480414449798,22.159982088780858,0.31013752166863046,0.009266521452351446,0.0463043682159712,0.3,0,0,-0.010137521668630467,-0.009266521452351446,-0.0463043682159712,-0.3070651564480918,-0.3135662897456142,0,0
1284.2268420173286,602.1580731583105,21.99109567138421,0.31013752166863046,0.009266521452351446,0.0463043682159712,0.3,0,0,-0.010137521668630467,-0.009266521452351446,-0.0463043682159712,-0.3070651564480918,-0.3135662897456142,0,0
280.5772654118684,674.6059938250444,21.412565389122804,0.31013752166863046,0.009266521452351446,0.0463043682159712,0.3,0,0,-0.010137521668630467,-0.009266521452351446,-0.0463043682159712,-0.3070651564480918,-0.3135662897456142,0,0
459.67991945810627,1411.3480414449798,21.699419216529087,0.31013752166863046,0.009266521452351446,0.0463043682159712,0.3,0,0,-0.010137521668630467,-0.009266521452351446,-0.0463043682159712,-0.3070651564480918,-0.3135662897456142,0,0
180.92431015592842,268.9169663380496,21.17043565318336,0.31013752166863046,0.009266521452351446,0.0463043682159712,0.3,0,0,-0.010137521668630467,-0.009266521452351446,-0.0463043682159712,-0.3070651564480918,-0.3135662897456142,0,0
173.18670720903205,900.238757316699,21.45325395754319,0.31013752166863046,0.009266521452351446,0.0463043682159712,0.3,0,0,-0.010137521668630467,-0.009266521452351446,-0.0463043682159712,-0.3070651564480918,-0.3135662897456142,0,0
