FDist,LDist,RDist,XEst,YEst,ThetaEst,XDes,YDes,ThetaDes,XError,YError,ThetaError,SL,SR,RW,LW
648.3999468665874,648.3999468665874,22.632955363231254,0.0,0.0,0.0,0,0,0,0.0,0.0,0.0,0.0,0.0,0,0
280.5772654118684,258.2405371440609,23.298880234713614,0.0,0.0,0.0,0,0,0,0.0,0.0,0.0,0.0,0.0,0,0
1284.2268420173286,703.2691653992177,23.943387448052704,0.0,0.0,0.0,0,0,0,0.0,0.0,0.0,0.0,0.0,0,0
1411.3480414449798,528.3325926770696,23.896588216502984,0.0,0.0,0.0,0,0,0,0.0,0.0,0.0,0.0,0.0,0,0
900.238757316699,648.3999468665874,24.08450540165466,0.0,0.0,0.0,0,0,0,0.0,0.0,0.0,0.0,0.0,0,0
1411.3480414449798,1284.2268420173286,23.80334702660077,0.0,0.0,0.0,0,0,0,0.0,0.0,0.0,0.0,0.0,0,0
624.3377665398167,1411.3480414449798,23.896588216502984,0.0,0.0,0.0,0,0,0,0.0,0.0,0.0,0.0,0.0,0,0
1284.2268420173286,340.5824855543227,23.943387448052704,0.0,0.0,0.0,0,0,0,0.0,0.0,0.0,0.0,0.0,0,0
624.3377665398167,340.5824855543227,22.94064078706048,0.0,0.0,0.0,0,0,0,0.0,0.0,0.0,0.0,0.0,0,0
1284.2268420173286,1180.1265773010464,24.08450540165466,0.0,0.0,0.0,0,0,0,0.0,0.0,0.0,0.0,0.0,0,0
1284.2268420173286,1411.3480414449798,24.17918906549187,0.0,0.0,0.0,0,0,0,0.0,0.0,0.0,0.0,0.0,0,0
1284.2268420173286,1411.3480414449798,24.466187237839733,0.0,0.0,0.0,0,0,0,0.0,0.0,0.0,0.0,0.0,0,0
1284.2268420173286,624.3377665398167,24.5628489666094,0.0,0.0,0.0,0,0,0,0.0,0.0,0.0,0.0,0.0,0,0
1284.2268420173286,437.33222201576723,24.61136879396949,0.0,0.0,0.0,0,0,0,0.0,0.0,0.0,0.0,0.0,0,0
280.5772654118684,471.8179059817352,23.756904125116755,0.0,0.0,0.0,0,0,0,0.0,0.0,0.0,0.0,0.0,0,0
544.8761250677193,346.8640580657511,24.08450540165466,0.0,0.0,0.0,0,0,0,0.0,0.0,0.0,0.0,0.0,0,0
900.238757316699,204.85569342211394,24.41804431856243,0.0,0.0,0.0,0,0,0,0.0,0.0,0.0,0.0,0.0,0,0
1284.2268420173286,206.97300472647143,24.61136879396949,0.0,0.0,0.0,0,0,0,0.0,0.0,0.0,0.0,0.0,0,0
624.3377665398167,114.72272976706012,23.66437137022323,0.0,0.0,0.0,0,0,0,0.0,0.0,0.0,0.0,0.0,0,0
648.3999468665874,276.5725757314533,23.208649349752903,0.0,0.0,0.0,0,0,0,0.0,0.0,0.0,0.0,0.0,0,0
1284.2268420173286,346.8640580657511,24.61136879396949,0.0,0.0,0.0,0.3,0,0,0.3,0.0,0.0,0.0,0.0,0,0
648.3999468665874,258.2405371440609,24.80671986348088,0.007181483415612128,-3.866675401711437e-06,-0.0010768457724644454,0.3,0,0,0.29281851658438784,3.866675401711437e-06,0.0010768457724644454,-0.007257079029792422,-0.0071058898833384135,0,0
1180.1265773010464,703.2691653992177,24.660015279911583,0.035756215527827574,2.690391596645933e-05,0.003230537317393336,0.3,0,0,0.2642437844721724,-2.690391596645933e-05,-0.003230537317393336,-0.03552944941669207,-0.035983016856054095,0,0
1284.2268420173286,382.4520830402873,24.660015279911583,0.0658424195685768,0.00018889648950734235,0.007537920407251143,0.3,0,0,0.2341575804314232,-0.00018889648950734235,-0.007537920407251143,-0.06531371126813179,-0.06637203529330986,0,0
1411.3480414449798,1411.3480414449798,24.660015279911583,0.09524747672024342,0.00045805405390517644,0.010768457724644478,0.3,0,0,0.20475252327975657,-0.00045805405390517644,-0.010768457724644478,-0.09449321653375549,-0.09600510799829558,0,0
280.5772654118684,624.3377665398167,24.08450540165466,0.11875558631584314,0.0007491869334693686,0.01399899504203779,0.3,0,0,0.18124441368415684,-0.0007491869334693686,-0.01399899504203779,-0.11777634508767285,-0.11974180399157495,0,0
1093.1463157010076,1180.1265773010464,24.660015279911583,0.1469489249386312,0.001189440936654203,0.01722953235943115,0.3,0,0,0.15305107506136878,-0.001189440936654203,-0.01722953235943115,-0.14574633718166446,-0.1481653635249286,0,0
648.3999468665874,900.238757316699,24.660015279911583,0.1741578591743197,0.0017169038603855858,0.021536915449288957,0.3,0,0,0.1258421408256803,-0.0017169038603855858,-0.021536915449288957,-0.17265800525047803,-0.1756817881795582,0,0
648.3999468665874,808.2350827585409,25.15356131134849,0.20030624197178878,0.0023364908384476113,0.025844298539146715,0.3,0,0,0.0996937580282112,-0.0023364908384476113,-0.025844298539146715,-0.19851134929411354,-0.20213988880900974,0,0
1284.2268420173286,512.8513118946122,24.660015279911583,0.2251674805848569,0.0030193413288175986,0.0290748358565401,0.3,0,0,0.0748325194151431,-0.0030193413288175986,-0.0290748358565401,-0.22315518016611696,-0.2272372871203752,0,0
1284.2268420173286,624.3377665398167,24.70878894042906,0.24806185013646054,0.003722192604800088,0.032305373173933435,0.3,0,0,0.05193814986353945,-0.003722192604800088,-0.032305373173933435,-0.24583355213421829,-0.25036922652783855,0,0
1093.1463157010076,602.1580731583105,24.70878894042906,0.26853619483895236,0.004416962008181247,0.035535910491326796,0.3,0,0,0.03146380516104763,-0.004416962008181247,-0.035535910491326796,-0.2660928977590555,-0.27108213959203775,0,0
1411.3480414449798,544.8761250677193,24.75769029437472,0.2849288980324158,0.005026250602497488,0.038766447808720156,0.3,0,0,0.01507110196758421,-0.005026250602497488,-0.038766447808720156,-0.28227013642963444,-0.2877129457019787,0,0
1411.3480414449798,900.238757316699,24.5628489666094,0.29467306638009316,0.0054094412266906715,0.039843293581184616,0.3,0,0,0.005326933619906826,-0.0054094412266906715,-0.039843293581184616,-0.291946241802691,-0.2975402402214893,0,0
1411.3480414449798,1411.3480414449798,24.855878172379555,0.3024532938204867,0.005715399632054221,0.03876644780872018,0.3,0,0,-0.0024532938204867016,-0.005715399632054221,-0.03876644780872018,-0.29980807741829946,-0.3052508866906437,0,0
1284.2268420173286,288.9697116820819,24.61136879396949,0.3064570416050653,0.0058642120537074965,0.03553591049132683,0.3,0,0,-0.006457041605065328,-0.0058642120537074965,-0.03553591049132683,-0.3040413735190117,-0.30903061535199394,0,0
1180.1265773010464,390.5444991736698,24.61136879396949,0.3080436144417898,0.005918050273157697,0.03230537317393348,0.3,0,0,-0.008043614441789804,-0.005918050273157697,-0.03230537317393348,-0.3058556432764598,-0.31039131767008005,0,0
1284.2268420173286,703.2691653992177,24.660015279911583,0.3080436144417898,0.005918050273157697,0.03230537317393348,0.3,0,0,-0.008043614441789804,-0.005918050273157697,-0.03230537317393348,-0.3058556432764598,-0.31039131767008005,0,0
1284.2268420173286,239.3652489782259,25.053809401176977,0.3080436144417898,0.005918050273157697,0.03230537317393348,0.3,0,0,-0.008043614441789804,-0.005918050273157697,-0.03230537317393348,-0.3058556432764598,-0.31039131767008005,0,0
1411.3480414449798,242.3065498311679,25.053809401176977,0.3080436144417898,0.005918050273157697,0.03230537317393348,0.3,0,0,-0.008043614441789804,-0.005918050273157697,-0.03230537317393348,-0.3058556432764598,-0.31039131767008005,0,0
648.3999468665874,648.3999468665874,24.37002602209273,0.3080436144417898,0.005918050273157697,0.03230537317393348,0.3,0,0,-0.008043614441789804,-0.005918050273157697,-0.03230537317393348,-0.3058556432764598,-0.31039131767008005,0,0
1284.2268420173286,734.7683303247097,25.10361938144616,0.3080436144417898,0.005918050273157697,0.03230537317393348,0.3,0,0,-0.008043614441789804,-0.005918050273157697,-0.03230537317393348,-0.3058556432764598,-0.31039131767008005,0,0
648.3999468665874,340.5824855543227,23.710579061410876,0.30796805800807625,0.005915649267980236,0.031228527401469027,0.3,0,0,-0.007968058008076262,-0.005915649267980236,-0.031228527401469027,-0.3058556432764598,-0.31024012852362604,0,0
648.3999468665874,340.5824855543227,23.756904125116755,0.30796805800807625,0.005915649267980236,0.031228527401469027,0.3,0,0,-0.007968058008076262,-0.005915649267980236,-0.031228527401469027,-0.3058556432764598,-0.31024012852362604,0,0
1284.2268420173286,239.3652489782259,24.32213184643946,0.30796805800807625,0.005915649267980236,0.031228527401469027,0.3,0,0,-0.007968058008076262,-0.005915649267980236,-0.031228527401469027,-0.3058556432764598,-0.31024012852362604,0,0
1284.2268420173286,220.70517709223105,24.61136879396949,0.30796805800807625,0.005915649267980236,0.031228527401469027,0.3,0,0,-0.007968058008076262,-0.005915649267980236,-0.031228527401469027,-0.3058556432764598,-0.31024012852362604,0,0
769.566351540633,258.2405371440609,25.004130828076164,0.30796805800807625,0.005915649267980236,0.031228527401469027,0.3,0,0,-0.007968058008076262,-0.005915649267980236,-0.031228527401469027,-0.3058556432764598,-0.31024012852362604,0,0
648.3999468665874,1284.2268420173286,24.37002602209273,0.3078925015743627,0.0059132482628027755,0.03230537317393348,0.3,0,0,-0.00789250157436272,-0.0059132482628027755,-0.03230537317393348,-0.3057044541300058,-0.31024012852362604,0,0
1284.2268420173286,1411.3480414449798,24.61136879396949,0.3078925015743627,0.0059132482628027755,0.03230537317393348,0.3,0,0,-0.00789250157436272,-0.0059132482628027755,-0.03230537317393348,-0.3057044541300058,-0.31024012852362604,0,0
648.3999468665874,284.7075611688845,23.943387448052704,0.3078925015743627,0.0059132482628027755,0.03230537317393348,0.3,0,0,-0.00789250157436272,-0.0059132482628027755,-0.03230537317393348,-0.3057044541300058,-0.31024012852362604,0,0
1411.3480414449798,602.1580731583105,24.80671986348088,0.3078925015743627,0.0059132482628027755,0.03230537317393348,0.3,0,0,-0.00789250157436272,-0.0059132482628027755,-0.03230537317393348,-0.3057044541300058,-0.31024012852362604,0,0
1019.267059271828,312.50933522689996,22.546013685281594,0.3078925015743627,0.0059132482628027755,0.03230537317393348,0.3,0,0,-0.00789250157436272,-0.0059132482628027755,-0.03230537317393348,-0.3057044541300058,-0.31024012852362604,0,0
1284.2268420173286,448.2028325964311,24.80671986348088,0.3078925015743627,0.0059132482628027755,0.03230537317393348,0.3,0,0,-0.00789250157436272,-0.0059132482628027755,-0.03230537317393348,-0.3057044541300058,-0.31024012852362604,0,0
648.3999468665874,624.3377665398167,24.37002602209273,0.3078925015743627,0.0059132482628027755,0.03230537317393348,0.3,0,0,-0.00789250157436272,-0.0059132482628027755,-0.03230537317393348,-0.3057044541300058,-0.31024012852362604,0,0
1284.2268420173286,448.2028325964311,25.004130828076164,0.3078925015743627,0.0059132482628027755,0.03230537317393348,0.3,0,0,-0.00789250157436272,-0.0059132482628027755,-0.03230537317393348,-0.3057044541300058,-0.31024012852362604,0,0
1284.2268420173286,312.50933522689996,24.61136879396949,0.3078925015743627,0.0059132482628027755,0.03230537317393348,0.3,0,0,-0.00789250157436272,-0.0059132482628027755,-0.03230537317393348,-0.3057044541300058,-0.31024012852362604,0,0
1284.2268420173286,340.5824855543227,25.10361938144616,0.3078925015743627,0.0059132482628027755,0.03230537317393348,0.3,0,0,-0.00789250157436272,-0.0059132482628027755,-0.03230537317393348,-0.3057044541300058,-0.31024012852362604,0,0
239.3652489782259,307.4777105974586,23.208649349752903,0.3078925015743627,0.0059132482628027755,0.03230537317393348,0.3,0,0,-0.00789250157436272,-0.0059132482628027755,-0.03230537317393348,-0.3057044541300058,-0.31024012852362604,0,0
1284.2268420173286,218.28532251964043,24.905165748622878,0.3078925015743627,0.0059132482628027755,0.03230537317393348,0.3,0,0,-0.00789250157436272,-0.0059132482628027755,-0.03230537317393348,-0.3057044541300058,-0.31024012852362604,0,0
1411.3480414449798,851.4899528953961,24.70878894042906,0.3078925015743627,0.0059132482628027755,0.03230537317393348,0.3,0,0,-0.00789250157436272,-0.0059132482628027755,-0.03230537317393348,-0.3057044541300058,-0.31024012852362604,0,0
734.7683303247097,1284.2268420173286,24.954583122703667,0.3078925015743627,0.0059132482628027755,0.03230537317393348,0.3,0,0,-0.00789250157436272,-0.0059132482628027755,-0.03230537317393348,-0.3057044541300058,-0.31024012852362604,0,0
624.3377665398167,302.6164596847404,24.954583122703667,0.3078925015743627,0.0059132482628027755,0.03230537317393348,0.3,0,0,-0.00789250157436272,-0.0059132482628027755,-0.03230537317393348,-0.3057044541300058,-0.31024012852362604,0,0
900.238757316699,258.2405371440609,24.80671986348088,0.3078925015743627,0.0059132482628027755,0.03230537317393348,0.3,0,0,-0.00789250157436272,-0.0059132482628027755,-0.03230537317393348,-0.3057044541300058,-0.31024012852362604,0,0
276.5725757314533,166.09994149545804,24.41804431856243,0.3078925015743627,0.0059132482628027755,0.03230537317393348,0.3,0,0,-0.00789250157436272,-0.0059132482628027755,-0.03230537317393348,-0.3057044541300058,-0.31024012852362604,0,0
769.566351540633,182.55823066529945,23.526447916444262,0.3078925015743627,0.0059132482628027755,0.03230537317393348,0.3,0,0,-0.00789250157436272,-0.0059132482628027755,-0.03230537317393348,-0.3057044541300058,-0.31024012852362604,0,0
1284.2268420173286,185.91929651913173,24.905165748622878,0.3078925015743627,0.0059132482628027755,0.03230537317393348,0.3,0,0,-0.00789250157436272,-0.0059132482628027755,-0.03230537317393348,-0.3057044541300058,-0.31024012852362604,0,0
674.6059938250444,184.22292190812155,24.32213184643946,0.3078925015743627,0.0059132482628027755,0.03230537317393348,0.3,0,0,-0.00789250157436272,-0.0059132482628027755,-0.03230537317393348,-0.3057044541300058,-0.31024012852362604,0,0
648.3999468665874,367.3069052663625,24.32213184643946,0.3078925015743627,0.0059132482628027755,0.03230537317393348,0.3,0,0,-0.00789250157436272,-0.0059132482628027755,-0.03230537317393348,-0.3057044541300058,-0.31024012852362604,0,0
407.8990969411948,808.2350827585409,25.053809401176977,0.3078925015743627,0.0059132482628027755,0.03230537317393348,0.3,0,0,-0.00789250157436272,-0.0059132482628027755,-0.03230537317393348,-0.3057044541300058,-0.31024012852362604,0,0
648.3999468665874,180.92431015592842,23.710579061410876,0.3078925015743627,0.0059132482628027755,0.03230537317393348,0.3,0,0,-0.00789250157436272,-0.0059132482628027755,-0.03230537317393348,-0.3057044541300058,-0.31024012852362604,0,0
1284.2268420173286,202.78305134967044,24.905165748622878,0.3078925015743627,0.0059132482628027755,0.03230537317393348,0.3,0,0,-0.00789250157436272,-0.0059132482628027755,-0.03230537317393348,-0.3057044541300058,-0.31024012852362604,0,0
