FDist,LDist,RDist,XEst,YEst,ThetaEst,XDes,YDes,ThetaDes,XError,YError,ThetaError,SL,SR,RW,LW
97.6101426547749,200.75362703878065,21.658147754059783,0.0,0.0,0.0,0,0,0,0.0,0.0,0.0,0.0,0.0,0,0
95.30295822324965,312.50933522689996,22.28772229885734,0.0,0.0,0.0,0,0,0,0.0,0.0,0.0,0.0,0.0,0,0
86.65098914560704,176.198566643824,21.29107368585003,0.0,0.0,0.0,0,0,0,0.0,0.0,0.0,0.0,0.0,0,0
101.02616679983112,196.81893899271049,21.949127558551538,0.0,0.0,0.0,0,0,0,0.0,0.0,0.0,0.0,0.0,0,0
102.04483787812359,312.50933522689996,22.202459096284322,0.0,0.0,0.0,0,0,0,0.0,0.0,0.0,0.0,0.0,0,0
104.1428794944386,218.28532251964043,22.117607626819968,0.0,0.0,0.0,0,0,0,0.0,0.0,0.0,0.0,0.0,0,0
101.5330368193872,220.70517709223105,22.159982088780858,0.0,0.0,0.0,0,0,0,0.0,0.0,0.0,0.0,0.0,0,0
91.82083615681199,204.85569342211394,21.05064198016546,0.0,0.0,0.0,0,0,0,0.0,0.0,0.0,0.0,0.0,0,0
87.79450977305973,265.2554052777127,21.616974340849836,0.0,0.0,0.0,0,0,0,0.0,0.0,0.0,0.0,0.0,0,0
101.02616679983112,307.4777105974586,22.202459096284322,0.0,0.0,0.0,0,0,0,0.0,0.0,0.0,0.0,0.0,0,0
89.76495072901147,206.97300472647143,22.202459096284322,0.0,0.0,0.0,0,0,0,0.0,0.0,0.0,0.0,0.0,0,0
101.02616679983112,209.13650375320472,22.28772229885734,0.0,0.0,0.0,0,0,0,0.0,0.0,0.0,0.0,0.0,0,0
104.68049512451793,184.22292190812155,22.202459096284322,0.0,0.0,0.0,0,0,0,0.0,0.0,0.0,0.0,0.0,0,0
92.66842176880655,239.3652489782259,22.28772229885734,0.0,0.0,0.0,0,0,0,0.0,0.0,0.0,0.0,0.0,0,0
101.5330368193872,215.92040254306553,22.202459096284322,0.0,0.0,0.0,0,0,0,0.0,0.0,0.0,0.0,0.0,0,0
100.52415418066585,220.70517709223105,22.202459096284322,0.0,0.0,0.0,-0.3,0,0,-0.3,0.0,0.0,0.0,0.0,0,0
94.8539958627646,187.6483042942066,22.075335325140372,-0.005007237616719349,5.411476507313733e-06,-0.0021614609949466824,-0.3,0,0,-0.29499276238328065,-5.411476507313733e-06,0.0021614609949466824,0.004855505979048225,0.005158975102738739,0,0
101.02616679983112,261.6981137825328,21.250766618660897,-0.029588222280614335,3.1976906634126674e-05,-6.071532165918825e-18,-0.3,0,0,-0.2704117777193856,-3.1976906634126674e-05,6.071532165918825e-18,0.02958823955982512,0.02958823955982512,0,0
116.02925942608664,437.33222201576723,24.466187237839733,-0.056596721924349676,-8.477945769157683e-05,0.008645843979786724,-0.3,0,0,-0.24340327807565032,8.477945769157683e-05,-0.008645843979786724,0.0572039298156619,0.055990053320899846,0,0
159.58252707905322,204.85569342211394,26.393218193002895,-0.08345184160411317,-0.0004040491134992654,0.01513022696462673,-0.3,0,0,-0.21654815839588681,0.0004040491134992654,-0.01513022696462673,0.08451615094780816,0.08239186708197457,0,0
140.84502956740286,512.8513118946122,28.004743143301148,-0.11083608746494131,-0.0008628143647946135,0.018372418457046756,-0.3,0,0,-0.18916391253505868,0.0008628143647946135,-0.018372418457046756,0.11213184120364494,0.10955235365227559,0,0
140.84502956740286,239.3652489782259,29.56820969111582,-0.13738515439509552,-0.0013506398211195255,0.018372418457046756,-0.3,0,0,-0.16261484560490447,0.0013506398211195255,-0.018372418457046756,0.13868538952656492,0.13610590197519556,0,0
167.46934895889862,703.2691653992177,23.526447916444262,-0.16310100481672188,-0.0017536554162088166,0.012968765969680027,-0.3,0,0,-0.1368989951832781,0.0017536554162088166,-0.012968765969680027,0.16402506135472283,0.16220424661257976,0,0
126.84939257625024,437.33222201576723,34.85094051287913,-0.18783165854113634,-0.0020743994587011467,0.012968765969680027,-0.3,0,0,-0.11216834145886365,0.0020743994587011467,-0.012968765969680027,0.18875779493549974,0.18693698019335667,0,0
128.44498763419128,353.40072554933454,39.10299164548677,-0.21165259356625013,-0.002331849591585452,0.008645843979786676,-0.3,0,0,-0.08834740643374986,0.002331849591585452,-0.008645843979786676,0.21227665202151458,0.21106277552675254,0,0
129.25786434407527,280.5772654118684,30.790100524402142,-0.23410925626145176,-0.0023803888676682625,-0.004322921989893383,-0.3,0,0,-0.06589074373854822,0.0023803888676682625,0.004322921989893383,0.23382295980354106,0.23442989805092213,0,0
115.37236097408694,1284.2268420173286,48.719098859537986,-0.2540618588325656,-0.0022402245524270658,-0.009726574477260112,-0.3,0,0,-0.04593814116743439,0.0022402245524270658,0.009726574477260112,0.2533967182815792,0.25476232933818654,0,0
121.56203207857888,1019.267059271828,62.833136667956715,-0.2696138317185723,-0.0020805477736341883,-0.01080730497473345,-0.3,0,0,-0.030386168281427706,0.0020805477736341883,0.01080730497473345,0.26887364358979543,0.270390989208248,0,0
129.25786434407527,223.1819809443389,110.36868736531008,-0.2813723520623558,-0.0019344006459597275,-0.014049496467153477,-0.3,0,0,-0.01862764793764421,0.0019344006459597275,0.014049496467153477,0.280405470290035,0.2823780195940233,0,0
134.3591943699604,544.8761250677193,59.067719529011335,-0.2892616461686995,-0.001815024726072566,-0.016210957462100148,-0.3,0,0,-0.010738353831300507,0.001815024726072566,0.016210957462100148,0.2881439329441431,0.2904199513718219,0,0
116.69355260679126,284.7075611688845,51.55362639757167,-0.2937372661535843,-0.0017448833688151373,-0.015130226964626809,-0.3,0,0,-0.00626273384641568,0.0017448833688151373,0.015130226964626809,0.2926959697995008,0.2948202536653344,0,0
129.25786434407527,323.12240163650586,45.88875276428319,-0.2943441246525004,-0.0017350447496414876,-0.01729168795957349,-0.3,0,0,-0.0056558753474995616,0.0017350447496414876,0.01729168795957349,0.29315117348503655,0.29557892647456063,0,0
125.29273453547381,734.7683303247097,50.24476518910293,-0.2943441246525004,-0.0017350447496414876,-0.01729168795957349,-0.3,0,0,-0.0056558753474995616,0.0017350447496414876,0.01729168795957349,0.29315117348503655,0.29557892647456063,0,0
119.42733126216413,261.6981137825328,44.45675008456414,-0.2943441246525004,-0.0017350447496414876,-0.01729168795957349,-0.3,0,0,-0.0056558753474995616,0.0017350447496414876,0.01729168795957349,0.29315117348503655,0.29557892647456063,0,0
123.02757911911826,206.97300472647143,48.31637032889038,-0.29426826801576683,-0.0017363155675121117,-0.016210957462100148,-0.3,0,0,-0.005731731984233157,0.0017363155675121117,0.016210957462100148,0.29315117348503655,0.2954271919127154,0,0
139.88023555455067,648.3999468665874,51.25784283159802,-0.29426826801576683,-0.0017363155675121117,-0.016210957462100148,-0.3,0,0,-0.005731731984233157,0.0017363155675121117,0.016210957462100148,0.29315117348503655,0.2954271919127154,0,0
119.42733126216413,184.22292190812155,44.69032492014681,-0.29426826801576683,-0.0017363155675121117,-0.016210957462100148,-0.3,0,0,-0.005731731984233157,0.0017363155675121117,0.016210957462100148,0.29315117348503655,0.2954271919127154,0,0
130.08105893503551,390.5444991736698,49.68085184346885,-0.29426826801576683,-0.0017363155675121117,-0.016210957462100148,-0.3,0,0,-0.005731731984233157,0.0017363155675121117,0.016210957462100148,0.29315117348503655,0.2954271919127154,0,0
107.45140018288424,152.41788953728954,42.875588389285745,-0.29426826801576683,-0.0017363155675121117,-0.016210957462100148,-0.3,0,0,-0.005731731984233157,0.0017363155675121117,0.016210957462100148,0.29315117348503655,0.2954271919127154,0,0
125.29273453547381,261.6981137825328,51.25784283159802,-0.29426826801576683,-0.0017363155675121117,-0.016210957462100148,-0.3,0,0,-0.005731731984233157,0.0017363155675121117,0.016210957462100148,0.29315117348503655,0.2954271919127154,0,0
111.57932338755117,254.878386734463,49.54152688927771,-0.29426826801576683,-0.0017363155675121117,-0.016210957462100148,-0.3,0,0,-0.005731731984233157,0.0017363155675121117,0.016210957462100148,0.29315117348503655,0.2954271919127154,0,0
134.3591943699604,223.1819809443389,47.52728688645133,-0.29426826801576683,-0.0017363155675121117,-0.016210957462100148,-0.3,0,0,-0.005731731984233157,0.0017363155675121117,0.016210957462100148,0.29315117348503655,0.2954271919127154,0,0
108.02276929750369,512.8513118946122,47.919138344411984,-0.29426826801576683,-0.0017363155675121117,-0.016210957462100148,-0.3,0,0,-0.005731731984233157,0.0017363155675121117,0.016210957462100148,0.29315117348503655,0.2954271919127154,0,0
123.77355272308415,346.8640580657511,44.92590039496099,-0.29426826801576683,-0.0017363155675121117,-0.016210957462100148,-0.3,0,0,-0.005731731984233157,0.0017363155675121117,0.016210957462100148,0.29315117348503655,0.2954271919127154,0,0
