FDist,LDist,RDist,XEst,YEst,ThetaEst,XDes,YDes,ThetaDes,XError,YError,ThetaError,SL,SR,RW,LW
68.23833891011859,1284.2268420173286,23.344165399617317,0.0,0.0,0.0,0,0,0,0.0,0.0,0.0,0.0,0.0,0,0
72.59760196071355,1411.3480414449798,23.344165399617317,-7.559456226960134e-05,4.070184633380478e-08,-0.0010768457724644501,0,0,0,7.559456226960134e-05,-4.070184633380478e-08,0.0010768457724644501,0.0,0.00015118914645400878,0,0
72.32728403086773,196.81893899271049,23.480705112311483,-7.559456226960134e-05,4.070184633380478e-08,-0.0010768457724644501,0,0,0,7.559456226960134e-05,-4.070184633380478e-08,0.0010768457724644501,0.0,0.00015118914645400878,0,0
60.603559569501805,28.892132026161015,23.344165399617317,-7.559456226960134e-05,4.070184633380478e-08,-0.0010768457724644501,0,0,0,7.559456226960134e-05,-4.070184633380478e-08,0.0010768457724644501,0.0,0.00015118914645400878,0,0
73.41971802386729,45.88875276428319,23.572306256804332,-7.559456226960134e-05,4.070184633380478e-08,-0.0010768457724644501,0,0,0,7.559456226960134e-05,-4.070184633380478e-08,0.0010768457724644501,0.0,0.00015118914645400878,0,0
68.97275209823704,74.25900132173959,22.676586373412853,-7.559456226960134e-05,4.070184633380478e-08,-0.0010768457724644501,0,0,0,7.559456226960134e-05,-4.070184633380478e-08,0.0010768457724644501,0.0,0.00015118914645400878,0,0
73.41971802386729,248.42442609070224,18.508914058826775,-7.559456226960134e-05,4.070184633380478e-08,-0.0010768457724644501,0,0,0,7.559456226960134e-05,-4.070184633380478e-08,0.0010768457724644501,0.0,0.00015118914645400878,0,0
390.5444991736698,45.64490144276858,353.40072554933454,-7.559456226960134e-05,4.070184633380478e-08,-0.0010768457724644501,0,0,0,7.559456226960134e-05,-4.070184633380478e-08,0.0010768457724644501,0.0,0.00015118914645400878,0,0
544.8761250677193,38.54058218127202,228.31501027837746,-7.559456226960134e-05,4.070184633380478e-08,-0.0010768457724644501,0,0,0,7.559456226960134e-05,-4.070184633380478e-08,0.0010768457724644501,0.0,0.00015118914645400878,0,0
1093.1463157010076,38.172601280949785,265.2554052777127,-7.559456226960134e-05,4.070184633380478e-08,-0.0010768457724644501,0,0,0,7.559456226960134e-05,-4.070184633380478e-08,0.0010768457724644501,0.0,0.00015118914645400878,0,0
248.42442609070224,39.19797072143669,54.67822383804812,-7.559456226960134e-05,4.070184633380478e-08,-0.0010768457724644501,0,0,0,7.559456226960134e-05,-4.070184633380478e-08,0.0010768457724644501,0.0,0.00015118914645400878,0,0
142.81538054950164,39.87305607130267,225.71785045590883,-7.559456226960134e-05,4.070184633380478e-08,-0.0010768457724644501,0,0,0,7.559456226960134e-05,-4.070184633380478e-08,0.0010768457724644501,0.0,0.00015118914645400878,0,0
209.13650375320472,39.97098488311734,75.99135610686974,-7.559456226960134e-05,4.070184633380478e-08,-0.0010768457724644501,0,0,0,7.559456226960134e-05,-4.070184633380478e-08,0.0010768457724644501,0.0,0.00015118914645400878,0,0
123.02757911911826,32.800418117764416,85.90410486184942,-7.559456226960134e-05,4.070184633380478e-08,-0.0010768457724644501,0,0,0,7.559456226960134e-05,-4.070184633380478e-08,0.0010768457724644501,0.0,0.00015118914645400878,0,0
133.48121220361529,34.30133937049984,112.19442975602797,-7.559456226960134e-05,4.070184633380478e-08,-0.0010768457724644501,0,0,0,7.559456226960134e-05,-4.070184633380478e-08,0.0010768457724644501,0.0,0.00015118914645400878,0,0
129.25786434407527,1411.3480414449798,89.36420701132127,-7.559456226960134e-05,4.070184633380478e-08,-0.0010768457724644501,0,0,0,7.559456226960134e-05,-4.070184633380478e-08,0.0010768457724644501,0.0,0.00015118914645400878,0,0
146.92774685951784,1284.2268420173286,69.7215507122142,-7.559456226960134e-05,4.070184633380478e-08,-0.0010768457724644501,0,0,0,7.559456226960134e-05,-4.070184633380478e-08,0.0010768457724644501,0.0,0.00015118914645400878,0,0
146.92774685951784,1411.3480414449798,114.0802412881919,-7.559456226960134e-05,4.070184633380478e-08,-0.0010768457724644501,0,0,0,7.559456226960134e-05,-4.070184633380478e-08,0.0010768457724644501,0.0,0.00015118914645400878,0,0
162.1258003695371,1570.544100534677,94.8539958627646,-7.559456226960134e-05,4.070184633380478e-08,-0.0010768457724644501,0,0,0,7.559456226960134e-05,-4.070184633380478e-08,0.0010768457724644501,0.0,0.00015118914645400878,0,0
133.48121220361529,35.33264212856703,80.33749690282312,-7.559456226960134e-05,4.070184633380478e-08,-0.0010768457724644501,0,0,0,7.559456226960134e-05,-4.070184633380478e-08,0.0010768457724644501,0.0,0.00015118914645400878,0,0
132.61463364415852,1411.3480414449798,75.69750294678715,-7.559456226960134e-05,4.070184633380478e-08,-0.0010768457724644501,0,0,0,7.559456226960134e-05,-4.070184633380478e-08,0.0010768457724644501,0.0,0.00015118914645400878,0,0
134.3591943699604,1411.3480414449798,84.44606393366254,-7.559456226960134e-05,4.070184633380478e-08,-0.0010768457724644501,0,0,0,7.559456226960134e-05,-4.070184633380478e-08,0.0010768457724644501,0.0,0.00015118914645400878,0,0
124.52854747504531,1284.2268420173286,75.99135610686974,-7.559456226960134e-05,4.070184633380478e-08,-0.0010768457724644501,0,0,0,7.559456226960134e-05,-4.070184633380478e-08,0.0010768457724644501,0.0,0.00015118914645400878,0,0
138.92864283985838,1411.3480414449798,84.08878225753256,-7.559456226960134e-05,4.070184633380478e-08,-0.0010768457724644501,0,0,0,7.559456226960134e-05,-4.070184633380478e-08,0.0010768457724644501,0.0,0.00015118914645400878,0,0
129.25786434407527,31.191035234338365,116.02925942608664,-7.559456226960134e-05,4.070184633380478e-08,-0.0010768457724644501,0,0,0,7.559456226960134e-05,-4.070184633380478e-08,0.0010768457724644501,0.0,0.00015118914645400878,0,0
137.98997206957193,31.056556411796677,71.00273031673345,-7.559456226960134e-05,4.070184633380478e-08,-0.0010768457724644501,0,0,0,7.559456226960134e-05,-4.070184633380478e-08,0.0010768457724644501,0.0,0.00015118914645400878,0,0
193.04122344313365,35.25166339646849,66.81098138696464,-7.559456226960134e-05,4.070184633380478e-08,-0.0010768457724644501,0,0,0,7.559456226960134e-05,-4.070184633380478e-08,0.0010768457724644501,0.0,0.00015118914645400878,0,0
150.1726803268919,36.753643113630005,76.28731360165042,-7.559456226960134e-05,4.070184633380478e-08,-0.0010768457724644501,0,0,0,7.559456226960134e-05,-4.070184633380478e-08,0.0010768457724644501,0.0,0.00015118914645400878,0,0
97.14019014961423,35.65938806674725,76.28731360165042,-7.559456226960134e-05,4.070184633380478e-08,-0.0010768457724644501,0,0,0,7.559456226960134e-05,-4.070184633380478e-08,0.0010768457724644501,0.0,0.00015118914645400878,0,0
106.32612268515561,32.873131352234964,74.54267433246892,-7.559456226960134e-05,4.070184633380478e-08,-0.0010768457724644501,0,0,0,7.559456226960134e-05,-4.070184633380478e-08,0.0010768457724644501,0.0,0.00015118914645400878,0,0
134.3591943699604,31.87626906490098,120.84213728458607,-7.559456226960134e-05,4.070184633380478e-08,-0.0010768457724644501,0,0,0,7.559456226960134e-05,-4.070184633380478e-08,0.0010768457724644501,0.0,0.00015118914645400878,0,0
134.3591943699604,31.87626906490098,97.14019014961423,-7.559456226960134e-05,4.070184633380478e-08,-0.0010768457724644501,0,0,0,7.559456226960134e-05,-4.070184633380478e-08,0.0010768457724644501,0.0,0.00015118914645400878,0,0
134.3591943699604,31.123690737050055,147.99350743133397,-7.559456226960134e-05,4.070184633380478e-08,-0.0010768457724644501,0,0,0,7.559456226960134e-05,-4.070184633380478e-08,0.0010768457724644501,0.0,0.00015118914645400878,0,0
129.25786434407527,33.388857821495826,82.68751571021457,-7.559456226960134e-05,4.070184633380478e-08,-0.0010768457724644501,0,0,0,7.559456226960134e-05,-4.070184633380478e-08,0.0010768457724644501,0.0,0.00015118914645400878,0,0
123.77355272308415,34.613790153652,90.98786202822609,-7.559456226960134e-05,4.070184633380478e-08,-0.0010768457724644501,0,0,0,7.559456226960134e-05,-4.070184633380478e-08,0.0010768457724644501,0.0,0.00015118914645400878,0,0
159.58252707905322,39.48508308650554,80.33749690282312,-7.559456226960134e-05,4.070184633380478e-08,-0.0010768457724644501,0,0,0,7.559456226960134e-05,-4.070184633380478e-08,0.0010768457724644501,0.0,0.00015118914645400878,0,0
145.87739303694283,84.8062010048873,75.99135610686974,-7.559456226960134e-05,4.070184633380478e-08,-0.0010768457724644501,0,0,0,7.559456226960134e-05,-4.070184633380478e-08,0.0010768457724644501,0.0,0.00015118914645400878,0,0
139.88023555455067,1411.3480414449798,81.6648832554738,-7.559456226960134e-05,4.070184633380478e-08,-0.0010768457724644501,0,0,0,7.559456226960134e-05,-4.070184633380478e-08,0.0010768457724644501,0.0,0.00015118914645400878,0,0
130.08105893503551,1284.2268420173286,69.7215507122142,-7.559456226960134e-05,4.070184633380478e-08,-0.0010768457724644501,0,0,0,7.559456226960134e-05,-4.070184633380478e-08,0.0010768457724644501,0.0,0.00015118914645400878,0,0
138.92864283985838,1284.2268420173286,82.00312876373096,-7.559456226960134e-05,4.070184633380478e-08,-0.0010768457724644501,0,0,0,7.559456226960134e-05,-4.070184633380478e-08,0.0010768457724644501,0.0,0.00015118914645400878,0,0
146.92774685951784,674.6059938250444,67.99665713203012,-7.559456226960134e-05,4.070184633380478e-08,-0.0010768457724644501,0,0,0,7.559456226960134e-05,-4.070184633380478e-08,0.0010768457724644501,0.0,0.00015118914645400878,0,0
133.48121220361529,1570.544100534677,80.99613175561399,-7.559456226960134e-05,4.070184633380478e-08,-0.0010768457724644501,0,0,0,7.559456226960134e-05,-4.070184633380478e-08,0.0010768457724644501,0.0,0.00015118914645400878,0,0
142.81538054950164,484.6780696502813,72.32728403086773,-7.559456226960134e-05,4.070184633380478e-08,-0.0010768457724644501,0,0,0,7.559456226960134e-05,-4.070184633380478e-08,0.0010768457724644501,0.0,0.00015118914645400878,0,0
138.92864283985838,1411.3480414449798,121.56203207857888,-7.559456226960134e-05,4.070184633380478e-08,-0.0010768457724644501,0,0,0,7.559456226960134e-05,-4.070184633380478e-08,0.0010768457724644501,0.0,0.00015118914645400878,0,0
