FDist,LDist,RDist,XEst,YEst,ThetaEst,XDes,YDes,ThetaDes,XError,YError,ThetaError,SL,SR,RW,LW
48.44999661828506,62.624502623767405,43.09587104878454,0.02166920310543776,-0.0027802320891347873,-0.25521244807407467,0,0,0,0,0,0,-0.03976274551740431,-0.003930917807804228,0,0
48.44999661828506,54.842902515546676,43.31797937953491,0.02166920310543776,-0.0027802320891347873,-0.25521244807407467,0,0,0,0,0,0,-0.03976274551740431,-0.003930917807804228,0,0
40.869665833746936,75.69750294678715,38.72664396960077,0.02166920310543776,-0.0027802320891347873,-0.25521244807407467,0,0,0,0,0,0,-0.03976274551740431,-0.003930917807804228,0,0
48.31637032889038,66.5782896093539,39.38901428946319,0.02166920310543776,-0.0027802320891347873,-0.25521244807407467,0,0,0,0,0,0,-0.03976274551740431,-0.003930917807804228,0,0
48.44999661828506,73.9772983740448,43.09587104878454,0.02166920310543776,-0.0027802320891347873,-0.25521244807407467,0,0,0,0,0,0,-0.03976274551740431,-0.003930917807804228,0,0
46.3829042936969,54.351395854975586,42.012254864281495,0.02166920310543776,-0.0027802320891347873,-0.25521244807407467,0,0,0,0,0,0,-0.03976274551740431,-0.003930917807804228,0,0
48.584237987391454,71.79211210149265,43.09587104878454,0.02166920310543776,-0.0027802320891347873,-0.25521244807407467,0.21199999999999997,-0.30400000000000005,0,0,0,0,-0.03976274551740431,-0.003930917807804228,0,0
48.31637032889038,63.043003529206196,44.11008151330754,0.02166920310543776,-0.0027802320891347873,-0.25521244807407467,0.21199999999999997,-0.30400000000000005,0,0,0,0,-0.03976274551740431,-0.003930917807804228,0,0
48.584237987391454,62.417090148203904,44.22514953619365,0.02166920310543776,-0.0027802320891347873,-0.25521244807407467,0.21199999999999997,-0.30400000000000005,0,0,0,0,-0.03976274551740431,-0.003930917807804228,0,0
48.31637032889038,57.95982861765,43.76776822876407,0.02166920310543776,-0.0027802320891347873,-0.25521244807407467,0.21199999999999997,-0.30400000000000005,0,0,0,0,-0.03976274551740431,-0.003930917807804228,0,0
48.584237987391454,56.36420238587991,43.9954973922686,0.02166920310543776,-0.0027802320891347873,-0.25521244807407467,0.21199999999999997,-0.30400000000000005,0,0,0,0,-0.03976274551740431,-0.003930917807804228,64,64
43.09587104878454,63.043003529206196,36.8399334734816,0.031109006616247256,-0.005226813687948872,-0.2519819107566813,0.21199999999999997,-0.30400000000000005,0,0,0,0,-0.049287661744006867,-0.013909401473768807,64,64
44.45675008456414,1776.501489545449,43.20669553443567,0.07352035171433852,-0.016928500960887556,-0.2864409754755437,0.21199999999999997,-0.30400000000000005,0,0,0,0,-0.09570272970538757,-0.05548641674862122,64,64
40.167981003823776,93.53102222430564,43.31797937953491,0.11341908471305659,-0.02914873620098595,-0.3079778909248327,0.21199999999999997,-0.30400000000000005,0,0,0,0,-0.13894282559123408,-0.09570272970538755,64,64
37.0134486413167,64.3287418393918,44.45675008456414,0.14691234253562446,-0.039308549132374485,-0.28105674661322144,0.21199999999999997,-0.30400000000000005,0,0,0,0,-0.172053248664662,-0.1325928814401657,64,64
29.196701571220196,61.397967211159504,43.88139400932728,0.1819624671002951,-0.04926412260244823,-0.2724419804335058,0.21199999999999997,-0.30400000000000005,0,0,0,0,-0.2078850763742621,-0.16963422232139785,64,64
27.889309733104497,64.98920973082122,44.69032492014681,0.2189788780933428,-0.05919900969200225,-0.2519819107566813,0.21199999999999997,-0.30400000000000005,0,0,0,0,-0.24477522810904023,-0.20939696783880216,0,0
22.502702204181062,64.1112337943502,43.20669553443567,0.24874152184742615,-0.06604658707554506,-0.20029331367838768,0.21199999999999997,-0.30400000000000005,0,0,0,0,-0.2716868961778538,-0.24356571493740814,-51,51
23.435077391437254,66.34704544306035,43.88139400932728,0.2496903857241415,-0.06630234969829657,-0.32628426905672836,0.21199999999999997,-0.30400000000000005,0,0,0,0,-0.2815141906973644,-0.23570387932179968,-51,51
29.013419717033194,152.41788953728954,53.23336332033228,0.2519124196735787,-0.06759408217490921,-0.7268708964135038,0.21199999999999997,-0.30400000000000005,0,0,0,0,-0.3122055874275282,-0.2101529135710722,-51,51
48.44999661828506,28.06270908445,59.255959637469736,0.25285321360213164,-0.06877760343984156,-1.0714615436021278,0.21199999999999997,-0.30400000000000005,0,0,0,0,-0.33790774232470966,-0.18747454160297086,-51,51
40.869665833746936,23.435077391437254,106.88588226030939,0.25195388827051507,-0.06604941558195947,-1.4332817231501829,0.21199999999999997,-0.30400000000000005,0,0,0,0,-0.36043492514635694,-0.15920217121607122,-51,51
41.48668155431983,22.632955363231254,48.854583701372256,0.25257688767988096,-0.05912267507321004,-1.887710639130181,0.21199999999999997,-0.30400000000000005,0,0,0,0,-0.3853811343112684,-0.12034656057739096,-51,51
58.32507928939602,29.25815894523266,155.91651753124995,0.25378893904868804,-0.05711703204909228,-2.3410627093377148,0.21199999999999997,-0.30400000000000005,0,0,0,0,-0.4148630178698001,-0.08617781347878498,-51,51
60.603559569501805,48.05094550934816,92.2427776670329,0.25629359540038654,-0.05529142599583098,-2.6824228192089454,0.21199999999999997,-0.30400000000000005,0,0,0,0,-0.43572712008045333,-0.0591149562635174,-51,51
87.79450977305973,46.25855108998474,66.5782896093539,0.2584659685372521,-0.05464036493459285,-3.018398700217854,0.21199999999999997,-0.30400000000000005,0,0,0,0,-0.4570447897304686,-0.03326161221988189,0,0
56.53772243679344,47.01299362275322,59.255959637469736,0.26035398246838026,-0.05472397464828826,-3.353297735454298,0.21199999999999997,-0.30400000000000005,0,0,0,0,-0.47866483767339185,-0.00786183561560842,64,64
95.7560002023429,47.14070323672423,59.635598880684206,0.2511231749723363,-0.052703610156437646,-3.360835655861549,0.21199999999999997,-0.30400000000000005,0,0,0,0,-0.48864332133935645,-0.016781995256394937,64,64
37.63074993470196,46.25855108998474,60.01951173605402,0.21607950122528363,-0.04487520640424163,-3.3619125016340132,0.21199999999999997,-0.30400000000000005,0,0,0,0,-0.5246263381954106,-0.052613822965995025,0,0
31.530946491144263,47.26898596692454,57.2411266723497,0.18824333718691316,-0.03842042261676277,-3.3769883424485156,0.21199999999999997,-0.30400000000000005,0,0,0,0,-0.5542594109003963,-0.08013024762062462,0,0
30.790100524402142,47.14070323672423,56.36420238587991,0.18802289340162676,-0.038367174207951306,-3.380218879765909,0.21199999999999997,-0.30400000000000005,0,0,0,0,-0.5547129783397583,-0.08013024762062462,0,0
28.355061199586004,45.64490144276858,54.18923313555184,0.18802289340162676,-0.038367174207951306,-3.380218879765909,0.21199999999999997,-0.30400000000000005,0,0,0,0,-0.5547129783397583,-0.08013024762062462,0,0
30.396551423726756,45.64490144276858,52.0027403531362,0.18802289340162676,-0.038367174207951306,-3.380218879765909,0.21199999999999997,-0.30400000000000005,0,0,0,0,-0.5547129783397583,-0.08013024762062462,0,0
30.396551423726756,44.92590039496099,54.027895775402335,0.18802289340162676,-0.038367174207951306,-3.380218879765909,0.21199999999999997,-0.30400000000000005,0,0,0,0,-0.5547129783397583,-0.08013024762062462,0,0
31.056556411796677,47.397845831374006,56.19159937776923,0.18802289340162676,-0.038367174207951306,-3.380218879765909,0.21199999999999997,-0.30400000000000005,0,0,0,0,-0.5547129783397583,-0.08013024762062462,0,0
31.191035234338365,47.14070323672423,56.71216714571853,0.18802289340162676,-0.038367174207951306,-3.380218879765909,0.21199999999999997,-0.30400000000000005,0,0,0,0,-0.5547129783397583,-0.08013024762062462,0,0
30.658107400064964,47.787928988589464,53.867377246779164,0.18802289340162676,-0.038367174207951306,-3.380218879765909,0.21199999999999997,-0.30400000000000005,0,0,0,0,-0.5547129783397583,-0.08013024762062462,0,0
31.191035234338365,47.26898596692454,56.19159937776923,0.18802289340162676,-0.038367174207951306,-3.380218879765909,0.21199999999999997,-0.30400000000000005,0,0,0,0,-0.5547129783397583,-0.08013024762062462,0,0
30.26697313093551,45.766561441787665,52.153917529280825,0.18802289340162676,-0.038367174207951306,-3.380218879765909,0.21199999999999997,-0.30400000000000005,0,0,0,0,-0.5547129783397583,-0.08013024762062462,0,0
