FDist,LDist,RDist,XEst,YEst,ThetaEst,XDes,YDes,ThetaDes,XError,YError,ThetaError,SL,SR,RW,LW
648.3999468665874,40.76824443801301,25.053809401176977,0.0,0.0,0.0,0,0,0,0.0,0.0,0.0,0.0,0.0,0,0
407.8990969411948,40.869665833746936,25.10361938144616,0.0,0.0,0.0,0,0,0,0.0,0.0,0.0,0.0,0.0,0,0
1019.267059271828,40.97148724743448,24.954583122703667,0.0,0.0,0.0,0,0,0,0.0,0.0,0.0,0.0,0.0,0,0
448.2028325964311,40.26705290654683,23.943387448052704,0.0,0.0,0.0,0,0,0,0.0,0.0,0.0,0.0,0.0,0,0
459.67991945810627,41.48668155431983,24.954583122703667,0.0,0.0,0.0,0,0,0,0.0,0.0,0.0,0.0,0.0,0,0
147.99350743133397,39.58151945793042,23.253708365120502,0.0,0.0,0.0,0,0,0,0.0,0.0,0.0,0.0,0.0,0,0
624.3377665398167,41.69564725646781,25.15356131134849,0.0,0.0,0.0,0,0,0,0.0,0.0,0.0,0.0,0.0,0,0
312.50933522689996,40.46635602354186,24.514455284677474,0.0,0.0,0.0,0,0,0,0.0,0.0,0.0,0.0,0.0,0,0
353.40072554933454,41.80075928277381,25.203635736394993,0.0,0.0,0.0,0,0,0,0.0,0.0,0.0,0.0,0.0,0,0
648.3999468665874,42.118643758499466,25.30418426932561,0.0,0.0,0.0,0,0,0,0.0,0.0,0.0,0.0,0.0,0,0
220.70517709223105,40.06929243145368,24.514455284677474,0.0,0.0,0.0,0,0,0,0.0,0.0,0.0,0.0,0.0,0,0
284.7075611688845,42.332717273451834,25.10361938144616,0.0,0.0,0.0,0,0,0,0.0,0.0,0.0,0.0,0.0,0,0
346.8640580657511,40.97148724743448,25.10361938144616,0.0,0.0,0.0,0.5,0,0,0.5,0.0,0.0,0.0,0.0,0,0
223.1819809443389,43.20669553443567,25.10361938144616,0.004476168930956538,2.4001328594812265e-06,0.0010724048473055104,0.5,0,0,0.49552383106904346,-2.4001328594812265e-06,-0.0010724048473055104,-0.004400302293512454,-0.004552036855357711,0,0
459.67991945810627,43.09587104878454,32.94608262610615,0.026325933272483226,2.5831935034416438e-05,0.0010724048473055104,0.5,0,0,0.4736740667275168,-2.5831935034416438e-05,-0.0010724048473055104,-0.026250079199229462,-0.02640181376107472,0,0
284.7075611688845,42.332717273451834,42.44040737188923,0.048479166563197784,4.958917890622575e-05,0.0010724048473055104,0.5,0,0,0.4515208334368022,-4.958917890622575e-05,-0.0010724048473055104,-0.04840332522863698,-0.04855505979048225,0,0
245.3252030939217,73.14379906825155,66.5782896093539,0.06615622014742027,7.802464035762685e-05,0.0021448096946110086,0.5,0,0,0.4338437798525797,-7.802464035762685e-05,-0.0021448096946110086,-0.0660045344026868,-0.06630800352637732,0,0
288.9697116820819,80.66556470717478,67.04513494735056,0.08838530469753697,0.00011378253823428119,0.0010724048473054859,0.5,0,0,0.41161469530246303,-0.00011378253823428119,-0.0010724048473054859,-0.08830951499393959,-0.08846124955578484,0,0
323.12240163650586,49.54152688927771,28.120842178481034,0.11076607213494069,0.00017378579071438465,0.004289619389222029,0.5,0,0,0.3892339278650593,-0.00017378579071438465,-0.004289619389222029,-0.11046276102334711,-0.11106969927072813,0,0
624.3377665398167,42.118643758499466,32.65570094258199,0.13329826262621672,0.00030668729855949347,0.0075068339311385734,0.5,0,0,0.3667017373737833,-0.00030668729855949347,-0.0075068339311385734,-0.1327677416145999,-0.13382988354751668,0,0
236.49825525583836,40.26705290654683,32.369070457727666,0.15537492728094696,0.0004842545439539167,0.008579238778444073,0.5,0,0,0.34462507271905307,-0.0004842545439539167,-0.008579238778444073,-0.15476925308216216,-0.1559831295769242,0,0
284.7075611688845,42.985502974536416,30.989631238220753,0.17752754911727067,0.0006505537210247927,0.006434429083833052,0.5,0,0,0.32247245088272936,-0.0006505537210247927,-0.006434429083833052,-0.17707423367341493,-0.17798464104448647,0,0
1284.2268420173286,39.87305607130267,26.18097245007521,0.19945248411801653,0.0008269005729800787,0.009651643625749572,0.5,0,0,0.3005475158819835,-0.0008269005729800787,-0.009651643625749572,-0.1987722760172867,-0.200137887073894,0,0
307.4777105974586,39.77550372711136,20.852837358537094,0.22145246477874525,0.0010864343565928493,0.013941263014971613,0.5,0,0,0.27854753522125475,-0.0010864343565928493,-0.013941263014971613,-0.22047031836115846,-0.22244286766514676,0,0
851.4899528953961,36.753643113630005,22.720324710149534,0.24360387646150547,0.001371513469006325,0.011796453320360592,0.5,0,0,0.2563961235384945,-0.001371513469006325,-0.011796453320360592,-0.24277529895241123,-0.24444437913270903,0,0
1411.3480414449798,35.17096471366344,23.61828058878553,0.2656798555934746,0.0016201050394893323,0.010724048473055095,0.5,0,0,0.23432014440652538,-0.0016201050394893323,-0.010724048473055095,-0.2649285449818188,-0.2664458906002713,0,0
1284.2268420173286,30.13818450719404,24.660015279911583,0.2879078153094162,0.0018465679061487976,0.009651643625749572,0.5,0,0,0.21209218469058377,-0.0018465679061487976,-0.009651643625749572,-0.2872335255730716,-0.28859913662967884,0,0
236.49825525583836,70.48517871055273,26.824785427057037,0.31013577502535783,0.002073030772808263,0.010724048473055095,0.5,0,0,0.18986422497464217,-0.002073030772808263,-0.010724048473055095,-0.3093867716024791,-0.31090411722093164,0,0
437.33222201576723,163.42873978461637,19.241682753275676,0.33236347909981473,0.002323330876421738,0.011796453320360618,0.5,0,0,0.16763652090018527,-0.002323330876421738,-0.011796453320360618,-0.3315400176318867,-0.33320909781218444,0,0
198.76603234393832,145.87739303694283,22.502702204181062,0.3548183347782292,0.0026123151821559466,0.013941263014971639,0.5,0,0,0.14518166522177078,-0.0026123151821559466,-0.013941263014971639,-0.3538449982231395,-0.35581754752712774,0,0
1284.2268420173286,151.28683687310368,21.371972721925673,0.3723421020810888,0.0028472364162487706,0.012868858167666116,0.5,0,0,0.1276578979189112,-0.0028472364162487706,-0.012868858167666116,-0.3714462073971893,-0.37326702213933227,0,0
288.9697116820819,138.92864283985838,30.856404298200047,0.3942660789050383,0.0031176309835968885,0.011796453320360592,0.5,0,0,0.10573392109496171,-0.0031176309835968885,-0.011796453320360592,-0.3934477188647516,-0.39511679904504926,0,0
648.3999468665874,173.18670720903205,27.154814473847836,0.41618975314974144,0.0034115367699727585,0.015013667862277112,0.5,0,0,0.08381024685025856,-0.0034115367699727585,-0.015013667862277112,-0.41514576120862334,-0.4172700450744568,0,0
390.5444991736698,211.34777997197892,25.25384320516452,0.4372784802156478,0.003728179705654235,0.015013667862277112,0.5,0,0,0.0627215197843522,-0.003728179705654235,-0.015013667862277112,-0.4362368653051141,-0.43836114917094754,0,0
194.9110753588243,220.70517709223105,24.954583122703667,0.45525827878631475,0.003892078041882717,0.003217214541916485,0.5,0,0,0.04474172121368525,-0.003892078041882717,-0.003217214541916485,-0.4550519509739259,-0.45550715465946157,0,0
769.566351540633,196.81893899271049,30.01017807866701,0.46921782636760123,0.003862137422986944,-0.007506833931138631,0.5,0,0,0.030782173632398768,-0.003862137422986944,0.007506833931138631,-0.46977020347291587,-0.46870806153999894,0,0
206.97300472647143,170.27879631253745,68.48157158520587,0.479686782682017,0.003738635139750521,-0.016086072709582726,0.5,0,0,0.020313217317983023,-0.003738635139750521,0.016086072709582726,-0.4808468264876196,-0.4785708080599407,0,0
602.1580731583105,239.3652489782259,191.20821604693444,0.48681712198675264,0.0036086283588269786,-0.020375692098804778,0.5,0,0,0.013182878013247357,-0.0036086283588269786,0.020375692098804778,-0.4882818200180372,-0.4853988633429772,0,0
448.2028325964311,284.7075611688845,562.6000187683081,0.49098881412539397,0.0035169018520682183,-0.02359290664072132,0.5,0,0,0.009011185874606031,-0.0035169018520682183,0.02359290664072132,-0.4926821223115497,-0.4893439619509539,0,0
254.878386734463,323.12240163650586,562.6000187683081,0.4914438793500889,0.003505675249790323,-0.025737716335332346,0.5,0,0,0.008556120649911125,-0.003505675249790323,0.025737716335332346,-0.4932890605589307,-0.4896474310746444,0,0
900.238757316699,209.13650375320472,280.5772654118684,0.4914438793500889,0.003505675249790323,-0.025737716335332346,0.5,0,0,0.008556120649911125,-0.003505675249790323,0.025737716335332346,-0.4932890605589307,-0.4896474310746444,0,0
399.01729906632625,177.7453057985956,293.3703955349555,0.4914438793500889,0.003505675249790323,-0.025737716335332346,0.5,0,0,0.008556120649911125,-0.003505675249790323,0.025737716335332346,-0.4932890605589307,-0.4896474310746444,0,0
399.01729906632625,328.72509627198025,346.8640580657511,0.4914438793500889,0.003505675249790323,-0.025737716335332346,-0.008556120649911125,0,0,-0.5,-0.003505675249790323,0.025737716335332346,-0.4932890605589307,-0.4896474310746444,0,0
734.7683303247097,353.40072554933454,1411.3480414449798,0.4866656319705112,0.0036209924825828578,-0.02252050179341581,-0.008556120649911125,0,0,-0.49522175262042234,-0.0036209924825828578,0.02252050179341581,-0.4882818200180372,-0.4850953942192867,0,0
484.6780696502813,146.92774685951784,40.26705290654683,0.46656207709088293,0.0038473731223697904,-3.122502256758253e-17,-0.008556120649911125,0,0,-0.47511819774079406,-0.0038473731223697904,3.122502256758253e-17,-0.4665837776741655,-0.46658377767416537,0,0
544.8761250677193,191.20821604693444,24.41804431856243,0.4449410241248647,0.003627093542172017,0.020375692098804705,-0.008556120649911125,0,0,-0.4534971447747758,-0.003627093542172017,-0.020375692098804705,-0.4435201242736864,-0.4464030809487462,0,0
955.6520228707801,312.50933522689996,27.831840782090417,0.4232514156461448,0.003022175699573131,0.035389359961081876,-0.008556120649911125,0,0,-0.43180753629605595,-0.003022175699573131,-0.035389359961081876,-0.42075993999689787,-0.4257671805377912,0,0
228.31501027837746,242.3065498311679,27.889309733104497,0.40164672257548445,0.0021528703588682852,0.04504100358683151,-0.008556120649911125,0,0,-0.4102028432253956,-0.0021528703588682852,-0.04504100358683151,-0.39845495940564507,-0.40482781100314574,0,0
239.3652489782259,189.41093412341306,27.044189133291546,0.3801243967809452,0.0011365675341526566,0.04933062297605355,-0.008556120649911125,0,0,-0.3886805174308563,-0.0011365675341526566,-0.04933062297605355,-0.3766051824999281,-0.38358497234480976,0,0
624.3377665398167,312.50933522689996,25.25384320516452,0.3580699445308294,0.0001306906274608534,0.04182378904491499,-0.008556120649911125,0,0,-0.36662606518074053,-0.0001306906274608534,-0.04182378904491499,-0.3550588747179016,-0.36097652262986646,0,0
448.2028325964311,602.1580731583105,24.17918906549187,0.3363136395789714,-0.0007447151015998164,0.03860657450299847,-0.008556120649911125,0,0,-0.34486976022888255,0.0007447151015998164,-0.03860657450299847,-0.3335125669358751,-0.3389750111623042,0,0
448.2028325964311,130.08105893503551,21.250766618660897,0.3147054163025885,-0.0015213368182697298,0.033244550266470906,-0.008556120649911125,0,0,-0.32326153695249965,0.0015213368182697298,-0.033244550266470906,-0.3122697282775391,-0.316973499694742,0,0
399.01729906632625,45.52376917564831,28.6516875778294,0.2931662445874064,-0.0020758283526640187,0.018230882404193734,-0.008556120649911125,0,0,-0.30172236523731755,0.0020758283526640187,-0.018230882404193734,-0.29178556242842946,-0.2943650499797987,0,0
