FDist,LDist,RDist,XEst,YEst,ThetaEst,XDes,YDes,ThetaDes,XError,YError,ThetaError,SL,SR,RW,LW
180.92431015592842,312.50933522689996,22.720324710149534,0.0,0.0,0.0,0,0,0,0.0,0.0,0.0,0.0,0.0,0,0
544.8761250677193,448.2028325964311,23.896588216502984,0.0,0.0,0.0,0,0,0,0.0,0.0,0.0,0.0,0.0,0,0
399.01729906632625,280.5772654118684,23.389564303261636,0.0,0.0,0.0,0,0,0,0.0,0.0,0.0,0.0,0.0,0,0
399.01729906632625,390.5444991736698,23.074145052998297,0.0,0.0,0.0,0,0,0,0.0,0.0,0.0,0.0,0.0,0,0
293.3703955349555,174.67928447558052,23.1188681289847,0.0,0.0,0.0,0,0,0,0.0,0.0,0.0,0.0,0.0,0,0
288.9697116820819,528.3325926770696,22.632955363231254,0.0,0.0,0.0,0,0,0,0.0,0.0,0.0,0.0,0.0,0,0
268.9169663380496,851.4899528953961,23.298880234713614,0.0,0.0,0.0,0,0,0,0.0,0.0,0.0,0.0,0.0,0,0
152.41788953728954,198.76603234393832,20.931683493242176,0.0,0.0,0.0,0,0,0,0.0,0.0,0.0,0.0,0.0,0,0
459.67991945810627,703.2691653992177,23.344165399617317,0.0,0.0,0.0,0,0,0,0.0,0.0,0.0,0.0,0.0,0,0
448.2028325964311,258.2405371440609,23.16370274985499,0.0,0.0,0.0,0,0,0,0.0,0.0,0.0,0.0,0.0,0,0
230.97580043058096,769.566351540633,22.720324710149534,0.0,0.0,0.0,0,0,0,0.0,0.0,0.0,0.0,0.0,0,0
1093.1463157010076,280.5772654118684,23.480705112311483,0.0,0.0,0.0,0,0,0,0.0,0.0,0.0,0.0,0.0,0,0
360.20900612823414,528.3325926770696,23.526447916444262,0.0,0.0,0.0,0,0,0,0.0,0.0,0.0,0.0,0.0,0,0
417.22151175368833,512.8513118946122,23.572306256804332,0.0,0.0,0.0,0,0,0,0.0,0.0,0.0,0.0,0.0,0,0
293.3703955349555,307.4777105974586,23.253708365120502,0.0,0.0,0.0,0,0,0,0.0,0.0,0.0,0.0,0.0,0,0
242.3065498311679,191.20821604693444,22.502702204181062,0.0,0.0,0.0,0,0,0,0.0,0.0,0.0,0.0,0.0,0,0
317.7208243859324,346.8640580657511,22.202459096284322,0.0,0.0,0.0,0.3,0,0,0.3,0.0,0.0,0.0,0.0,0,0
417.22151175368833,258.2405371440609,23.389564303261636,0.007030294291072926,3.7852717090438502e-06,0.0010768457724644517,0.3,0,0,0.29296970570892705,-3.7852717090438502e-06,-0.0010768457724644517,-0.0069547007368844045,-0.0071058898833384135,0,0
340.5824855543227,382.4520830402873,22.159982088780858,0.028876970786072483,8.612491588043828e-05,0.006461074634786679,0.3,0,0,0.2711230292139275,-8.612491588043828e-05,-0.006461074634786679,-0.028423559533353654,-0.029330694412077703,0,0
648.3999468665874,448.2028325964311,23.298880234713614,0.058508325386820534,0.0004052212394206055,0.015075840814502292,0.3,0,0,0.24149167461317944,-0.0004052212394206055,-0.015075840814502292,-0.05745187565252334,-0.05956852370287946,0,0
399.01729906632625,459.67991945810627,23.389564303261636,0.08224104412908816,0.0008397299019173332,0.021536915449288988,0.3,0,0,0.21775895587091182,-0.0008397299019173332,-0.021536915449288988,-0.0807350042064407,-0.08375878713552087,0,0
360.20900612823414,239.3652489782259,23.1188681289847,0.11156350807538298,0.0015345268599753286,0.025844298539146795,0.3,0,0,0.188436491924617,-0.0015345268599753286,-0.025844298539146795,-0.10976332032561038,-0.11339185984050659,0,0
399.01729906632625,236.49825525583836,23.344165399617317,0.1349141022779153,0.0021507220557148233,0.026921144311611217,0.3,0,0,0.16508589772208468,-0.0021507220557148233,-0.026921144311611217,-0.13304644887952774,-0.13682617754087795,0,0
144.84210166738234,734.7683303247097,23.344165399617317,0.16325138033232425,0.002929047082732287,0.027997990084075663,0.3,0,0,0.13674861966767574,-0.002929047082732287,-0.027997990084075663,-0.16131881926642738,-0.1652497370742316,0,0
258.2405371440609,602.1580731583105,22.632955363231254,0.1907586160063981,0.0036401106135550533,0.023690606994217857,0.3,0,0,0.10924138399360189,-0.0036401106135550533,-0.023690606994217857,-0.189137622213965,-0.1924637834359532,0,0
407.8990969411948,143.82153882231913,22.676586373412853,0.2116945947794296,0.004034691677492528,0.013998995042037799,0.3,0,0,0.0883054052205704,-0.004034691677492528,-0.013998995042037799,-0.21075767015688823,-0.21272312906079036,0,0
353.40072554933454,189.41093412341306,22.459496422942998,0.23618654066933348,0.004219313512995155,0.0010768457724644048,0.3,0,0,0.06381345933066651,-0.004219313512995155,-0.0010768457724644048,-0.2361574467611617,-0.23630863590761572,0,0
340.5824855543227,189.41093412341306,22.80812501336112,0.2547070795664784,0.004149510008420788,-0.008614766179715653,0.3,0,0,0.045292920433521566,-0.004149510008420788,0.008614766179715653,-0.2553584683608208,-0.2541489551891888,0,0
353.40072554933454,236.49825525583836,23.435077391437254,0.2728477154350004,0.0038760039485710284,-0.021536915449289047,0.3,0,0,0.027152284564999574,-0.0038760039485710284,0.021536915449289047,-0.27440830081402595,-0.2713845178849458,0,0
215.92040254306553,346.8640580657511,21.658147754059783,0.2869032111704003,0.0034975224805252575,-0.03230537317393354,0.3,0,0,0.013096788829599693,-0.0034975224805252575,0.03230537317393354,-0.2892248371665188,-0.2846891627728986,0,0
288.9697116820819,236.49825525583836,23.344165399617317,0.2965732076888996,0.003153745630365988,-0.03876644780872024,0.3,0,0,0.0034267923111003795,-0.003153745630365988,0.03876644780872024,-0.2993545099789374,-0.2939117007065931,0,0
407.8990969411948,254.878386734463,23.756904125116755,0.30299378373194286,0.0029012556841921844,-0.0398432935811847,0.3,0,0,-0.0029937837319428673,-0.0029012556841921844,0.0398432935811847,-0.3058556432764598,-0.3002616448576615,0,0
459.67991945810627,624.3377665398167,23.710579061410876,0.30563755033790185,0.0027972892357676768,-0.03876644780872025,0.3,0,0,-0.005637550337901864,-0.0027972892357676768,0.03876644780872025,-0.30842585876617795,-0.30298304949383364,0,0
367.3069052663625,340.5824855543227,23.756904125116755,0.30571308652664353,0.0027943187658126907,-0.039843293581184706,0.3,0,0,-0.0057130865266435404,-0.0027943187658126907,0.039843293581184706,-0.30857704791263196,-0.30298304949383364,0,0
459.67991945810627,184.22292190812155,23.298880234713614,0.30571308652664353,0.0027943187658126907,-0.039843293581184706,0.3,0,0,-0.0057130865266435404,-0.0027943187658126907,0.039843293581184706,-0.30857704791263196,-0.30298304949383364,0,0
317.7208243859324,288.9697116820819,23.344165399617317,0.30571308652664353,0.0027943187658126907,-0.039843293581184706,0.3,0,0,-0.0057130865266435404,-0.0027943187658126907,0.039843293581184706,-0.30857704791263196,-0.30298304949383364,0,0
407.8990969411948,206.97300472647143,23.389564303261636,0.30571308652664353,0.0027943187658126907,-0.039843293581184706,0.3,0,0,-0.0057130865266435404,-0.0027943187658126907,0.039843293581184706,-0.30857704791263196,-0.30298304949383364,0,0
544.8761250677193,512.8513118946122,23.710579061410876,0.30571308652664353,0.0027943187658126907,-0.039843293581184706,0.3,0,0,-0.0057130865266435404,-0.0027943187658126907,0.039843293581184706,-0.30857704791263196,-0.30298304949383364,0,0
153.56624101955603,185.91929651913173,22.202459096284322,0.30571308652664353,0.0027943187658126907,-0.039843293581184706,0.3,0,0,-0.0057130865266435404,-0.0027943187658126907,0.039843293581184706,-0.30857704791263196,-0.30298304949383364,0,0
242.3065498311679,258.2405371440609,23.389564303261636,0.30571308652664353,0.0027943187658126907,-0.039843293581184706,0.3,0,0,-0.0057130865266435404,-0.0027943187658126907,0.039843293581184706,-0.30857704791263196,-0.30298304949383364,0,0
528.3325926770696,218.28532251964043,23.435077391437254,0.30563755033790185,0.0027972892357676768,-0.03876644780872025,0.3,0,0,-0.005637550337901864,-0.0027972892357676768,0.03876644780872025,-0.30842585876617795,-0.30298304949383364,0,0
407.8990969411948,194.9110753588243,23.66437137022323,0.30563755033790185,0.0027972892357676768,-0.03876644780872025,0.3,0,0,-0.005637550337901864,-0.0027972892357676768,0.03876644780872025,-0.30842585876617795,-0.30298304949383364,0,0
734.7683303247097,284.7075611688845,23.389564303261636,0.30563755033790185,0.0027972892357676768,-0.03876644780872025,0.3,0,0,-0.005637550337901864,-0.0027972892357676768,0.03876644780872025,-0.30842585876617795,-0.30298304949383364,0,0
734.7683303247097,158.34116103748556,23.710579061410876,0.30563755033790185,0.0027972892357676768,-0.03876644780872025,0.3,0,0,-0.005637550337901864,-0.0027972892357676768,0.03876644780872025,-0.30842585876617795,-0.30298304949383364,0,0
353.40072554933454,196.81893899271049,23.389564303261636,0.30563755033790185,0.0027972892357676768,-0.03876644780872025,0.3,0,0,-0.005637550337901864,-0.0027972892357676768,0.03876644780872025,-0.30842585876617795,-0.30298304949383364,0,0
471.8179059817352,258.2405371440609,23.61828058878553,0.30563755033790185,0.0027972892357676768,-0.03876644780872025,0.3,0,0,-0.005637550337901864,-0.0027972892357676768,0.03876644780872025,-0.30842585876617795,-0.30298304949383364,0,0
179.3202830877122,157.11931592309642,21.699419216529087,0.30563755033790185,0.0027972892357676768,-0.03876644780872025,0.3,0,0,-0.005637550337901864,-0.0027972892357676768,0.03876644780872025,-0.30842585876617795,-0.30298304949383364,0,0
648.3999468665874,390.5444991736698,23.344165399617317,0.30563755033790185,0.0027972892357676768,-0.03876644780872025,0.3,0,0,-0.005637550337901864,-0.0027972892357676768,0.03876644780872025,-0.30842585876617795,-0.30298304949383364,0,0
353.40072554933454,276.5725757314533,23.435077391437254,0.30563755033790185,0.0027972892357676768,-0.03876644780872025,0.3,0,0,-0.005637550337901864,-0.0027972892357676768,0.03876644780872025,-0.30842585876617795,-0.30298304949383364,0,0
808.2350827585409,258.2405371440609,23.435077391437254,0.30563755033790185,0.0027972892357676768,-0.03876644780872025,0.3,0,0,-0.005637550337901864,-0.0027972892357676768,0.03876644780872025,-0.30842585876617795,-0.30298304949383364,0,0
544.8761250677193,152.41788953728954,23.253708365120502,0.30563755033790185,0.0027972892357676768,-0.03876644780872025,0.3,0,0,-0.005637550337901864,-0.0027972892357676768,0.03876644780872025,-0.30842585876617795,-0.30298304949383364,0,0
459.67991945810627,184.22292190812155,23.435077391437254,0.30563755033790185,0.0027972892357676768,-0.03876644780872025,0.3,0,0,-0.005637550337901864,-0.0027972892357676768,0.03876644780872025,-0.30842585876617795,-0.30298304949383364,0,0
399.01729906632625,1019.267059271828,23.710579061410876,0.30563755033790185,0.0027972892357676768,-0.03876644780872025,0.3,0,0,-0.005637550337901864,-0.0027972892357676768,0.03876644780872025,-0.30842585876617795,-0.30298304949383364,0,0
312.50933522689996,312.50933522689996,23.572306256804332,0.30563755033790185,0.0027972892357676768,-0.03876644780872025,0.3,0,0,-0.005637550337901864,-0.0027972892357676768,0.03876644780872025,-0.30842585876617795,-0.30298304949383364,0,0
