FDist,LDist,RDist,XEst,YEst,ThetaEst,XDes,YDes,ThetaDes,XError,YError,ThetaError,SL,SR,RW,LW
196.81893899271049,17.389857955850943,59.445249703111536,0.0,0.0,0.0,0,0,0,0.0,0.0,0.0,0.0,0.0,0,0
146.92774685951784,17.453511375747283,63.89502910136053,0.0,0.0,0.0,0,0,0,0.0,0.0,0.0,0.0,0.0,0,0
265.2554052777127,17.972348463819834,65.6618596686084,0.0,0.0,0.0,0,0,0,0.0,0.0,0.0,0.0,0.0,0,0
168.8620920208621,18.00535478258695,66.81098138696464,0.0,0.0,0.0,0,0,0,0.0,0.0,0.0,0.0,0.0,0,0
177.7453057985956,17.873743987908504,66.81098138696464,0.0,0.0,0.0,0,0,0,0.0,0.0,0.0,0.0,0.0,0,0
119.42733126216413,17.453511375747283,63.89502910136053,0.0,0.0,0.0,0,0,0,0.0,0.0,0.0,0.0,0.0,0,0
407.8990969411948,17.873743987908504,65.6618596686084,0.0,0.0,0.0,0,0,0,0.0,0.0,0.0,0.0,0.0,0,0
317.7208243859324,18.00535478258695,65.43626790658098,0.0,0.0,0.0,0,0,0,0.0,0.0,0.0,0.0,0.0,0,0
196.81893899271049,18.071576020988715,64.1112337943502,0.0,0.0,0.0,0,0,0,0.0,0.0,0.0,0.0,0.0,0,0
471.8179059817352,17.972348463819834,64.1112337943502,0.0,0.0,0.0,0,0,0,0.0,0.0,0.0,0.0,0.0,0,0
213.60849807698625,18.00535478258695,65.6618596686084,0.0,0.0,0.0,0,0,0,0.0,0.0,0.0,0.0,0.0,0,0
159.58252707905322,18.171432816688856,65.43626790658098,0.0,0.0,0.0,0,0,0,0.0,0.0,0.0,0.0,0.0,0,0
242.3065498311679,17.775756517532926,65.43626790658098,0.0,0.0,0.0,0,0,0,0.0,0.0,0.0,0.0,0.0,0,0
164.75326598182954,17.678380057162876,62.417090148203904,0.0,0.0,0.0,0.3,0,0,0.3,0.0,0.0,0.0,0.0,0,0
164.75326598182954,18.00535478258695,66.5782896093539,0.006954696704560373,-7.489138639872293e-06,-0.0021536915449289033,0.3,0,0,0.2930453032954396,7.489138639872293e-06,0.0021536915449289033,-0.0071058898833384135,-0.0068035115904303955,0,0
130.91477695173097,17.54948502152684,61.19765556235682,0.03500027930658248,-2.2589523629713804e-05,0.0010768457724644577,0.3,0,0,0.2649997206934175,2.2589523629713804e-05,-0.0010768457724644577,-0.03492469283087603,-0.03507588197733004,0,0
107.45140018288424,17.54948502152684,63.254114597104426,0.06485992365095904,8.995082047997811e-05,0.006461074634786709,0.3,0,0,0.23514007634904094,-8.995082047997811e-05,-0.006461074634786709,-0.06440657638940775,-0.06531371126813179,0,0
284.7075611688845,18.03843055896276,67.51788505098841,0.09449189676540741,0.00034522965544034085,0.010768457724644517,0.3,0,0,0.20550810323459257,-0.00034522965544034085,-0.010768457724644517,-0.09373727080148546,-0.09524916226602553,0,0
159.58252707905322,18.104791397724426,67.51788505098841,0.12329081997262722,0.000732903053357125,0.016152686586966766,0.3,0,0,0.17670918002737276,-0.000732903053357125,-0.016152686586966766,-0.12216083033483911,-0.12442866753164923,0,0
209.13650375320472,17.972348463819834,67.51788505098841,0.15095379786966528,0.00123936856442019,0.02046006967682455,0.3,0,0,0.1490462021303347,-0.00123936856442019,-0.02046006967682455,-0.1495260658430147,-0.15239865962564086,0,0
177.7453057985956,18.071576020988715,67.51788505098841,0.1772557676308308,0.0017492493906938616,0.018306378131895683,0.3,0,0,0.12274423236916918,-0.0017492493906938616,-0.018306378131895683,-0.17598416647246623,-0.17855438196218437,0,0
196.81893899271049,17.841013239325363,67.28076465107131,0.2025010613648273,0.002157064176346533,0.013998995042037925,0.3,0,0,0.0974989386351727,-0.002157064176346533,-0.013998995042037925,-0.20153513222319372,-0.20350059112709581,0,0
206.97300472647143,18.071576020988715,67.28076465107131,0.2264632871563598,0.0024022071327581586,0.006461074634786783,0.3,0,0,0.07353671284364019,-0.0024022071327581586,-0.006461074634786783,-0.22602777394874313,-0.22693490882746717,0,0
177.7453057985956,18.03843055896276,67.04513494735056,0.24906603506486819,0.0024387166748074626,-0.0032305373173932995,0.3,0,0,0.050933964935131804,-0.0024387166748074626,0.0032305373173932995,-0.24931090250266047,-0.24885733506329843,0,0
168.8620920208621,18.03843055896276,66.81098138696464,0.2692491278540521,0.002275707544486084,-0.012922149269573358,0.3,0,0,0.030750872145947905,-0.002275707544486084,0.012922149269573358,-0.2701750047133137,-0.26836073495586554,0,0
177.7453057985956,18.00535478258695,68.23833891011859,0.2848198403078668,0.0020409481764483753,-0.017229532359431164,0.3,0,0,0.01518015969213321,-0.0020409481764483753,0.017229532359431164,-0.2860498650909846,-0.28363083874772044,0,0
146.92774685951784,18.071576020988715,66.81098138696464,0.2957788783983721,0.0018225972038838712,-0.022613761221753417,0.3,0,0,0.0042211216016279085,-0.0018225972038838712,0.022613761221753417,-0.29738905107503527,-0.294214078999501,0,0
111.57932338755117,17.581608690126714,64.1112337943502,0.30273125664566547,0.0016428778499396554,-0.029074835856540113,0.3,0,0,-0.0027312566456654808,-0.0016428778499396554,0.029074835856540113,-0.30479731925128173,-0.3007152122970234,0,0
120.84213728458607,17.972348463819834,66.5782896093539,0.30635837407017036,0.0015412993088196045,-0.026921144311611214,0.3,0,0,-0.0063583740701703695,-0.0015412993088196045,0.026921144311611214,-0.30827466961972394,-0.30449494095837365,0,0
134.3591943699604,17.972348463819834,66.81098138696464,0.3065850851790146,0.001535560960715928,-0.023690606994217864,0.3,0,0,-0.006585085179014627,-0.001535560960715928,0.023690606994217864,-0.30827466961972394,-0.3049485083977357,0,0
166.09994149545804,17.939411375632368,68.48157158520587,0.3065850851790146,0.001535560960715928,-0.023690606994217864,0.3,0,0,-0.006585085179014627,-0.001535560960715928,0.023690606994217864,-0.30827466961972394,-0.3049485083977357,0,0
177.7453057985956,17.775756517532926,68.23833891011859,0.3065850851790146,0.001535560960715928,-0.023690606994217864,0.3,0,0,-0.006585085179014627,-0.001535560960715928,0.023690606994217864,-0.30827466961972394,-0.3049485083977357,0,0
159.58252707905322,18.00535478258695,68.72637072202204,0.3065850851790146,0.001535560960715928,-0.023690606994217864,0.3,0,0,-0.006585085179014627,-0.001535560960715928,0.023690606994217864,-0.30827466961972394,-0.3049485083977357,0,0
144.84210166738234,18.00535478258695,68.23833891011859,0.3065850851790146,0.001535560960715928,-0.023690606994217864,0.3,0,0,-0.006585085179014627,-0.001535560960715928,0.023690606994217864,-0.30827466961972394,-0.3049485083977357,0,0
124.52854747504531,18.00535478258695,67.99665713203012,0.30650951086512135,0.0015373109838407756,-0.022613761221753414,0.3,0,0,-0.00650951086512136,-0.0015373109838407756,0.022613761221753414,-0.30812348047326993,-0.3049485083977357,0,0
129.25786434407527,17.906543292002304,68.23833891011859,0.30650951086512135,0.0015373109838407756,-0.022613761221753414,0.3,0,0,-0.00650951086512136,-0.0015373109838407756,0.022613761221753414,-0.30812348047326993,-0.3049485083977357,0,0
107.45140018288424,18.071576020988715,69.97442321249366,0.30650951086512135,0.0015373109838407756,-0.022613761221753414,0.3,0,0,-0.00650951086512136,-0.0015373109838407756,0.022613761221753414,-0.30812348047326993,-0.3049485083977357,0,0
177.7453057985956,18.171432816688856,68.23833891011859,0.30650951086512135,0.0015373109838407756,-0.022613761221753414,0.3,0,0,-0.00650951086512136,-0.0015373109838407756,0.022613761221753414,-0.30812348047326993,-0.3049485083977357,0,0
116.69355260679126,17.646055992159724,66.5782896093539,0.30650951086512135,0.0015373109838407756,-0.022613761221753414,0.3,0,0,-0.00650951086512136,-0.0015373109838407756,0.022613761221753414,-0.30812348047326993,-0.3049485083977357,0,0
134.3591943699604,17.485436577305137,66.81098138696464,0.3064339347105413,0.0015389796240862681,-0.021536915449288964,0.3,0,0,-0.0064339347105413225,-0.0015389796240862681,0.021536915449288964,-0.3079722913268159,-0.3049485083977357,0,0
137.0639518589543,17.613798941900477,62.417090148203904,0.3064339347105413,0.0015389796240862681,-0.021536915449288964,0.3,0,0,-0.0064339347105413225,-0.0015389796240862681,0.021536915449288964,-0.3079722913268159,-0.3049485083977357,0,0
124.52854747504531,17.51742772173086,63.89502910136053,0.3064339347105413,0.0015389796240862681,-0.021536915449288964,0.3,0,0,-0.0064339347105413225,-0.0015389796240862681,0.021536915449288964,-0.3079722913268159,-0.3049485083977357,0,0
110.97077873540402,18.03843055896276,69.7215507122142,0.3064339347105413,0.0015389796240862681,-0.021536915449288964,0.3,0,0,-0.0064339347105413225,-0.0015389796240862681,0.021536915449288964,-0.3079722913268159,-0.3049485083977357,0,0
128.44498763419128,17.939411375632368,70.74309622023037,0.3064339347105413,0.0015389796240862681,-0.021536915449288964,0.3,0,0,-0.0064339347105413225,-0.0015389796240862681,0.021536915449288964,-0.3079722913268159,-0.3049485083977357,0,0
145.87739303694283,17.453511375747283,70.48517871055273,0.3064339347105413,0.0015389796240862681,-0.021536915449288964,0.3,0,0,-0.0064339347105413225,-0.0015389796240862681,0.021536915449288964,-0.3079722913268159,-0.3049485083977357,0,0
119.42733126216413,17.939411375632368,69.47032576649053,0.3064339347105413,0.0015389796240862681,-0.021536915449288964,0.3,0,0,-0.0064339347105413225,-0.0015389796240862681,0.021536915449288964,-0.3079722913268159,-0.3049485083977357,0,0
101.02616679983112,17.939411375632368,69.97442321249366,0.3064339347105413,0.0015389796240862681,-0.021536915449288964,0.3,0,0,-0.0064339347105413225,-0.0015389796240862681,0.021536915449288964,-0.3079722913268159,-0.3049485083977357,0,0
130.08105893503551,17.906543292002304,71.79211210149265,0.3064339347105413,0.0015389796240862681,-0.021536915449288964,0.3,0,0,-0.0064339347105413225,-0.0015389796240862681,0.021536915449288964,-0.3079722913268159,-0.3049485083977357,0,0
167.46934895889862,18.00535478258695,71.26409887021845,0.3064339347105413,0.0015389796240862681,-0.021536915449288964,0.3,0,0,-0.0064339347105413225,-0.0015389796240862681,0.021536915449288964,-0.3079722913268159,-0.3049485083977357,0,0
105.77203060255431,17.808350823217232,68.23833891011859,0.3064339347105413,0.0015389796240862681,-0.021536915449288964,0.3,0,0,-0.0064339347105413225,-0.0015389796240862681,0.021536915449288964,-0.3079722913268159,-0.3049485083977357,0,0
159.58252707905322,18.00535478258695,71.26409887021845,0.3064339347105413,0.0015389796240862681,-0.021536915449288964,0.3,0,0,-0.0064339347105413225,-0.0015389796240862681,0.021536915449288964,-0.3079722913268159,-0.3049485083977357,0,0
135.24881572421333,18.171432816688856,71.00273031673345,0.3064339347105413,0.0015389796240862681,-0.021536915449288964,0.3,0,0,-0.0064339347105413225,-0.0015389796240862681,0.021536915449288964,-0.3079722913268159,-0.3049485083977357,0,0
101.5330368193872,18.03843055896276,70.2289601667081,0.3064339347105413,0.0015389796240862681,-0.021536915449288964,0.3,0,0,-0.0064339347105413225,-0.0015389796240862681,0.021536915449288964,-0.3079722913268159,-0.3049485083977357,0,0
88.5727896902875,18.271925091134115,63.466481404640184,0.3064339347105413,0.0015389796240862681,-0.021536915449288964,0.3,0,0,-0.0064339347105413225,-0.0015389796240862681,0.021536915449288964,-0.3079722913268159,-0.3049485083977357,0,0
114.0802412881919,18.171432816688856,71.527220004475,0.3064339347105413,0.0015389796240862681,-0.021536915449288964,0.3,0,0,-0.0064339347105413225,-0.0015389796240862681,0.021536915449288964,-0.3079722913268159,-0.3049485083977357,0,0
124.52854747504531,18.406914256574545,69.7215507122142,0.3064339347105413,0.0015389796240862681,-0.021536915449288964,0.3,0,0,-0.0064339347105413225,-0.0015389796240862681,0.021536915449288964,-0.3079722913268159,-0.3049485083977357,0,0
98.56325615049124,18.373059168895537,72.32728403086773,0.3064339347105413,0.0015389796240862681,-0.021536915449288964,0.3,0,0,-0.0064339347105413225,-0.0015389796240862681,0.021536915449288964,-0.3079722913268159,-0.3049485083977357,0,0
113.44477390085575,18.339276104241605,72.86976705815192,0.3064339347105413,0.0015389796240862681,-0.021536915449288964,0.3,0,0,-0.0064339347105413225,-0.0015389796240862681,0.021536915449288964,-0.3079722913268159,-0.3049485083977357,0,0
108.02276929750369,18.071576020988715,74.25900132173959,0.3064339347105413,0.0015389796240862681,-0.021536915449288964,0.3,0,0,-0.0064339347105413225,-0.0015389796240862681,0.021536915449288964,-0.3079722913268159,-0.3049485083977357,0,0
99.04654639912101,18.440841606842675,71.00273031673345,0.3064339347105413,0.0015389796240862681,-0.021536915449288964,0.3,0,0,-0.0064339347105413225,-0.0015389796240862681,0.021536915449288964,-0.3079722913268159,-0.3049485083977357,0,0
152.41788953728954,18.204859322179495,73.14379906825155,0.3064339347105413,0.0015389796240862681,-0.021536915449288964,0.3,0,0,-0.0064339347105413225,-0.0015389796240862681,0.021536915449288964,-0.3079722913268159,-0.3049485083977357,0,0
104.1428794944386,18.714890970363626,75.99135610686974,0.3064339347105413,0.0015389796240862681,-0.021536915449288964,0.3,0,0,-0.0064339347105413225,-0.0015389796240862681,0.021536915449288964,-0.3079722913268159,-0.3049485083977357,0,0
107.45140018288424,18.57727846314466,70.74309622023037,0.3064339347105413,0.0015389796240862681,-0.021536915449288964,0.3,0,0,-0.0064339347105413225,-0.0015389796240862681,0.021536915449288964,-0.3079722913268159,-0.3049485083977357,0,0
102.04483787812359,18.993706680961672,76.88563626605912,0.3064339347105413,0.0015389796240862681,-0.021536915449288964,0.3,0,0,-0.0064339347105413225,-0.0015389796240862681,0.021536915449288964,-0.3079722913268159,-0.3049485083977357,0,0
