FDist,LDist,RDist,XEst,YEst,ThetaEst,XDes,YDes,ThetaDes,XError,YError,ThetaError,SL,SR,RW,LW
1284.2268420173286,302.6164596847404,19.313234243315314,0.0,0.0,0.0,0,0,0,0.0,0.0,0.0,0.0,0.0,0,0
1411.3480414449798,624.3377665398167,18.543059645113814,0.0,0.0,0.0,0,0,0,0.0,0.0,0.0,0.0,0.0,0,0
1411.3480414449798,328.72509627198025,19.06417053152061,0.0,0.0,0.0,0,0,0,0.0,0.0,0.0,0.0,0.0,0,0
544.8761250677193,66.34704544306035,19.749246828391648,0.0,0.0,0.0,0,0,0,0.0,0.0,0.0,0.0,0.0,0,0
276.5725757314533,674.6059938250444,21.17043565318336,0.0,0.0,0.0,0,0,0,0.0,0.0,0.0,0.0,0.0,0,0
206.97300472647143,280.5772654118684,25.203635736394993,0.0,0.0,0.0,0,0,0,0.0,0.0,0.0,0.0,0.0,0,0
288.9697116820819,233.7026839645806,23.435077391437254,0.0,0.0,0.0,0,0,0,0.0,0.0,0.0,0.0,0.0,0,0
317.7208243859324,302.6164596847404,24.905165748622878,0.0,0.0,0.0,0,0,0,0.0,0.0,0.0,0.0,0.0,0,0
955.6520228707801,261.6981137825328,26.128272755325845,0.0,0.0,0.0,0,0,0,0.0,0.0,0.0,0.0,0.0,0,0
1093.1463157010076,624.3377665398167,26.446644470518727,0.0,0.0,0.0,0,0,0,0.0,0.0,0.0,0.0,0.0,0,0
955.6520228707801,734.7683303247097,26.28680469382479,0.0,0.0,0.0,0,0,0,0.0,0.0,0.0,0.0,0.0,0,0
417.22151175368833,528.3325926770696,25.004130828076164,0.0,0.0,0.0,0,0,0,0.0,0.0,0.0,0.0,0.0,0,0
498.3296704628293,417.22151175368833,25.30418426932561,0.0,0.0,0.0,0,0,0,0.0,0.0,0.0,0.0,0.0,0,0
459.67991945810627,648.3999468665874,25.971032055159682,0.0,0.0,0.0,0,0,0,0.0,0.0,0.0,0.0,0.0,0,0
459.67991945810627,390.5444991736698,25.55791304847336,0.0,0.0,0.0,0,0,0,0.0,0.0,0.0,0.0,0.0,0,0
544.8761250677193,302.6164596847404,24.855878172379555,0.0,0.0,0.0,0,0,0,0.0,0.0,0.0,0.0,0.0,0,0
225.71785045590883,353.40072554933454,25.004130828076164,0.0,0.0,0.0,0,0,0,0.0,0.0,0.0,0.0,0.0,0,0
674.6059938250444,280.5772654118684,25.30418426932561,0.0,0.0,0.0,0,0,0,0.0,0.0,0.0,0.0,0.0,0,0
261.6981137825328,317.7208243859324,25.506895622634566,0.0,0.0,0.0,0,0,0,0.0,0.0,0.0,0.0,0.0,0,0
288.9697116820819,448.2028325964311,25.354659483658537,0.0,0.0,0.0,0,0,0,0.0,0.0,0.0,0.0,0.0,0,0
407.8990969411948,374.71408913910363,24.855878172379555,0.0,0.0,0.0,0,0,0,0.0,0.0,0.0,0.0,0.0,0,0
674.6059938250444,769.566351540633,25.763358222779125,0.0,0.0,0.0,0.3,0,0,0.3,0.0,0.0,0.0,0.0,0,0
471.8179059817352,312.50933522689996,25.456014597653017,0.002343431430357642,-1.2617572363479463e-06,-0.0010768457724644484,0.3,0,0,0.29765656856964234,1.2617572363479463e-06,0.0010768457724644484,-0.0024190263432641405,-0.002267837196810132,0,0
544.8761250677193,390.5444991736698,24.660015279911583,0.023887856694320492,3.353830792770301e-05,0.004307383089857803,0.3,0,0,0.2761121433056795,-3.353830792770301e-05,-0.004307383089857803,-0.02358550684682537,-0.024190263432641405,0,0
674.6059938250444,448.2028325964311,24.32213184643946,0.05442719663111424,0.0002637457818260413,0.0107684577246445,0.3,0,0,0.24557280336888576,-0.0002637457818260413,-0.0107684577246445,-0.05367214699117312,-0.05518403845571321,0,0
900.238757316699,851.4899528953961,24.41804431856243,0.07944708176340848,0.0005736010330663888,0.013998995042037886,0.3,0,0,0.2205529182365915,-0.0005736010330663888,-0.013998995042037886,-0.07846716700963055,-0.08043262591353267,0,0
407.8990969411948,367.3069052663625,24.08450540165466,0.10998275642533241,0.0010997684942618572,0.020460069676824583,0.3,0,0,0.1900172435746676,-0.0010997684942618572,-0.020460069676824583,-0.1085538071539783,-0.11142640093660447,0,0
602.1580731583105,602.1580731583105,23.572306256804332,0.14021210069986315,0.001816054018032988,0.02692114431161128,0.3,0,0,0.15978789930013684,-0.001816054018032988,-0.02692114431161128,-0.13833806900541804,-0.14211779766676824,0,0
1284.2268420173286,340.5824855543227,24.08450540165466,0.1637117052756614,0.0025121573820625926,0.03230537317393353,0.3,0,0,0.1362882947243386,-0.0025121573820625926,-0.03230537317393353,-0.16147000841288137,-0.16600568280650163,0,0
602.1580731583105,581.6409617069837,23.389564303261636,0.19105966417954223,0.0034844012864192766,0.03876644780872023,0.3,0,0,0.10894033582045776,-0.0034844012864192766,-0.03876644780872023,-0.18838167648169493,-0.19382448575403924,0,0
360.20900612823414,317.7208243859324,22.459496422942998,0.21719232387084775,0.004582539895511231,0.04522752244350693,0.3,0,0,0.08280767612915224,-0.004582539895511231,-0.04522752244350693,-0.21408383137887643,-0.22043377552994478,0,0
1093.1463157010076,258.2405371440609,23.849908233631425,0.24233642001965489,0.005788358964561115,0.050611751305829185,0.3,0,0,0.0576635799803451,-0.005788358964561115,-0.050611751305829185,-0.23887885139733386,-0.24598474128067227,0,0
317.7208243859324,1411.3480414449798,23.80334702660077,0.2647534917295877,0.007032831072860549,0.06030336325800922,0.3,0,0,0.03524650827041231,-0.007032831072860549,-0.06030336325800922,-0.2606500884867111,-0.2691166806881356,0,0
769.566351540633,734.7683303247097,23.896588216502984,0.2794661847623801,0.007944986905230244,0.06353390057540258,0.3,0,0,0.02053381523761988,-0.007944986905230244,-0.06353390057540258,-0.27516424654629595,-0.28408440618708247,0,0
223.1819809443389,674.6059938250444,23.526447916444262,0.29236451969453275,0.00880044323822281,0.06891812943772482,0.3,0,0,0.007635480305467235,-0.00880044323822281,-0.06891812943772482,-0.2877129457019787,-0.29738905107503527,0,0
399.01729906632625,390.5444991736698,24.131786407761517,0.30126216004498113,0.009433881641849577,0.07322551252758262,0.3,0,0,-0.001262160044981142,-0.009433881641849577,-0.07322551252758262,-0.2963307270498572,-0.3066115890087298,0,0
399.01729906632625,251.60762066022812,23.480705112311483,0.30608724776578167,0.009787834017464244,0.07322551252758262,0.3,0,0,-0.006087247765781678,-0.009787834017464244,-0.07322551252758262,-0.30116877973638545,-0.3114496416952581,0,0
769.566351540633,1019.267059271828,23.896588216502984,0.307369256940095,0.009877021420573147,0.06568759212033147,0.3,0,0,-0.0073692569400949925,-0.009877021420573147,-0.06568759212033147,-0.30298304949383353,-0.31220558742752813,0,0
459.67991945810627,851.4899528953961,23.849908233631425,0.307369256940095,0.009877021420573147,0.06568759212033147,0.3,0,0,-0.0073692569400949925,-0.009877021420573147,-0.06568759212033147,-0.30298304949383353,-0.31220558742752813,0,0
648.3999468665874,851.4899528953961,24.08450540165466,0.307369256940095,0.009877021420573147,0.06568759212033147,0.3,0,0,-0.0073692569400949925,-0.009877021420573147,-0.06568759212033147,-0.30298304949383353,-0.31220558742752813,0,0
648.3999468665874,512.8513118946122,22.80812501336112,0.307369256940095,0.009877021420573147,0.06568759212033147,0.3,0,0,-0.0073692569400949925,-0.009877021420573147,-0.06568759212033147,-0.30298304949383353,-0.31220558742752813,0,0
900.238757316699,624.3377665398167,24.22671386331148,0.307369256940095,0.009877021420573147,0.06568759212033147,0.3,0,0,-0.0073692569400949925,-0.009877021420573147,-0.06568759212033147,-0.30298304949383353,-0.31220558742752813,0,0
459.67991945810627,562.6000187683081,24.660015279911583,0.307369256940095,0.009877021420573147,0.06568759212033147,0.3,0,0,-0.0073692569400949925,-0.009877021420573147,-0.06568759212033147,-0.30298304949383353,-0.31220558742752813,0,0
602.1580731583105,417.22151175368833,24.22671386331148,0.307369256940095,0.009877021420573147,0.06568759212033147,0.3,0,0,-0.0073692569400949925,-0.009877021420573147,-0.06568759212033147,-0.30298304949383353,-0.31220558742752813,0,0
648.3999468665874,346.8640580657511,23.61828058878553,0.30729382273747463,0.009872099980092204,0.06461074634786702,0.3,0,0,-0.007293822737474642,-0.009872099980092204,-0.06461074634786702,-0.30298304949383353,-0.3120543982810741,0,0
459.67991945810627,448.2028325964311,22.37340035638271,0.30729382273747463,0.009872099980092204,0.06461074634786702,0.3,0,0,-0.007293822737474642,-0.009872099980092204,-0.06461074634786702,-0.30298304949383353,-0.3120543982810741,0,0
769.566351540633,307.4777105974586,22.075335325140372,0.30729382273747463,0.009872099980092204,0.06461074634786702,0.3,0,0,-0.007293822737474642,-0.009872099980092204,-0.06461074634786702,-0.30298304949383353,-0.3120543982810741,0,0
674.6059938250444,340.5824855543227,22.075335325140372,0.30729382273747463,0.009872099980092204,0.06461074634786702,0.3,0,0,-0.007293822737474642,-0.009872099980092204,-0.06461074634786702,-0.30298304949383353,-0.3120543982810741,0,0
317.7208243859324,223.1819809443389,21.130411066922797,0.30729382273747463,0.009872099980092204,0.06461074634786702,0.3,0,0,-0.007293822737474642,-0.009872099980092204,-0.06461074634786702,-0.30298304949383353,-0.3120543982810741,0,0
353.40072554933454,624.3377665398167,22.459496422942998,0.30729382273747463,0.009872099980092204,0.06461074634786702,0.3,0,0,-0.007293822737474642,-0.009872099980092204,-0.06461074634786702,-0.30298304949383353,-0.3120543982810741,0,0
185.91929651913173,209.13650375320472,21.658147754059783,0.30729382273747463,0.009872099980092204,0.06461074634786702,0.3,0,0,-0.007293822737474642,-0.009872099980092204,-0.06461074634786702,-0.30298304949383353,-0.3120543982810741,0,0
448.2028325964311,272.6876389629632,21.658147754059783,0.30729382273747463,0.009872099980092204,0.06461074634786702,0.3,0,0,-0.007293822737474642,-0.009872099980092204,-0.06461074634786702,-0.30298304949383353,-0.3120543982810741,0,0
