FDist,LDist,RDist,XEst,YEst,ThetaEst,XDes,YDes,ThetaDes,XError,YError,ThetaError,SL,SR,RW,LW
115.37236097408694,1019.267059271828,24.08450540165466,0.0,0.0,0.0,0,0,0,0.0,0.0,0.0,0.0,0.0,0,0
106.88588226030939,128.44498763419128,22.85218781026422,0.0,0.0,0.0,0,0,0,0.0,0.0,0.0,0.0,0.0,0,0
114.72272976706012,163.42873978461637,23.896588216502984,0.0,0.0,0.0,0,0,0,0.0,0.0,0.0,0.0,0.0,0,0
135.24881572421333,1019.267059271828,24.32213184643946,0.0,0.0,0.0,0,0,0,0.0,0.0,0.0,0.0,0.0,0,0
124.52854747504531,1411.3480414449798,23.849908233631425,0.0,0.0,0.0,0,0,0,0.0,0.0,0.0,0.0,0.0,0,0
86.65098914560704,323.12240163650586,22.37340035638271,0.0,0.0,0.0,0,0,0,0.0,0.0,0.0,0.0,0.0,0,0
111.57932338755117,340.5824855543227,23.943387448052704,0.0,0.0,0.0,0,0,0,0.0,0.0,0.0,0.0,0.0,0,0
84.44606393366254,176.198566643824,23.66437137022323,0.0,0.0,0.0,0,0,0,0.0,0.0,0.0,0.0,0.0,0,0
120.84213728458607,340.5824855543227,24.17918906549187,0.0,0.0,0.0,0,0,0,0.0,0.0,0.0,0.0,0.0,0,0
127.64222867598318,399.01729906632625,24.131786407761517,0.0,0.0,0.0,0,0,0,0.0,0.0,0.0,0.0,0.0,0,0
100.02692680886574,268.9169663380496,23.298880234713614,0.0,0.0,0.0,0,0,0,0.0,0.0,0.0,0.0,0.0,0,0
115.37236097408694,1180.1265773010464,23.99030640367822,0.0,0.0,0.0,0,0,0,0.0,0.0,0.0,0.0,0.0,0,0
108.02276929750369,1411.3480414449798,23.80334702660077,0.0,0.0,0.0,0,0,0,0.0,0.0,0.0,0.0,0.0,0,0
128.44498763419128,206.97300472647143,24.22671386331148,0.0,0.0,0.0,0,0,0,0.0,0.0,0.0,0.0,0.0,0,0
139.88023555455067,258.2405371440609,23.943387448052704,0.0,0.0,0.0,0,0,0,0.0,0.0,0.0,0.0,0.0,0,0
110.97077873540402,25.71178945415557,24.22671386331148,0.0,0.0,0.0,0,0,0,0.0,0.0,0.0,0.0,0.0,0,0
91.82083615681199,23.710579061410876,23.253708365120502,0.0,0.0,0.0,0,0,0,0.0,0.0,0.0,0.0,0.0,0,0
111.57932338755117,24.660015279911583,24.08450540165466,0.0,0.0,0.0,0,0,0,0.0,0.0,0.0,0.0,0.0,0,0
149.07502982648927,24.32213184643946,23.253708365120502,0.0,0.0,0.0,0,0,0,0.0,0.0,0.0,0.0,0.0,0,0
138.92864283985838,49.40285364503735,24.41804431856243,0.0,0.0,0.0,0,0,0,0.0,0.0,0.0,0.0,0.0,0,0
104.1428794944386,24.274361292354016,25.30418426932561,0.0,0.0,0.0,0,0,0,0.0,0.0,0.0,0.0,0.0,0,0
87.79450977305973,24.80671986348088,26.075716529157752,0.0,0.0,0.0,0,0,0,0.0,0.0,0.0,0.0,0.0,0,0
101.5330368193872,23.943387448052704,26.18097245007521,0.0,0.0,0.0,0,0,0,0.0,0.0,0.0,0.0,0.0,0,0
104.1428794944386,23.526447916444262,24.61136879396949,0.0,0.0,0.0,0,0,0,0.0,0.0,0.0,0.0,0.0,0,0
99.53441397948464,23.253708365120502,25.004130828076164,0.0,0.0,0.0,0,0,0,0.0,0.0,0.0,0.0,0.0,0,0
76.58539900875073,23.943387448052704,25.053809401176977,0.0,0.0,0.0,0,0,0,0.0,0.0,0.0,0.0,0.0,0,0
98.08447665807216,265.2554052777127,25.71178945415557,0.0,0.0,0.0,0,0,0,0.0,0.0,0.0,0.0,0.0,0,0
92.66842176880655,37.54159736874482,25.10361938144616,0.0,0.0,0.0,0,0,0,0.0,0.0,0.0,0.0,0.0,0,0
108.02276929750369,1411.3480414449798,25.203635736394993,0.0,0.0,0.0,0,0,0,0.0,0.0,0.0,0.0,0.0,0,0
115.37236097408694,202.78305134967044,25.66035938867435,0.0,0.0,0.0,0,0,0,0.0,0.0,0.0,0.0,0.0,0,0
120.13062066766372,624.3377665398167,25.66035938867435,0.0,0.0,0.0,0,0,0,0.0,0.0,0.0,0.0,0.0,0,0
90.57673222463723,1019.267059271828,25.71178945415557,0.0,0.0,0.0,0,0,0,0.0,0.0,0.0,0.0,0.0,0,0
101.5330368193872,288.9697116820819,25.55791304847336,0.0,0.0,0.0,0,0,0,0.0,0.0,0.0,0.0,0.0,0,0
98.56325615049124,459.67991945810627,25.81506627835381,0.0,0.0,0.0,0,0,0,0.0,0.0,0.0,0.0,0.0,0,0
92.2427776670329,581.6409617069837,25.30418426932561,0.0,0.0,0.0,0,0,0,0.0,0.0,0.0,0.0,0.0,0,0
98.08447665807216,1180.1265773010464,25.71178945415557,0.0,0.0,0.0,0,0,0,0.0,0.0,0.0,0.0,0.0,0,0
80.01189902085736,648.3999468665874,25.10361938144616,0.0,0.0,0.0,0,0,0,0.0,0.0,0.0,0.0,0.0,0,0
116.69355260679126,1411.3480414449798,25.609067445845334,0.0,0.0,0.0,0,0,0,0.0,0.0,0.0,0.0,0.0,0,0
84.8062010048873,340.5824855543227,25.053809401176977,0.0,0.0,0.0,0,0,0,0.0,0.0,0.0,0.0,0.0,0,0
134.3591943699604,390.5444991736698,25.71178945415557,0.0,0.0,0.0,0,0,0,0.0,0.0,0.0,0.0,0.0,0,0
74.25900132173959,225.71785045590883,24.41804431856243,0.0,0.0,0.0,1.0,0,0,1.0,0.0,0.0,0.0,0.0,0,0
99.04654639912101,353.40072554933454,24.80671986348088,0.009028194749023503,1.4522832243419505e-05,0.003217214541916531,1.0,0,0,0.9909718052509765,-1.4522832243419505e-05,-0.003217214541916531,-0.008800604587024908,-0.009255808272560678,0,0
103.08353533160607,851.4899528953961,29.6935359242365,0.03118132613028225,8.579445457061113e-05,0.003217214541916531,1.0,0,0,0.9688186738697178,-8.579445457061113e-05,-0.003217214541916531,-0.03095385061643243,-0.0314090543019682,0,0
104.1428794944386,1019.267059271828,45.88875276428319,0.04908591176719,0.00014339754658847836,0.003217214541916531,1.0,0,0,0.95091408823281,-0.00014339754658847836,-0.003217214541916531,-0.048858528914172764,-0.04931373259970853,0,0
101.02616679983112,242.3065498311679,147.99350743133397,0.07169430948036053,0.00019188833153923972,0.0010724048473054856,1.0,0,0,0.9283056905196395,-0.00019188833153923972,-0.0010724048473054856,-0.07161871319096132,-0.07177044775280657,0,0
92.66842176880655,624.3377665398167,63.680115630491734,0.09384754277107508,0.0002156455754110485,0.0010724048473054856,1.0,0,0,0.9061524572289249,-0.0002156455754110485,-0.0010724048473054856,-0.09377195922036884,-0.09392369378221409,0,0
98.08447665807216,734.7683303247097,59.255959637469736,0.11584904158719571,0.00019205105238767568,-0.003217214541916556,1.0,0,0,0.8841509584128043,-0.00019205105238767568,0.003217214541916556,-0.11607693981162162,-0.11562173612608584,0,0
73.41971802386729,236.49825525583836,30.790100524402142,0.13800217296845446,0.0001207794300604835,-0.003217214541916556,1.0,0,0,0.8619978270315456,-0.0001207794300604835,0.003217214541916556,-0.13823018584102914,-0.13777498215549336,0,0
92.66842176880655,239.3652489782259,40.869665833746936,0.15567912490501873,5.4430147182632664e-05,-0.004289619389222054,1.0,0,0,0.8443208750949813,-5.4430147182632664e-05,0.004289619389222054,-0.1559831295769242,-0.15537619132954317,0,0
98.56325615049124,225.71785045590883,33.91667609118619,0.17775647508960563,1.8916330520152636e-05,0.001072404847305486,1.0,0,0,0.8222435249103943,-1.8916330520152636e-05,-0.001072404847305486,-0.17768117192079597,-0.17783290648264122,0,0
98.08447665807216,382.4520830402873,28.414041435834406,0.19983313974433586,0.00019648357591457564,0.015013667862277133,1.0,0,0,0.8001668602556642,-0.00019648357591457564,-0.015013667862277133,-0.1987722760172867,-0.20089655988312027,0,0
92.66842176880655,193.04122344313365,24.131786407761517,0.22213560649748862,0.0005313505654482239,0.015013667862277133,1.0,0,0,0.7778643935025114,-0.0005313505654482239,-0.015013667862277133,-0.22107725660853947,-0.22320154047437304,0,0
89.36420701132127,248.42442609070224,28.06270908445,0.2439835741845946,0.0008125244845409675,0.010724048473055116,1.0,0,0,0.7560164258154054,-0.0008125244845409675,-0.010724048473055116,-0.243230502637947,-0.24474784825639956,0,0
94.8539958627646,258.2405371440609,27.889309733104497,0.2659080805255745,0.0010358957079695873,0.009651643625749592,1.0,0,0,0.7340919194744255,-0.0010358957079695873,-0.009651643625749592,-0.26523201410550923,-0.26659762516211655,0,0
73.14379906825155,417.22151175368833,23.756904125116755,0.2881362703196902,0.0012385210772309604,0.008579238778444069,1.0,0,0,0.7118637296803099,-0.0012385210772309604,-0.008579238778444069,-0.287536994696762,-0.2887508711915241,0,0
84.8062010048873,272.6876389629632,24.855878172379555,0.31021293497442043,0.0014160883226253835,0.007506833931138571,1.0,0,0,0.6897870650255795,-0.0014160883226253835,-0.007506833931138571,-0.3096902407261696,-0.31075238265908633,0,0
65.21205562750623,346.8640580657511,20.81355115370998,0.3320623977761019,0.0015332467945448698,0.0032172145419165537,1.0,0,0,0.6679376022238981,-0.0015332467945448698,-0.0032172145419165537,-0.3318434867555771,-0.3322986904411128,0,0
81.32922784467303,808.2350827585409,19.93438562175379,0.35398801359515897,0.001568516529993175,3.469446951953614e-17,1.0,0,0,0.646011986404841,-0.001568516529993175,-3.469446951953614e-17,-0.35399673278498467,-0.35399673278498456,0,0
75.11601708077,202.78305134967044,21.45325395754319,0.37583774024412914,0.0015216529525910977,-0.0042896193892219825,1.0,0,0,0.6241622597558709,-0.0015216529525910977,0.0042896193892219825,-0.3761499788143922,-0.37554304056701104,0,0
79.04963861634155,340.5824855543227,22.117607626819968,0.3932870543141326,0.0014468015775179685,-0.0042896193892219825,1.0,0,0,0.6067129456858674,-0.0014468015775179685,0.0042896193892219825,-0.39359945342659675,-0.39299251517921563,0,0
83.73432085224402,272.6876389629632,22.159982088780858,0.41475741765238766,0.0013892391353082431,-0.0010724048473054388,1.0,0,0,0.5852425823476124,-0.0013892391353082431,0.0010724048473054388,-0.41484229208493273,-0.41469055752308737,0,0
84.44606393366254,851.4899528953961,29.013419717033194,0.43675892911994996,0.0013892391353082447,0.001072404847305582,1.0,0,0,0.56324107088005,-0.0013892391353082447,-0.001072404847305582,-0.4366920689906497,-0.4368438035524949,0,0
76.58539900875073,254.878386734463,27.321922058316176,0.4585328105734772,0.0013542134810741167,-0.0042896193892219825,1.0,0,0,0.5414671894265228,-0.0013542134810741167,0.0042896193892219825,-0.45884531502005726,-0.45823837677267615,0,0
66.34704544306035,261.6981137825328,24.32213184643946,0.4801546095297522,0.0012266817311217405,-0.007506833931138527,1.0,0,0,0.5198453904702478,-0.0012266817311217405,0.007506833931138527,-0.48069509192577425,-0.4796329499928574,0,0
78.419964244608,417.22151175368833,323.12240163650586,0.4976793845649504,0.0010857262889014258,-0.00857923877844405,1.0,0,0,0.5023206154350496,-0.0010857262889014258,0.00857923877844405,-0.4982963010998241,-0.4970824246050619,0,0
80.99613175561399,239.3652489782259,39.38901428946319,0.5194530406487782,0.0009806496887306885,-0.0010724048473054644,1.0,0,0,0.4805469593512218,-0.0009806496887306885,0.0010724048473054644,-0.5195391397581601,-0.5193874051963147,0,0
77.49266392626436,265.2554052777127,200.75362703878065,0.5412268720200828,0.0010390257343638753,0.006434429083833121,1.0,0,0,0.4587731279799172,-0.0010390257343638753,-0.006434429083833121,-0.5407819784164961,-0.5416923857875674,0,0
77.49266392626436,955.6520228707801,323.12240163650586,0.5629994012670764,0.0012842002385859493,0.016086072709582705,1.0,0,0,0.43700059873292363,-0.0012842002385859493,-0.016086072709582705,-0.5618730825129868,-0.5641491009406654,0,0
80.33749690282312,459.67991945810627,43.31797937953491,0.5846934012078496,0.0017030177718657638,0.02252050179341577,1.0,0,0,0.41530659879215037,-0.0017030177718657638,-0.02252050179341577,-0.5831159211713228,-0.5863023469700729,0,0
77.79950406996568,900.238757316699,33.240292574490965,0.6020628102941925,0.0020849335909158746,0.021448096946110246,1.0,0,0,0.3979371897058075,-0.0020849335909158746,-0.021448096946110246,-0.6005653957835274,-0.6036000870204322,0,0
71.79211210149265,390.5444991736698,31.462535589252198,0.623679760467152,0.0025602436713930863,0.022520501793415745,1.0,0,0,0.376320239532848,-0.0025602436713930863,-0.022520501793415745,-0.6221117035655539,-0.625298129364304,0,0
65.21205562750623,215.92040254306553,37.452770077611675,0.6454484085360621,0.0030388892612069804,0.021448096946110246,1.0,0,0,0.3545515914639379,-0.0030388892612069804,-0.021448096946110246,-0.6439614804712709,-0.6469961717081757,0,0
69.97442321249366,648.3999468665874,37.72022963544492,0.6673720827807652,0.0033327950475828517,0.005362024236527551,1.0,0,0,0.3326279172192348,-0.0033327950475828517,-0.005362024236527551,-0.66702513387175,-0.6677838066809759,0,0
62.005885601807684,1411.3480414449798,32.72794171450513,0.6888423720427724,0.0032522077211689813,-0.012868858167666163,1.0,0,0,0.31115762795722757,-0.0032522077211689813,0.012868858167666163,-0.6897853181485385,-0.6879645034063951,0,0
53.867377246779164,168.8620920208621,31.737482110528177,0.7106871234645362,0.002783607517417571,-0.030027335724554353,1.0,0,0,0.2893128765354638,-0.002783607517417571,0.030027335724554353,-0.7128489715490176,-0.7086004038173501,0,0
58.50920899708927,158.34116103748556,33.388857821495826,0.7327493936312811,0.0019669757193514588,-0.043968598739526,1.0,0,0,0.2672506063687189,-0.0019669757193514588,0.043968598739526,-0.7359126249494967,-0.7296915079138409,0,0
53.39067041585029,312.50933522689996,39.19797072143669,0.7544996155115397,0.0009515996765784055,-0.04933062297605356,1.0,0,0,0.24550038448846034,-0.0009515996765784055,0.04933062297605356,-0.7580658709789042,-0.7510860811340221,0,0
51.11102239631034,139.88023555455067,40.46635602354186,0.7759477597960165,-2.6624256733553953e-05,-0.041823789044914954,1.0,0,0,0.2240522402039835,2.6624256733553953e-05,0.041823789044914954,-0.7790052405135497,-0.7730875926015843,0,0
48.05094550934816,167.46934895889862,39.97098488311734,0.7977076197269705,-0.0008086959503625532,-0.0300273357245543,1.0,0,0,0.20229238027302954,0.0008086959503625532,0.0300273357245543,-0.7999446100481952,-0.7956960423165276,0,0
44.80786091202521,471.8179059817352,36.07430705116846,0.819174279357191,-0.0012116098762854548,-0.007506833931138546,1.0,0,0,0.180825720642809,0.0012116098762854548,0.007506833931138546,-0.8198218376499239,-0.8187596957170067,0,0
39.58151945793042,360.20900612823414,42.012254864281495,0.8407201411119573,-0.0010729726434884756,0.0203756920988048,1.0,0,0,0.15927985888804275,0.0010729726434884756,-0.0203756920988048,-0.839395596127962,-0.8422785528030216,0,0
206.97300472647143,1411.3480414449798,50.67478248141688,0.8625536368478216,-0.00022963713397963618,0.05683745690719225,1.0,0,0,0.1374463631521784,0.00022963713397963618,-0.05683745690719225,-0.8586658854823096,-0.8667078172601079,0,0
174.67928447558052,204.85569342211394,58.14195534124432,0.8843535654429922,0.0012454439061911702,0.07828555385330249,1.0,0,0,0.11564643455700785,-0.0012454439061911702,-0.07828555385330249,-0.8789983167695741,-0.8900749397842775,0,0
399.01729906632625,280.5772654118684,64.98920973082122,0.9058186355771566,0.003114706641394183,0.09544403141019069,1.0,0,0,0.09418136442284342,-0.003114706641394183,-0.09544403141019069,-0.8993307480568385,-0.9128351240610661,0,0
225.71785045590883,265.2554052777127,79.36799805452281,0.9271091654040264,0.005222099097692031,0.10187846049402377,1.0,0,0,0.07289083459597356,-0.005222099097692031,-0.10187846049402377,-0.920270117591484,-0.9346849009667831,0,0
242.3065498311679,236.49825525583836,81.6648832554738,0.9465958265669389,0.007066565871155154,0.08686479263174657,1.0,0,0,0.05340417343306114,-0.007066565871155154,-0.08686479263174657,-0.940906018002439,-0.9531965175119045,0,0
196.81893899271049,448.2028325964311,80.33749690282312,0.96112132074881,0.008159023460988743,0.06327188599102529,1.0,0,0,0.03887867925119004,-0.008159023460988743,-0.06327188599102529,-0.9571416161198815,-0.9660939552687513,0,0
137.98997206957193,280.5772654118684,59.445249703111536,0.9728736076754522,0.008568793703895216,0.006434429083833126,1.0,0,0,0.027126392324547832,-0.008568793703895216,-0.006434429083833126,-0.9729220105517882,-0.9738324179228595,0,0
23.298880234713614,448.2028325964311,108.6000844939372,0.9812162446073889,0.008354025856066443,-0.05790986175449765,1.0,0,0,0.018783755392611123,-0.008354025856066443,0.05790986175449765,-0.985819448308635,-0.9776257819689909,0,0
23.253708365120502,261.6981137825328,111.57932338755117,0.9861264158988573,0.007897232557521778,-0.127616176829356,1.0,0,0,0.0138735841011427,-0.007897232557521778,0.127616176829356,-0.9956821948285767,-0.9776257819689909,0,0
22.416395940132503,648.3999468665874,56.19159937776923,0.9892769964584814,0.007420628415428609,-0.17265718041618755,1.0,0,0,0.010723003541518561,-0.007420628415428609,0.17265718041618755,-1.0020550464260776,-0.9776257819689909,0,0
21.616974340849836,312.50933522689996,57.2411266723497,0.990396476711109,0.007216107182397927,-0.18874325312577026,1.0,0,0,0.009603523288891025,-0.007216107182397927,0.18874325312577026,-1.0043310648537565,-0.9776257819689909,0,0
21.575898614386084,390.5444991736698,47.14070323672423,0.990396476711109,0.007216107182397927,-0.18874325312577026,1.0,0,0,0.009603523288891025,-0.007216107182397927,0.18874325312577026,-1.0043310648537565,-0.9776257819689909,0,0
21.658147754059783,544.8761250677193,52.30584039894111,0.990396476711109,0.007216107182397927,-0.18874325312577026,1.0,0,0,0.009603523288891025,-0.007216107182397927,0.18874325312577026,-1.0043310648537565,-0.9776257819689909,0,0
21.616974340849836,317.7208243859324,44.45675008456414,0.990396476711109,0.007216107182397927,-0.18874325312577026,1.0,0,0,0.009603523288891025,-0.007216107182397927,0.18874325312577026,-1.0043310648537565,-0.9776257819689909,0,0
21.616974340849836,390.5444991736698,50.24476518910293,0.990396476711109,0.007216107182397927,-0.18874325312577026,1.0,0,0,0.009603523288891025,-0.007216107182397927,0.18874325312577026,-1.0043310648537565,-0.9776257819689909,0,0
21.575898614386084,390.5444991736698,62.624502623767405,0.990396476711109,0.007216107182397927,-0.18874325312577026,1.0,0,0,0.009603523288891025,-0.007216107182397927,0.18874325312577026,-1.0043310648537565,-0.9776257819689909,0,0
21.412565389122804,284.7075611688845,46.13474391281483,0.990396476711109,0.007216107182397927,-0.18874325312577026,1.0,0,0,0.009603523288891025,-0.007216107182397927,0.18874325312577026,-1.0043310648537565,-0.9776257819689909,0,0
21.616974340849836,312.50933522689996,44.34070465302382,0.990396476711109,0.007216107182397927,-0.18874325312577026,1.0,0,0,0.009603523288891025,-0.007216107182397927,0.18874325312577026,-1.0043310648537565,-0.9776257819689909,0,0
21.575898614386084,407.8990969411948,75.69750294678715,0.990396476711109,0.007216107182397927,-0.18874325312577026,1.0,0,0,0.009603523288891025,-0.007216107182397927,0.18874325312577026,-1.0043310648537565,-0.9776257819689909,0,0
21.05064198016546,346.8640580657511,44.69032492014681,0.990396476711109,0.007216107182397927,-0.18874325312577026,1.0,0,0,0.009603523288891025,-0.007216107182397927,0.18874325312577026,-1.0043310648537565,-0.9776257819689909,0,0
21.616974340849836,448.2028325964311,43.09587104878454,0.9903219491499439,0.0072303017919864414,-0.18767084827846475,1.0,0,0,0.00967805085005613,-0.0072303017919864414,0.18767084827846475,-1.004179330291911,-0.9776257819689909,0,0
21.616974340849836,407.8990969411948,66.81098138696464,0.9903219491499439,0.0072303017919864414,-0.18767084827846475,1.0,0,0,0.00967805085005613,-0.0072303017919864414,0.18767084827846475,-1.004179330291911,-0.9776257819689909,0,0
21.45325395754319,390.5444991736698,63.89502910136053,0.9903219491499439,0.0072303017919864414,-0.18767084827846475,1.0,0,0,0.00967805085005613,-0.0072303017919864414,0.18767084827846475,-1.004179330291911,-0.9776257819689909,0,0
21.699419216529087,448.2028325964311,62.417090148203904,0.9903219491499439,0.0072303017919864414,-0.18767084827846475,1.0,0,0,0.00967805085005613,-0.0072303017919864414,0.18767084827846475,-1.004179330291911,-0.9776257819689909,0,0
21.575898614386084,346.8640580657511,55.34207932623348,0.9903219491499439,0.0072303017919864414,-0.18767084827846475,1.0,0,0,0.00967805085005613,-0.0072303017919864414,0.18767084827846475,-1.004179330291911,-0.9776257819689909,0,0
21.658147754059783,459.67991945810627,60.40777364647001,0.9903219491499439,0.0072303017919864414,-0.18767084827846475,1.0,0,0,0.00967805085005613,-0.0072303017919864414,0.18767084827846475,-1.004179330291911,-0.9776257819689909,0,0
21.575898614386084,239.3652489782259,63.89502910136053,0.9903219491499439,0.0072303017919864414,-0.18767084827846475,1.0,0,0,0.00967805085005613,-0.0072303017919864414,0.18767084827846475,-1.004179330291911,-0.9776257819689909,0,0
18.784143038865714,228.31501027837746,46.75927786047718,0.9903219491499439,0.0072303017919864414,-0.18767084827846475,1.0,0,0,0.00967805085005613,-0.0072303017919864414,0.18767084827846475,-1.004179330291911,-0.9776257819689909,0,0
21.616974340849836,448.2028325964311,60.213094273732246,0.9903219491499439,0.0072303017919864414,-0.18767084827846475,1.0,0,0,0.00967805085005613,-0.0072303017919864414,0.18767084827846475,-1.004179330291911,-0.9776257819689909,0,0
19.206024670629454,302.6164596847404,64.767717284378,0.9903219491499439,0.0072303017919864414,-0.18767084827846475,1.0,0,0,0.00967805085005613,-0.0072303017919864414,0.18767084827846475,-1.004179330291911,-0.9776257819689909,0,0
21.616974340849836,459.67991945810627,48.719098859537986,0.9903219491499439,0.0072303017919864414,-0.18767084827846475,1.0,0,0,0.00967805085005613,-0.0072303017919864414,0.18767084827846475,-1.004179330291911,-0.9776257819689909,0,0
21.371972721925673,390.5444991736698,62.833136667956715,0.9903219491499439,0.0072303017919864414,-0.18767084827846475,1.0,0,0,0.00967805085005613,-0.0072303017919864414,0.18767084827846475,-1.004179330291911,-0.9776257819689909,0,0
21.412565389122804,353.40072554933454,63.043003529206196,0.9903219491499439,0.0072303017919864414,-0.18767084827846475,1.0,0,0,0.00967805085005613,-0.0072303017919864414,0.18767084827846475,-1.004179330291911,-0.9776257819689909,0,0
21.33147560417641,562.6000187683081,44.45675008456414,0.9903219491499439,0.0072303017919864414,-0.18767084827846475,1.0,0,0,0.00967805085005613,-0.0072303017919864414,0.18767084827846475,-1.004179330291911,-0.9776257819689909,0,0
21.616974340849836,448.2028325964311,52.30584039894111,0.9903219491499439,0.0072303017919864414,-0.18767084827846475,1.0,0,0,0.00967805085005613,-0.0072303017919864414,0.18767084827846475,-1.004179330291911,-0.9776257819689909,0,0
20.852837358537094,280.5772654118684,47.397845831374006,0.9903219491499439,0.0072303017919864414,-0.18767084827846475,1.0,0,0,0.00967805085005613,-0.0072303017919864414,0.18767084827846475,-1.004179330291911,-0.9776257819689909,0,0
19.277419187964682,220.70517709223105,47.26898596692454,0.9903219491499439,0.0072303017919864414,-0.18767084827846475,-0.00967805085005613,0,0,-1.0,-0.0072303017919864414,0.18767084827846475,-1.004179330291911,-0.9776257819689909,0,0
21.616974340849836,528.3325926770696,53.867377246779164,0.9856201320889082,0.008089290970715307,-0.17372958526349308,-0.00967805085005613,0,0,-0.9952981829389643,-0.008089290970715307,0.17372958526349308,-0.9984134169417913,-0.9738324179228595,0,0
21.740789092600608,390.5444991736698,70.48517871055273,0.9649668990366401,0.011043895983199688,-0.11045769927246783,-0.00967805085005613,0,0,-0.9746449498866963,-0.011043895983199688,0.11045769927246783,-0.9730737451136334,-0.9574450852435717,0,0
29.630778653111555,312.50933522689996,77.18804967871625,0.9427302330087983,0.012788270697069407,-0.04611340843413704,-0.00967805085005613,0,0,-0.9524082838588545,-0.012788270697069407,0.04611340843413704,-0.9462167276670229,-0.9396921415076767,0,0
284.7075611688845,312.50933522689996,86.65098914560704,0.9205785283435128,0.013049594368845025,0.022520501793415776,-0.00967805085005613,0,0,-0.930256579193569,-0.013049594368845025,-0.022520501793415776,-0.9192079756585672,-0.9223944014573173,0,0
734.7683303247097,360.20900612823414,82.34399565000513,0.8986112175131252,0.01182331473580393,0.08900960232635759,-0.00967805085005613,0,0,-0.9082892683631814,-0.01182331473580393,-0.08900960232635759,-0.8925026927738019,-0.905096661406958,0,0
182.55823066529945,808.2350827585409,63.254114597104426,0.8766943159337738,0.009166234088726608,0.1522814883173828,-0.00967805085005613,0,0,-0.8863723667838299,-0.009166234088726608,-0.1522814883173828,-0.8659491444508819,-0.8874954522329082,0,0
1093.1463157010076,1411.3480414449798,88.96683466233691,0.8549081996317792,0.005149836932638935,0.21233615976649153,-0.00967805085005613,0,0,-0.8645862504818354,-0.005149836932638935,-0.21233615976649153,-0.8395473306898071,-0.8695907739351678,0,0
360.20900612823414,1411.3480414449798,94.8539958627646,0.8337847522775728,-0.00013250272160347625,0.2777528554521278,-0.00967805085005613,0,0,-0.8434628031276289,0.00013250272160347625,-0.2777528554521278,-0.8131455169287324,-0.8524447684466537,0,0
1093.1463157010076,1411.3480414449798,94.40905615911757,0.8135217327283356,-0.006252201737034779,0.3088525960239877,-0.00967805085005613,0,0,-0.8231997835783917,0.006252201737034779,-0.3088525960239877,-0.7897783944045628,-0.8334779482159966,0,0
1284.2268420173286,581.6409617069837,63.89502910136053,0.7932652876244923,-0.012393627389700408,0.27989766514673886,-0.00967805085005613,0,0,-0.8029433384745485,0.012393627389700408,-0.27989766514673886,-0.7706598396120604,-0.8102625602536723,0,0
1093.1463157010076,1411.3480414449798,65.43626790658098,0.7721762661493373,-0.01781177408106669,0.22306020823954667,-0.00967805085005613,0,0,-0.7818543169993935,0.01781177408106669,-0.22306020823954667,-0.7529068958761653,-0.7844676847399785,0,0
1093.1463157010076,1411.3480414449798,59.255959637469736,0.7506555961387662,-0.022006370044354417,0.16193313194313244,-0.00967805085005613,0,0,-0.7603336469888223,0.022006370044354417,-0.16193313194313244,-0.7353056867021155,-0.758217605540749,0,0
353.40072554933454,1411.3480414449798,41.279376340133794,0.7286916825294485,-0.024896492637236842,0.09973365079941271,-0.00967805085005613,0,0,-0.7383697333795046,0.024896492637236842,-0.09973365079941271,-0.7175527429662204,-0.731664057217829,0,0
55.174823329569996,346.8640580657511,29.31979943667244,0.7068933483535587,-0.026394951173812985,0.03753416965569296,-0.00967805085005613,0,0,-0.7165713992036148,0.026394951173812985,-0.03753416965569296,-0.7001032683540158,-0.7054139780185995,0,0
49.68085184346885,382.4520830402873,32.94608262610615,0.6848924568037851,-0.026560111315424472,-0.022520501793415776,-0.00967805085005613,0,0,-0.6945705076538412,0.026560111315424472,0.022520501793415776,-0.6823503246181207,-0.67916389881937,0,0
43.76776822876407,223.1819809443389,35.907463519817924,0.6626972367847805,-0.025333046984806006,-0.08793719747905207,-0.00967805085005613,0,0,-0.6723752876348367,0.025333046984806006,0.08793719747905207,-0.6647491154440709,-0.6523068813727595,0,0
60.800461875318895,390.5444991736698,32.15651414002179,0.6409993103826281,-0.02276152201382425,-0.1479918689281608,-0.00967805085005613,0,0,-0.6506773612326843,0.02276152201382425,0.1479918689281608,-0.6471479062700211,-0.6262085367353752,0,0
52.45851470980181,1284.2268420173286,73.6975442509615,0.6196483083591298,-0.018896324198832318,-0.21019135007188056,-0.00967805085005613,0,0,-0.6293263592091859,0.018896324198832318,0.21019135007188056,-0.6298501662196617,-0.600110192097991,0,0
54.842902515546676,399.01729906632625,80.99613175561399,0.5981311713132607,-0.013625733815512308,-0.2702460215209893,-0.00967805085005613,0,0,-0.6078092221633168,0.013625733815512308,0.2702460215209893,-0.6119454879219214,-0.5737083783369162,0,0
68.48157158520587,399.01729906632625,407.8990969411948,0.5769897911300663,-0.007265490396138256,-0.31421462026051533,-0.00967805085005613,0,0,-0.5866678419801225,0.007265490396138256,0.31421462026051533,-0.5929786676912643,-0.5485204410706036,0,0
64.3287418393918,734.7683303247097,48.854583701372256,0.556407558435545,-0.000892494527130059,-0.286332094230572,-0.00967805085005613,0,0,-0.5660856092856011,0.000892494527130059,0.286332094230572,-0.5694598106052494,-0.5289466825925655,0,0
64.3287418393918,437.33222201576723,28.711534351575374,0.534678336218043,0.004777157780533987,-0.22413261308685223,-0.00967805085005613,0,0,-0.5443563870680991,-0.004777157780533987,0.22413261308685223,-0.5426027931586389,-0.5108902697329799,0,0
67.04513494735056,1411.3480414449798,29.196701571220196,0.5128552542444669,0.00900640969287922,-0.15871591740121593,-0.00967805085005613,0,0,-0.522533305094523,-0.00900640969287922,0.15871591740121593,-0.5157457757120284,-0.49328906055893007,0,0
62.005885601807684,245.3252030939217,30.790100524402142,0.4952565296757162,0.01134134113579299,-0.10509567503594026,-0.00967805085005613,0,0,-0.5049345805257723,-0.01134134113579299,0.10509567503594026,-0.4941994679300019,-0.47932948086916644,0,0
65.88884418534775,204.85569342211394,26.33993847596105,0.4732369675803155,0.012938068266784678,-0.03967897935030397,-0.00967805085005613,0,0,-0.48291501843037166,-0.012938068266784678,0.03967897935030397,-0.46749418504523665,-0.4618800062569619,0,0
104.68049512451793,448.2028325964311,25.053809401176977,0.4511605060441801,0.013139310527723448,0.021448096946110287,-0.00967805085005613,0,0,-0.46083855689423625,-0.013139310527723448,-0.021448096946110287,-0.44109237128416195,-0.4441270625210668,0,0
459.67991945810627,211.34777997197892,26.18097245007521,0.429265746907967,0.01197595530839583,0.08471998293713556,-0.00967805085005613,0,0,-0.4389437977580231,-0.01197595530839583,-0.08471998293713556,-0.41469055752308726,-0.42667758790886223,0,0
900.238757316699,1019.267059271828,27.43411484917406,0.4077212515050158,0.009399182251126667,0.15335389316468834,-0.00967805085005613,0,0,-0.41739930235507194,-0.009399182251126667,-0.15335389316468834,-0.3881370092001673,-0.4098350515440387,0,0
1284.2268420173286,1411.3480414449798,26.934181235571288,0.3865489667926172,0.005401965832799273,0.21984299369763013,-0.00967805085005613,0,0,-0.3962270176426733,-0.005401965832799273,-0.21984299369763013,-0.36188693000093786,-0.3929925151792152,0,0
734.7683303247097,1411.3480414449798,28.711534351575374,0.3657653757136828,1.4744176409092757e-05,0.28740449907787746,-0.00967805085005613,0,0,-0.3754434265637389,-1.4744176409092757e-05,-0.28740449907787746,-0.3356368508017084,-0.3763017133762369,0,0
1284.2268420173286,1411.3480414449798,32.369070457727666,0.3453284232451909,-0.0065663491303329215,0.3356627172066255,-0.00967805085005613,0,0,-0.35500647409524705,0.0065663491303329215,-0.3356627172066255,-0.3107523826590863,-0.3582453005166513,0,0
1284.2268420173286,1411.3480414449798,32.94608262610615,0.32938463312301924,-0.011994662656700381,0.3206490493443483,-0.00967805085005613,0,0,-0.3390626839730754,0.011994662656700381,-0.3206490493443483,-0.29497198822717957,-0.340340622218911,0,0
1284.2268420173286,1411.3480414449798,25.10361938144616,0.30912818801917596,-0.01813608830936601,0.2681012118263782,-0.00967805085005613,0,0,-0.3188062388692321,0.01813608830936601,-0.2681012118263782,-0.27752251361497504,-0.31545615407628885,0,0
624.3377665398167,215.92040254306553,18.57727846314466,0.2881077122516952,-0.02320146617894016,0.2048293258353529,-0.00967805085005613,0,0,-0.2977857631017513,0.02320146617894016,-0.2048293258353529,-0.260376508126461,-0.28935780943890466,0,0
900.238757316699,193.04122344313365,20.65731111090045,0.26674032648938084,-0.026975041041175984,0.14477465438624418,-0.00967805085005613,0,0,-0.27641837733943697,0.026975041041175984,-0.14477465438624418,-0.24292703351425646,-0.2634111993633657,0,0
471.8179059817352,648.3999468665874,21.99109567138421,0.24533307940960322,-0.029419044212853223,0.08257517324252442,-0.00967805085005613,0,0,-0.2550111302596594,0.029419044212853223,-0.08257517324252442,-0.2257810280257424,-0.23746458928782677,0,0
108.02276929750369,703.2691653992177,25.456014597653017,0.22775923074529317,-0.030400067919286098,0.028954930877248798,-0.00967805085005613,0,0,-0.2374372815953493,0.030400067919286098,-0.028954930877248798,-0.21197318289782402,-0.21607001606764553,0,0
100.52415418066585,498.3296704628293,23.1188681289847,0.20636466982754828,-0.030377124279656473,-0.031099740571859935,-0.00967805085005613,0,0,-0.2160427206776044,0.030377124279656473,0.031099740571859935,-0.19482717740930997,-0.1904268751157971,0,0
104.68049512451793,185.91929651913173,28.06270908445,0.18493362899063348,-0.029077007378015822,-0.09008200717366316,-0.00967805085005613,0,0,-0.1946116798406896,0.029077007378015822,0.09008200717366316,-0.17752943735895066,-0.16478373416394865,0,0
119.42733126216413,703.2691653992177,27.889309733104497,0.16331519279507925,-0.026479632394024472,-0.14906427377546638,-0.00967805085005613,0,0,-0.17299324364513538,0.026479632394024472,0.14906427377546638,-0.15992822818490085,-0.1388371240884097,0,0
209.13650375320472,528.3325926770696,57.06386143042885,0.14196834810504072,-0.02259153988794581,-0.21126375491918614,-0.00967805085005613,0,0,-0.15164639895509685,0.02259153988794581,0.21126375491918614,-0.14263048813454154,-0.11273877945102549,0,0
37.72022963544492,417.22151175368833,28.29625192435787,0.12082801567890351,-0.01737718611579673,-0.27239083121560037,-0.00967805085005613,0,0,-0.13050606652895963,0.01737718611579673,0.27239083121560037,-0.125181013522337,-0.08664043481364128,0,0
38.35590662765991,1411.3480414449798,23.66437137022323,0.09997723865973936,-0.011104368722805825,-0.3120698105659043,-0.00967805085005613,0,0,-0.10965528950979549,0.011104368722805825,0.3120698105659043,-0.10621419329167986,-0.06205943579470964,0,0
36.24233355390543,1411.3480414449798,25.30418426932561,0.07977706363895505,-0.005039090399539053,-0.27131842636829484,-0.00967805085005613,0,0,-0.08945511448901118,0.005039090399539053,0.27131842636829484,-0.08224013252012925,-0.0438512883732788,0,0
206.97300472647143,1411.3480414449798,25.15356131134849,0.05928620072033814,-4.317117886921181e-05,-0.20697413552996405,-0.00967805085005613,0,0,-0.06896425157039426,4.317117886921181e-05,0.20697413552996405,-0.05659699156828081,-0.027312221132145785,0,0
140.84502956740286,1411.3480414449798,24.905165748622878,0.04429107786680825,0.002729581381569339,-0.15871591740121596,-0.00967805085005613,0,0,-0.05396912871686438,-0.002729581381569339,0.15871591740121596,-0.0379336404613142,-0.015476925308215737,0,0
108.6000844939372,581.6409617069837,24.037345561355124,0.031811906183937984,0.004426142621953705,-0.11153010411977339,-0.00967805085005613,0,0,-0.041489957033994114,-0.004426142621953705,0.11153010411977339,-0.022001511467562213,-0.006221117035655059,0,0
128.44498763419128,624.3377665398167,25.053809401176977,0.020469590403345877,0.00535262511594616,-0.05147543267066467,-0.00967805085005613,0,0,-0.030147641253402007,-0.00535262511594616,0.05147543267066467,-0.006372851597500739,0.0009104073710720223,0,0
101.5330368193872,390.5444991736698,27.717394716872157,0.013795864717585916,0.005538753682899664,-0.004289619389222107,-0.00967805085005613,0,0,-0.023473915567642046,-0.005538753682899664,0.004289619389222107,0.0036416294842862244,0.004248567731667677,0,0
242.3065498311679,544.8761250677193,37.452770077611675,0.00954827416335408,0.005447636976614668,0.0471858132814425,-0.00967805085005613,0,0,-0.01922632501341021,-0.005447636976614668,-0.0471858132814425,0.011531826700239589,0.004855505979048705,0,0
648.3999468665874,141.82331249922515,158.34116103748556,0.006671894695935748,0.005253008228258798,0.08793719747905199,-0.00967805085005613,0,0,-0.016349945545991878,-0.005253008228258798,-0.08793719747905199,0.017297740050359355,0.004855505979048705,0,0
228.31501027837746,45.283073634897775,60.99849051546361,0.004634211402750195,0.005043586877841029,0.11689212835630083,-0.00967805085005613,0,0,-0.014312262252806325,-0.005043586877841029,-0.11689212835630083,0.021394573220181293,0.004855505979048705,0,0
528.3325926770696,45.64490144276858,39.58151945793042,0.0035050721189711304,0.004901779090289243,0.13297820106588354,-0.00967805085005613,0,0,-0.01318312296902726,-0.004901779090289243,-0.13297820106588354,0.02367059164786015,0.004855505979048705,0,0
1284.2268420173286,45.403161081746035,43.9954973922686,0.0035050721189711304,0.004901779090289243,0.13297820106588354,-0.00967805085005613,0,0,-0.01318312296902726,-0.004901779090289243,-0.13297820106588354,0.02367059164786015,0.004855505979048705,0,0
602.1580731583105,42.875588389285745,34.1466956368953,0.0035050721189711304,0.004901779090289243,0.13297820106588354,-0.00967805085005613,0,0,-0.01318312296902726,-0.004901779090289243,-0.13297820106588354,0.02367059164786015,0.004855505979048705,0,0
1284.2268420173286,43.654616942576325,39.00837153363536,0.0035050721189711304,0.004901779090289243,0.13297820106588354,-0.00967805085005613,0,0,-0.01318312296902726,-0.004901779090289243,-0.13297820106588354,0.02367059164786015,0.004855505979048705,0,0
1284.2268420173286,44.80786091202521,38.63343878442909,0.0035050721189711304,0.004901779090289243,0.13297820106588354,-0.00967805085005613,0,0,-0.01318312296902726,-0.004901779090289243,-0.13297820106588354,0.02367059164786015,0.004855505979048705,0,0
1284.2268420173286,44.80786091202521,48.44999661828506,0.0035050721189711304,0.004901779090289243,0.13297820106588354,-0.00967805085005613,0,0,-0.01318312296902726,-0.004901779090289243,-0.13297820106588354,0.02367059164786015,0.004855505979048705,0,0
1284.2268420173286,45.766561441787665,37.81003834541127,0.0035050721189711304,0.004901779090289243,0.13297820106588354,-0.00967805085005613,0,0,-0.01318312296902726,-0.004901779090289243,-0.13297820106588354,0.02367059164786015,0.004855505979048705,0,0
1284.2268420173286,44.80786091202521,43.654616942576325,0.0035050721189711304,0.004901779090289243,0.13297820106588354,-0.00967805085005613,0,0,-0.01318312296902726,-0.004901779090289243,-0.13297820106588354,0.02367059164786015,0.004855505979048705,0,0
1093.1463157010076,44.45675008456414,37.99065036400073,0.0035050721189711304,0.004901779090289243,0.13297820106588354,-0.00967805085005613,0,0,-0.01318312296902726,-0.004901779090289243,-0.13297820106588354,0.02367059164786015,0.004855505979048705,0,0
254.878386734463,30.989631238220753,45.403161081746035,0.0035050721189711304,0.004901779090289243,0.13297820106588354,-0.00967805085005613,0,0,-0.01318312296902726,-0.004901779090289243,-0.13297820106588354,0.02367059164786015,0.004855505979048705,0,0
1411.3480414449798,41.69564725646781,42.118643758499466,0.0035050721189711304,0.004901779090289243,0.13297820106588354,-0.00967805085005613,0,0,-0.01318312296902726,-0.004901779090289243,-0.13297820106588354,0.02367059164786015,0.004855505979048705,0,0
1411.3480414449798,44.11008151330754,44.45675008456414,0.0035050721189711304,0.004901779090289243,0.13297820106588354,-0.00967805085005613,0,0,-0.01318312296902726,-0.004901779090289243,-0.13297820106588354,0.02367059164786015,0.004855505979048705,0,0
