FDist,LDist,RDist,XEst,YEst,ThetaEst,XDes,YDes,ThetaDes,XError,YError,ThetaError,SL,SR,RW,LW
120.13062066766372,703.2691653992177,30.856404298200047,0.0,0.0,0.0,0,0,0,0.0,0.0,0.0,0.0,0.0,0,0
130.08105893503551,851.4899528953961,31.462535589252198,0.0,0.0,0.0,0,0,0,0.0,0.0,0.0,0.0,0.0,0,0
129.25786434407527,242.3065498311679,31.123690737050055,0.0,0.0,0.0,0,0,0,0.0,0.0,0.0,0.0,0.0,0,0
151.28683687310368,185.91929651913173,31.945994776763527,0.0,0.0,0.0,0,0,0,0.0,0.0,0.0,0.0,0.0,0,0
166.09994149545804,204.85569342211394,31.945994776763527,0.0,0.0,0.0,0,0,0,0.0,0.0,0.0,0.0,0.0,0,0
146.92774685951784,769.566351540633,30.856404298200047,0.0,0.0,0.0,0,0,0,0.0,0.0,0.0,0.0,0.0,0,0
101.5330368193872,236.49825525583836,30.790100524402142,0.0,0.0,0.0,0,0,0,0.0,0.0,0.0,0.0,0.0,0,0
133.48121220361529,1180.1265773010464,31.668418679204336,0.0,0.0,0.0,0,0,0,0.0,0.0,0.0,0.0,0.0,0,0
107.45140018288424,340.5824855543227,29.56820969111582,0.0,0.0,0.0,0,0,0,0.0,0.0,0.0,0.0,0.0,0,0
145.87739303694283,187.6483042942066,31.462535589252198,0.0,0.0,0.0,0,0,0,0.0,0.0,0.0,0.0,0.0,0,0
92.66842176880655,390.5444991736698,30.331663097801872,0.0,0.0,0.0,0,0,0,0.0,0.0,0.0,0.0,0.0,0,0
123.02757911911826,340.5824855543227,30.658107400064964,0.0,0.0,0.0,0,0,0,0.0,0.0,0.0,0.0,0.0,0,0
146.92774685951784,648.3999468665874,31.191035234338365,0.0,0.0,0.0,0,0,0,0.0,0.0,0.0,0.0,0.0,0,0
127.64222867598318,198.76603234393832,30.658107400064964,0.0,0.0,0.0,0,0,0,0.0,0.0,0.0,0.0,0.0,0,0
174.67928447558052,258.2405371440609,31.530946491144263,0.0,0.0,0.0,0,0,0,0.0,0.0,0.0,0.0,0.0,0,0
146.92774685951784,955.6520228707801,31.462535589252198,0.0,0.0,0.0,0,0,0,0.0,0.0,0.0,0.0,0.0,0,0
170.27879631253745,512.8513118946122,32.227138405664235,0.0,0.0,0.0,0,0,0,0.0,0.0,0.0,0.0,0.0,0,0
151.28683687310368,390.5444991736698,31.806765208853015,0.0,0.0,0.0,0,0,0,0.0,0.0,0.0,0.0,0.0,0,0
184.22292190812155,734.7683303247097,30.790100524402142,0.0,0.0,0.0,0,0,0,0.0,0.0,0.0,0.0,0.0,0,0
139.88023555455067,703.2691653992177,31.737482110528177,0.0,0.0,0.0,0,0,0,0.0,0.0,0.0,0.0,0.0,0,0
177.7453057985956,399.01729906632625,31.39434006392785,0.0,0.0,0.0,0,0,0,0.0,0.0,0.0,0.0,0.0,0,0
228.31501027837746,196.81893899271049,31.530946491144263,0.0,0.0,0.0,0,0,0,0.0,0.0,0.0,0.0,0.0,0,0
170.27879631253745,390.5444991736698,31.59957383146636,0.0,0.0,0.0,0,0,0,0.0,0.0,0.0,0.0,0.0,0,0
137.98997206957193,851.4899528953961,31.326358860372608,0.0,0.0,0.0,0.8,0,0,0.8,0.0,0.0,0.0,0.0,0,0
95.30295822324965,562.6000187683081,31.737482110528177,0.008648865051854315,9.275088360911909e-06,0.0021448096946110333,0.8,0,0,0.7913511349481457,-9.275088360911909e-06,-0.0021448096946110333,-0.008497135463334393,-0.008800604587024908,0,0
104.1428794944386,261.6981137825328,41.38282267374021,0.03125726276502484,5.7765873311673845e-05,0.0021448096946110333,0.8,0,0,0.7687427372349752,-5.7765873311673845e-05,-0.0021448096946110333,-0.03110558517827769,-0.031409054301968206,0,0
179.3202830877122,209.13650375320472,65.43626790658098,0.04893431634924733,2.9330411860272736e-05,-0.005362024236527553,0.8,0,0,0.7510656836507528,-2.9330411860272736e-05,0.005362024236527553,-0.04931373259970853,-0.04855505979048225,0,0
151.28683687310368,184.22292190812155,62.005885601807684,0.07116288960875056,-0.00012561929093038454,-0.008579238778444073,0.8,0,0,0.7288371103912494,0.00012561929093038454,0.008579238778444073,-0.07177044775280657,-0.07055657125804451,0,0
265.2554052777127,177.7453057985956,47.919138344411984,0.09407416287782508,-0.0002976136452982084,-0.006434429083833052,0.8,0,0,0.7059258371221749,0.0002976136452982084,0.006434429083833052,-0.09453063202959512,-0.09362022465852358,0,0
118.0448484665879,198.76603234393832,31.668418679204336,0.11675821573170836,-0.00040708369216598054,-0.003217214541916508,0.8,0,0,0.6832417842682916,0.00040708369216598054,0.003217214541916508,-0.11698734718269316,-0.11653214349715739,0,0
123.77355272308415,184.22292190812155,32.583694610362,0.13906314501919875,-0.0004549235940972684,-0.0010724048473054874,0.8,0,0,0.6609368549808012,0.0004549235940972684,0.0010724048473054874,-0.13914059321210068,-0.13898885865025543,0,0
151.28683687310368,185.91929651913173,31.668418679204336,0.15719540170001067,-0.0004840912991911944,-0.0021448096946109856,0.8,0,0,0.6428045982999894,0.0004840912991911944,0.0021448096946109856,-0.15734874063353152,-0.15704527150984102,0,0
133.48121220361529,182.55823066529945,24.22671386331148,0.1798037994131812,-0.0005325820841419553,-0.0021448096946109856,0.8,0,0,0.6201962005868189,0.0005325820841419553,0.0021448096946109856,-0.17995719034847482,-0.17965372122478432,0,0
106.88588226030939,196.81893899271049,23.61828058878553,0.2025639706022715,-0.000556990211407512,3.5128150388530344e-17,0.8,0,0,0.5974360293977286,0.000556990211407512,-3.5128150388530344e-17,-0.20256564006341812,-0.20256564006341812,0,0
84.08878225753256,272.6876389629632,27.717394716872157,0.2252482582489776,-0.0005205000698883309,0.003217214541916579,0.8,0,0,0.5747517417510224,0.0005205000698883309,-0.003217214541916579,-0.22502235521651615,-0.22547755890205193,0,0
73.6975442509615,184.22292190812155,27.26606267467261,0.24815996628872128,-0.00042221696000969814,0.0053620242365275995,0.8,0,0,0.5518400337112788,0.00042221696000969814,-0.0053620242365275995,-0.2477825394933047,-0.24854121230253098,0,0
62.21088813178245,276.5725757314533,21.250766618660897,0.2703889230158171,-0.0003387820248886231,0.0021448096946110806,0.8,0,0,0.529611076984183,0.0003387820248886231,-0.0021448096946110806,-0.27023925464640275,-0.27054272377009325,0,0
71.527220004475,427.0195773074906,20.046470706490737,0.292617956436696,-0.00027918557412024726,0.003217214541916603,0.8,0,0,0.5073820435633041,0.00027918557412024726,-0.003217214541916603,-0.2923925006758103,-0.29284770436134605,0,0
67.51788505098841,193.04122344313365,19.529790810708228,0.3148469131637918,-0.00019575063899917173,0.004289619389222126,0.8,0,0,0.4851530868362082,0.00019575063899917173,-0.004289619389222126,-0.31454574670521784,-0.31515268495259885,0,0
69.7215507122142,152.41788953728954,22.28772229885734,0.33669657699188266,-0.00012545534026550144,0.002144809694611105,0.8,0,0,0.4633034230081174,0.00012545534026550144,-0.002144809694611105,-0.3365472581727801,-0.3368507272964706,0,0
63.466481404640184,193.04122344313365,20.197102771620948,0.3580911502120639,-0.00012545534026549965,-0.0021448096946109366,0.8,0,0,0.44190884978793615,0.00012545534026549965,0.0021448096946109366,-0.3582453005166518,-0.3579418313929613,0,0
70.2289601667081,215.92040254306553,19.602617680935374,0.3799406130137454,-0.00024261381218498415,-0.008579238778444024,0.8,0,0,0.42005938698625467,0.00024261381218498415,0.008579238778444024,-0.3805502811079046,-0.37933640461314255,0,0
64.3287418393918,146.92774685951784,23.16370274985499,0.40156141731825123,-0.00048607978327658833,-0.013941263014971589,0.8,0,0,0.3984385826817488,0.00048607978327658833,0.013941263014971589,-0.4025517925754669,-0.40057924327147854,0,0
73.41971802386729,173.18670720903205,30.790100524402142,0.4234847637703416,-0.0008034964506732597,-0.015013667862277112,0.8,0,0,0.37651523622965843,0.0008034964506732597,0.015013667862277112,-0.42455330404302916,-0.4224290201771955,0,0
60.01951173605402,191.20821604693444,23.943387448052704,0.4457118798731029,-0.0011014701372065814,-0.011796453320360594,0.8,0,0,0.35428812012689714,0.0011014701372065814,0.011796453320360594,-0.4465548155105914,-0.4448857353302936,0,0
63.043003529206196,121.56203207857888,484.6780696502813,0.4681673037188921,-0.001342292423022242,-0.009651643625749573,0.8,0,0,0.33183269628110795,0.001342292423022242,0.009651643625749573,-0.4688597961018442,-0.4674941850452369,0,0
62.21088813178245,176.198566643824,62.624502623767405,0.49016755005429363,-0.0015782331760173147,-0.011796453320360594,0.8,0,0,0.3098324499457064,0.0015782331760173147,0.011796453320360594,-0.49101304213125174,-0.48934396195095387,0,0
61.802071720251114,284.7075611688845,562.6000187683081,0.5123195222264911,-0.00181580110661925,-0.009651643625749573,0.8,0,0,0.2876804777735089,0.00181580110661925,0.009651643625749573,-0.513014553598814,-0.5116489425422066,0,0
59.635598880684206,254.878386734463,382.4520830402873,0.5344719529844714,-0.0020058567625480203,-0.007506833931138553,0.8,0,0,0.2655280470155287,0.0020058567625480203,0.007506833931138553,-0.5350160650663762,-0.5339539231334594,0,0
48.9906970233985,206.97300472647143,34.93053395250103,0.5564730090016622,-0.002147422950967469,-0.005362024236527532,0.8,0,0,0.24352699099833786,0.002147422950967469,0.005362024236527532,-0.5568658419720932,-0.5561071691628668,0,0
46.88585314489331,204.85569342211394,29.882946467274657,0.5787015822611654,-0.0023023726537581258,-0.008579238778444052,0.8,0,0,0.22129841773883463,0.0023023726537581258,0.008579238778444052,-0.5793225571251912,-0.5781086806304291,0,0
46.63326386384414,245.3252030939217,30.01017807866701,0.6012327362205978,-0.002556089823632535,-0.013941263014971617,0.8,0,0,0.19876726377940224,0.002556089823632535,0.013941263014971617,-0.6022344759638251,-0.6002619266598366,0,0
44.69032492014681,242.3065498311679,28.17914317773628,0.6237622058496838,-0.002930615360854264,-0.01930328725149918,0.8,0,0,0.17623779415031626,0.002930615360854264,0.01930328725149918,-0.6251463948024589,-0.6224151726892441,0,0
42.65710812266905,176.198566643824,33.388857821495826,0.6464415630172233,-0.0034049528315462205,-0.022520501793415724,0.8,0,0,0.1535584369827767,0.0034049528315462205,0.022520501793415724,-0.6480583136410928,-0.6448718878423421,0,0
39.58151945793042,242.3065498311679,29.196701571220196,0.6691186768045627,-0.003976571450026782,-0.02788252602994329,0.8,0,0,0.13088132319543733,0.003976571450026782,0.02788252602994329,-0.6711219670415719,-0.6671768684335948,0,0
38.35590662765991,808.2350827585409,28.6516875778294,0.6917931299345239,-0.00464546069805248,-0.03109974057185983,0.8,0,0,0.10820687006547614,0.00464546069805248,0.03109974057185983,-0.6940338858802058,-0.6896335835866928,0,0
40.167981003823776,648.3999468665874,32.08611619752381,0.7140841445287945,-0.0054346549290117206,-0.039678979350303914,0.8,0,0,0.0859158554712055,0.0054346549290117206,0.039678979350303914,-0.7169458047188396,-0.7113316259305645,0,0
43.20669553443567,1411.3480414449798,28.592015692053423,0.7365180846533416,-0.006445785956932158,-0.050403027823359044,0.8,0,0,0.06348191534665848,0.006445785956932158,0.050403027823359044,-0.740161192681164,-0.7330296682744363,0,0
38.72664396960077,1570.544100534677,31.668418679204336,0.7559862469225709,-0.007522084704266446,-0.06005467144910867,0.8,0,0,0.04401375307742916,0.007522084704266446,0.06005467144910867,-0.7603418894065832,-0.7518447539432481,0,0
33.840516440659265,346.8640580657511,35.41390242737805,0.7712002262224975,-0.0085597262682365,-0.07614074415869138,0.8,0,0,0.028799773777502535,0.0085597262682365,0.07614074415869138,-0.7767292220858709,-0.7659560681948571,0,0
79.04963861634155,288.9697116820819,30.724001887465562,0.782764693161906,-0.009560557906243973,-0.09651643625749612,0.8,0,0,0.017235306838094044,0.009560557906243973,0.09651643625749612,-0.789778394404563,-0.7761222838384892,0,0
284.7075611688845,1411.3480414449798,36.07430705116846,0.791434701417487,-0.010536261707943176,-0.12761617682935597,0.8,0,0,0.008565298582513092,0.010536261707943176,0.12761617682935597,-0.8007032828574215,-0.7826468699978353,0,0
213.60849807698625,307.4777105974586,32.72794171450513,0.7971411831213971,-0.011361987645544405,-0.15978832224852135,0.8,0,0,0.002858816878602899,0.011361987645544405,0.15978832224852135,-0.8087452146352202,-0.7861367649202762,0,0
95.30295822324965,346.8640580657511,32.44038053928213,0.8001261709265155,-0.011908978236545334,-0.20268451614074187,0.8,0,0,-0.00012617092651545647,0.011908978236545334,0.20268451614074187,-0.8148145971090305,-0.7861367649202762,0,0
68.72637072202204,334.5408252723781,39.48508308650554,0.8015351123715713,-0.012213516907279022,-0.22306020823954661,0.8,0,0,-0.0015351123715712234,0.012213516907279022,0.22306020823954661,-0.8176975537840904,-0.7861367649202762,0,0
65.6618596686084,734.7683303247097,35.495445821510074,0.8015351123715713,-0.012213516907279022,-0.22306020823954661,0.8,0,0,-0.0015351123715712234,0.012213516907279022,0.22306020823954661,-0.8176975537840904,-0.7861367649202762,0,0
65.43626790658098,353.40072554933454,35.25166339646849,0.8015351123715713,-0.012213516907279022,-0.22306020823954661,0.8,0,0,-0.0015351123715712234,0.012213516907279022,0.22306020823954661,-0.8176975537840904,-0.7861367649202762,0,0
65.6618596686084,448.2028325964311,38.820199780260964,0.8015351123715713,-0.012213516907279022,-0.22306020823954661,0.8,0,0,-0.0015351123715712234,0.012213516907279022,0.22306020823954661,-0.8176975537840904,-0.7861367649202762,0,0
62.005885601807684,448.2028325964311,35.907463519817924,0.8015351123715713,-0.012213516907279022,-0.22306020823954661,0.8,0,0,-0.0015351123715712234,0.012213516907279022,0.22306020823954661,-0.8176975537840904,-0.7861367649202762,0,0
65.6618596686084,624.3377665398167,35.33264212856703,0.8015351123715713,-0.012213516907279022,-0.22306020823954661,0.8,0,0,-0.0015351123715712234,0.012213516907279022,0.22306020823954661,-0.8176975537840904,-0.7861367649202762,0,0
65.88884418534775,390.5444991736698,35.33264212856703,0.8015351123715713,-0.012213516907279022,-0.22306020823954661,0.8,0,0,-0.0015351123715712234,0.012213516907279022,0.22306020823954661,-0.8176975537840904,-0.7861367649202762,0,0
65.43626790658098,254.878386734463,36.8399334734816,0.8015351123715713,-0.012213516907279022,-0.22306020823954661,0.8,0,0,-0.0015351123715712234,0.012213516907279022,0.22306020823954661,-0.8176975537840904,-0.7861367649202762,0,0
68.23833891011859,602.1580731583105,38.820199780260964,0.8015351123715713,-0.012213516907279022,-0.22306020823954661,0.0015351123715712234,0,0,-0.8,0.012213516907279022,0.22306020823954661,-0.8176975537840904,-0.7861367649202762,0,0
67.28076465107131,734.7683303247097,34.535278547288506,0.7971725100752682,-0.011211621072678465,-0.22842223247607418,0.0015351123715712234,0,0,-0.795637397703697,0.011211621072678465,0.22842223247607418,-0.8136007206142685,-0.7812812589412279,0,0
65.43626790658098,512.8513118946122,30.856404298200047,0.779648481152146,-0.0068593279233851575,-0.25844956820062853,0.0015351123715712234,0,0,-0.7781133687805748,0.0068593279233851575,0.25844956820062853,-0.7976685916205165,-0.7611005622158087,0,0
65.88884418534775,399.01729906632625,37.0134486413167,0.7608020568297484,-0.0015730900156939384,-0.2884769039251829,0.0015351123715712234,0,0,-0.7592669444581772,0.0015730900156939384,0.2884769039251829,-0.7802191170083119,-0.739402519871937,0,0
68.48157158520587,851.4899528953961,32.94608262610615,0.7420347594963462,0.004248966602623088,-0.31314221541320963,0.0015351123715712234,0,0,-0.740499647124775,-0.004248966602623088,0.31314221541320963,-0.7623144387105716,-0.7180079466517557,0,0
71.527220004475,1180.1265773010464,41.69564725646781,0.7233686806791468,0.010626472169581708,-0.34531436083237504,0.0015351123715712234,0,0,-0.7218335683075756,-0.010626472169581708,0.34531436083237504,-0.744864964098367,-0.6960064351841935,0,0
60.213094273732246,223.1819809443389,49.820833293006025,0.7047082901055118,0.0176915849808168,-0.37855891109884593,0.0015351123715712234,0,0,-0.7031731777339406,-0.0176915849808168,0.37855891109884593,-0.7272637549243172,-0.6737014545929407,0,0
60.99849051546361,185.91929651913173,88.5727896902875,0.6867552452196479,0.025101253821414406,-0.4042966274341782,0.0015351123715712234,0,0,-0.6852201328480767,-0.025101253821414406,0.4042966274341782,-0.7096625457502673,-0.6524586159346047,0,0
60.800461875318895,851.4899528953961,1180.1265773010464,0.6688686264784118,0.03305115262342653,-0.43217915346412156,0.0015351123715712234,0,0,-0.6673335141068406,-0.03305115262342653,0.43217915346412156,-0.6920613365762175,-0.6309123081525783,0,0
55.00843338201938,194.9110753588243,127.64222867598318,0.6513474786381932,0.041431152108054814,-0.4600616794940649,0.0015351123715712234,0,0,-0.649812366266622,-0.041431152108054814,0.4600616794940649,-0.6746118619640129,-0.609517734932397,0,0
71.26409887021845,399.01729906632625,242.3065498311679,0.6337438144671297,0.05049784270092307,-0.4911614200659248,0.0015351123715712234,0,0,-0.6322087020955585,-0.05049784270092307,0.4911614200659248,-0.6570106527899631,-0.5875162234648348,0,0
51.405375698086,528.3325926770696,37.0134486413167,0.6208720336008211,0.05794322868951625,-0.5576505205988666,0.0015351123715712234,0,0,-0.6193369212292499,-0.05794322868951625,0.5576505205988666,-0.6468444371463309,-0.5679424649867967,0,0
37.100676960883916,1019.267059271828,407.8990969411948,0.6039122331603574,0.06901994094373086,-0.5994743096437816,0.0015351123715712234,0,0,-0.6023771207887861,-0.06901994094373086,0.5994743096437816,-0.6295466970959716,-0.5447270770244723,0,0
52.45851470980181,1411.3480414449798,34.93053395250103,0.5865948655276375,0.0813230695107792,-0.635936074452169,0.0015351123715712234,0,0,-0.5850597531560663,-0.0813230695107792,0.635936074452169,-0.610883345989005,-0.520904750814767,0,0
68.72637072202204,955.6520228707801,37.18822146772475,0.5705665437385933,0.0937094041570688,-0.679904673191695,0.0015351123715712234,0,0,-0.5690314313670221,-0.0937094041570688,0.679904673191695,-0.5937373405004909,-0.4975376282905974,0,0
73.9772983740448,1411.3480414449798,31.945994776763527,0.5562825070360472,0.10572135529009583,-0.7185112476946934,0.0015351123715712234,0,0,-0.554747394664476,-0.10572135529009583,0.7185112476946934,-0.5778052115067389,-0.47614305507041615,0,0
68.23833891011859,390.5444991736698,28.237612839164704,0.5416092726243364,0.1190175977086658,-0.7539006076557754,0.0015351123715712234,0,0,-0.5400741602527652,-0.1190175977086658,0.7539006076557754,-0.5605074714563796,-0.45383807447916336,0,0
52.45851470980181,137.0639518589543,37.900177953656964,0.5277460078128938,0.13240243766169107,-0.7817831336857187,0.0015351123715712234,0,0,-0.5262108954413226,-0.13240243766169107,0.7817831336857187,-0.5432097314060202,-0.4325952358208274,0,0
62.005885601807684,648.3999468665874,1411.3480414449798,0.5143217300978815,0.1461215705265266,-0.8107380645629676,0.0015351123715712234,0,0,-0.5127866177263103,-0.1461215705265266,0.8107380645629676,-0.5260637259175062,-0.4113523971624914,0,0
64.767717284378,1411.3480414449798,105.22351709380416,0.5012412025977288,0.1602723249982158,-0.8386205905929109,0.0015351123715712234,0,0,-0.49970609022615753,-0.1602723249982158,0.8386205905929109,-0.5087659858671468,-0.3901095585041554,0,0
94.8539958627646,581.6409617069837,143.82153882231913,0.48827665294552497,0.1751389159989137,-0.8686479263174652,0.0015351123715712234,0,0,-0.48674154057395375,-0.1751389159989137,0.8686479263174652,-0.491164776693097,-0.3682597815984384,0,0
223.1819809443389,1411.3480414449798,35.41390242737805,0.475844313269794,0.19025741298584384,-0.8965304523474086,0.0015351123715712234,0,0,-0.47430920089822276,-0.19025741298584384,0.8965304523474086,-0.47356356751904716,-0.34671347381641193,0,0
158.34116103748556,1411.3480414449798,26.60780897647566,0.46379540700149097,0.2058753172435904,-0.930847407461185,0.0015351123715712234,0,0,-0.46226029462991974,-0.2058753172435904,0.930847407461185,-0.4562658274686879,-0.3245602277870044,0,0
133.48121220361529,1284.2268420173286,20.852837358537094,0.45229095315836376,0.22180501699715044,-0.9598023383384339,0.0015351123715712234,0,0,-0.45075584078679254,-0.22180501699715044,0.9598023383384339,-0.43866461829463804,-0.30286218544313265,0,0
111.57932338755117,1411.3480414449798,27.210360375618606,0.4437658691564834,0.23417332582536898,-0.9748160062007111,0.0015351123715712234,0,0,-0.4422307567849122,-0.23417332582536898,0.9748160062007111,-0.4247050386048744,-0.2867783218875354,0,0
