FDist,LDist,RDist,XEst,YEst,ThetaEst,XDes,YDes,ThetaDes,XError,YError,ThetaError,SL,SR,RW,LW
955.6520228707801,209.13650375320472,32.800418117764416,0.0,0.0,0.0,0,0,0,0.0,0.0,0.0,0.0,0.0,0,0
674.6059938250444,360.20900612823414,32.15651414002179,0.0,0.0,0.0,0,0,0,0.0,0.0,0.0,0.0,0.0,0,0
1570.544100534677,288.9697116820819,32.15651414002179,0.0,0.0,0.0,0,0,0,0.0,0.0,0.0,0.0,0.0,0,0
562.6000187683081,288.9697116820819,31.945994776763527,0.0,0.0,0.0,0,0,0,0.0,0.0,0.0,0.0,0.0,0,0
245.3252030939217,390.5444991736698,31.87626906490098,0.0,0.0,0.0,0,0,0,0.0,0.0,0.0,0.0,0.0,0,0
648.3999468665874,280.5772654118684,30.461639058159932,0.0,0.0,0.0,0,0,0,0.0,0.0,0.0,0.0,0.0,0,0
427.0195773074906,215.92040254306553,30.989631238220753,0.0,0.0,0.0,0,0,0,0.0,0.0,0.0,0.0,0.0,0,0
674.6059938250444,399.01729906632625,32.583694610362,0.0,0.0,0.0,0,0,0,0.0,0.0,0.0,0.0,0.0,0,0
471.8179059817352,170.27879631253745,32.583694610362,0.0,0.0,0.0,0,0,0,0.0,0.0,0.0,0.0,0.0,0,0
254.878386734463,340.5824855543227,31.258590930792266,0.0,0.0,0.0,0,0,0,0.0,0.0,0.0,0.0,0.0,0,0
323.12240163650586,353.40072554933454,32.15651414002179,0.0,0.0,0.0,0,0,0,0.0,0.0,0.0,0.0,0.0,0,0
360.20900612823414,317.7208243859324,32.369070457727666,0.0,0.0,0.0,0,0,0,0.0,0.0,0.0,0.0,0.0,0,0
581.6409617069837,230.97580043058096,31.668418679204336,0.0,0.0,0.0,0,0,0,0.0,0.0,0.0,0.0,0.0,0,0
448.2028325964311,158.34116103748556,30.922914202681703,0.0,0.0,0.0,0,0,0,0.0,0.0,0.0,0.0,0.0,0,0
1411.3480414449798,185.91929651913173,32.44038053928213,0.0,0.0,0.0,0,0,0,0.0,0.0,0.0,0.0,0.0,0,0
484.6780696502813,248.42442609070224,30.396551423726756,0.0,0.0,0.0,0,0,0,0.0,0.0,0.0,0.0,0.0,0,0
367.3069052663625,284.7075611688845,31.945994776763527,0.0,0.0,0.0,0,0,0,0.0,0.0,0.0,0.0,0.0,0,0
194.9110753588243,209.13650375320472,30.724001887465562,0.0,0.0,0.0,0,0,0,0.0,0.0,0.0,0.0,0.0,0,0
471.8179059817352,417.22151175368833,32.369070457727666,0.0,0.0,0.0,0.5,0,0,0.5,0.0,0.0,0.0,0.0,0,0
1093.1463157010076,194.9110753588243,32.15651414002179,0.0018966817504053129,1.0170054489327245e-06,0.0010724048473055119,0.5,0,0,0.4981033182495947,-1.0170054489327245e-06,-0.0010724048473055119,-0.0018208147421430842,-0.001972549303988341,0,0
1180.1265773010464,674.6059938250444,39.58151945793042,0.02162216344761691,2.2170715745749266e-05,0.0010724048473055119,0.5,0,0,0.4783778365523831,-2.2170715745749266e-05,-0.0010724048473055119,-0.021546307782026496,-0.021698042343871755,0,0
1411.3480414449798,194.9110753588243,51.55362639757167,0.0433960699422699,3.384593829949709e-05,1.3660947373317356e-17,0.5,0,0,0.4566039300577301,-3.384593829949709e-05,-1.3660947373317356e-17,-0.0433960846877435,-0.04339608468774351,0,0
268.9169663380496,209.13650375320472,50.819497486764014,0.06107314385604742,2.436744751544446e-05,-0.0010724048473054846,0.5,0,0,0.4389268561439526,-2.436744751544446e-05,0.0010724048473054846,-0.06114902842363858,-0.060997293861793325,0,0
293.3703955349555,159.58252707905322,39.00837153363536,0.08307465532360969,2.436744751544503e-05,0.0010724048473055362,0.5,0,0,0.4169253446763903,-2.436744751544503e-05,-0.0010724048473055362,-0.08299880532935558,-0.08315053989120084,0,0
317.7208243859324,223.1819809443389,31.056556411796677,0.10537900744648356,0.00019180566004571199,0.01394126301497171,0.5,0,0,0.39462099255351646,-0.00019180566004571199,-0.01394126301497171,-0.10439337854953681,-0.10636592785352517,0,0
1570.544100534677,196.81893899271049,30.26697313093551,0.12775714954583997,0.0005398109164286787,0.017158477556888253,0.5,0,0,0.37224285045416006,-0.0005398109164286787,-0.017158477556888253,-0.12654662457894433,-0.12897437756846847,0,0
808.2350827585409,198.76603234393832,37.900177953656964,0.1496028557799053,0.0009615572436475134,0.02144809694611027,0.5,0,0,0.3503971442200947,-0.0009615572436475134,-0.02144809694611027,-0.14809293236097082,-0.151127623597876,0,0
184.22292190812155,177.7453057985956,26.661827824936275,0.17167540740450069,0.001423203410775807,0.02037569209880477,0.5,0,0,0.3283245925954993,-0.001423203410775807,-0.02037569209880477,-0.17024617839037834,-0.17312913506543826,0,0
498.3296704628293,245.3252030939217,22.159982088780858,0.19397575798961203,0.0018776513806112785,0.02037569209880477,0.5,0,0,0.30602424201038797,-0.0018776513806112785,-0.02037569209880477,-0.1925511589816311,-0.19543411565669103,0,0
251.60762066022812,374.71408913910363,20.349107076989263,0.21620001099994346,0.0023424703736304887,0.021448096946110294,0.5,0,0,0.28379998900005654,-0.0023424703736304887,-0.021448096946110294,-0.21470440501103863,-0.2177390962479438,0,0
1411.3480414449798,261.6981137825328,21.949127558551538,0.23387322243819336,0.0027121045899222156,0.020375692098804795,0.5,0,0,0.26612677756180664,-0.0027121045899222156,-0.020375692098804795,-0.2324573487469337,-0.2353403054219936,0,0
484.6780696502813,187.6483042942066,18.993706680961672,0.25602320744189816,0.0030922019131348747,0.013941263014971733,0.5,0,0,0.24397679255810184,-0.0030922019131348747,-0.013941263014971733,-0.255065798461877,-0.25703834776586537,0,0
194.9110753588243,218.28532251964043,23.572306256804332,0.2782516017506128,0.003270989551968437,0.0021448096946110815,0.5,0,0,0.2217483982493872,-0.003270989551968437,-0.0021448096946110815,-0.27812945186235605,-0.2784329209860466,0,0
360.20900612823414,288.9697116820819,25.30418426932561,0.3003287234244591,0.003164448469565355,-0.011796453320360566,0.5,0,0,0.1996712765755409,-0.003164448469565355,0.011796453320360566,-0.3011931052628351,-0.29952402508253734,0,0
166.09994149545804,150.1726803268919,19.241682753275676,0.32240343308857,0.0028211619285231776,-0.019303287251499126,0.5,0,0,0.17759656691143,-0.0028211619285231776,0.019303287251499126,-0.3238015549777784,-0.3210703328645638,0,0
562.6000187683081,265.2554052777127,22.033164800444176,0.34447735569482874,0.00243053016208252,-0.016086072709582584,0.5,0,0,0.15552264430517126,-0.00243053016208252,0.016086072709582584,-0.3456513318834954,-0.3433753134558166,0,0
328.72509627198025,176.198566643824,19.97166324722388,0.3661736013841076,0.0021513088396501443,-0.009651643625749521,0.5,0,0,0.1338263986158924,-0.0021513088396501443,0.009651643625749521,-0.3668941705418314,-0.36552855948522417,0,0
427.0195773074906,158.34116103748556,26.989108340162986,0.38802185804027955,0.0018935649442002218,-0.013941263014971539,0.5,0,0,0.11197814195972045,-0.0018935649442002218,0.013941263014971539,-0.3890474165712389,-0.38707486726725066,0,0
769.566351540633,225.71785045590883,29.013419717033194,0.41002154772521265,0.0016104384284471142,-0.011796453320360518,0.5,0,0,0.08997845227478735,-0.0016104384284471142,0.011796453320360518,-0.4108971934769559,-0.4092281132966582,0,0
1284.2268420173286,185.91929651913173,27.774536019956848,0.4315675457657597,0.001494907157526512,0.0010724048473056066,0.5,0,0,0.06843245423424033,-0.001494907157526512,-0.0010724048473056066,-0.4315330938879109,-0.43168482844975625,0,0
1093.1463157010076,198.76603234393832,28.831755768193197,0.4474236228442266,0.0015714263541665287,0.008579238778444204,0.5,0,0,0.0525763771557734,-0.0015714263541665287,-0.008579238778444204,-0.44685828463428184,-0.448072161129044,0,0
624.3377665398167,130.91477695173097,265.2554052777127,0.46297560831101164,0.0017298730697473854,0.011796453320360736,0.5,0,0,0.037024391688988356,-0.0017298730697473854,-0.011796453320360736,-0.4621834753806528,-0.46385255556095073,0,0
407.8990969411948,136.15031850713706,44.69032492014681,0.4748093729071186,0.0019202482883590275,0.020375692098804844,0.5,0,0,0.02519062709288139,-0.0019202482883590275,-0.020375692098804844,-0.4734118329572018,-0.4762947896322618,0,0
955.6520228707801,265.2554052777127,39.48508308650554,0.4829248089327505,0.0021161045408796824,0.027882526029943427,0.5,0,0,0.017075191067249473,-0.0021161045408796824,-0.027882526029943427,-0.48099856104946465,-0.48494365965744146,0,0
769.566351540633,268.9169663380496,177.7453057985956,0.48823329253518055,0.0022698542863678027,0.030027335724554446,0.5,0,0,0.011766707464819448,-0.0022698542863678027,-0.030027335724554446,-0.48615753615220336,-0.49040610388387074,0,0
484.6780696502813,154.7323071690459,581.6409617069837,0.49073604870725857,0.0023356266340326124,0.022520501793415856,0.5,0,0,0.009263951292741435,-0.0023356266340326124,-0.022520501793415856,-0.4891922273891085,-0.49237865318785906,0,0
1411.3480414449798,162.1258003695371,562.6000187683081,0.49073604870725857,0.0023356266340326124,0.022520501793415856,0.5,0,0,0.009263951292741435,-0.0023356266340326124,-0.022520501793415856,-0.4891922273891085,-0.49237865318785906,0,0
312.50933522689996,142.81538054950164,498.3296704628293,0.49073604870725857,0.0023356266340326124,0.022520501793415856,0.5,0,0,0.009263951292741435,-0.0023356266340326124,-0.022520501793415856,-0.4891922273891085,-0.49237865318785906,0,0
367.3069052663625,220.70517709223105,374.71408913910363,0.49073604870725857,0.0023356266340326124,0.022520501793415856,0.5,0,0,0.009263951292741435,-0.0023356266340326124,-0.022520501793415856,-0.4891922273891085,-0.49237865318785906,0,0
808.2350827585409,177.7453057985956,1411.3480414449798,0.49073604870725857,0.0023356266340326124,0.022520501793415856,0.5,0,0,0.009263951292741435,-0.0023356266340326124,-0.022520501793415856,-0.4891922273891085,-0.49237865318785906,0,0
484.6780696502813,177.7453057985956,427.0195773074906,0.49073604870725857,0.0023356266340326124,0.022520501793415856,0.5,0,0,0.009263951292741435,-0.0023356266340326124,-0.022520501793415856,-0.4891922273891085,-0.49237865318785906,0,0
808.2350827585409,185.91929651913173,417.22151175368833,0.49073604870725857,0.0023356266340326124,0.022520501793415856,0.5,0,0,0.009263951292741435,-0.0023356266340326124,-0.022520501793415856,-0.4891922273891085,-0.49237865318785906,0,0
581.6409617069837,144.84210166738234,544.8761250677193,0.49073604870725857,0.0023356266340326124,0.022520501793415856,-0.009263951292741435,0,0,-0.5,-0.0023356266340326124,-0.022520501793415856,-0.4891922273891085,-0.49237865318785906,0,0
1180.1265773010464,170.27879631253745,417.22151175368833,0.48595735062396245,0.002240807261951206,0.01715847755688829,-0.009263951292741435,0,0,-0.4952213019167039,-0.002240807261951206,-0.01715847755688829,-0.48479192509559604,-0.48721967808512034,0,0
323.12240163650586,245.3252030939217,100.02692680886574,0.4660810488389098,0.0020489623234315273,0.0021448096946111196,-0.009263951292741435,0,0,-0.4753450001316512,-0.0020489623234315273,-0.0021448096946111196,-0.4659768394267842,-0.46628030855047486,0,0
143.82153882231913,137.0639518589543,31.59957383146636,0.4444593990813725,0.002199681317613564,-0.01608607270958257,-0.009263951292741435,0,0,-0.45372335037411393,-0.002199681317613564,0.01608607270958257,-0.4456444081395198,-0.44336838971184106,0,0
288.9697116820819,194.9110753588243,30.202480579810853,0.42238788836834446,0.002708667809320427,-0.030027335724554217,-0.009263951292741435,0,0,-0.4316518396610859,-0.002708667809320427,0.030027335724554217,-0.42455330404302905,-0.420304736311362,0,0
648.3999468665874,187.6483042942066,28.473193408840125,0.4006256249615905,0.0034207294385144157,-0.03538935996108178,-0.009263951292741435,0,0,-0.4098895762543319,-0.0034207294385144157,0.03538935996108178,-0.4031587308228478,-0.39815149028195446,0,0
360.20900612823414,284.7075611688845,27.774536019956848,0.37879212922572614,0.004264064948023251,-0.041823789044914864,-0.009263951292741435,0,0,-0.38805608051846757,-0.004264064948023251,0.041823789044914864,-0.3817641576026666,-0.37584650969070166,0,0
293.3703955349555,459.67991945810627,27.044189133291546,0.3567376769756104,0.0052699418547150515,-0.04933062297605342,-0.009263951292741435,0,0,-0.3660016282683518,-0.0052699418547150515,0.04933062297605342,-0.3602178498206401,-0.35323805997575836,0,0
1180.1265773010464,317.7208243859324,21.05064198016546,0.3349100595571322,0.006253745017016016,-0.04075138419760934,-0.009263951292741435,0,0,-0.34417401084987365,-0.006253745017016016,0.04075138419760934,-0.33776113466754204,-0.3319952213174224,0,0
251.60762066022812,484.6780696502813,19.67576893443448,0.31337724273817696,0.007016095906786164,-0.03002733572455421,-0.009263951292741435,0,0,-0.3226411940309184,-0.007016095906786164,0.03002733572455421,-0.31545615407628924,-0.31120758634462214,0,0
955.6520228707801,242.3065498311679,25.971032055159682,0.2916076181364947,0.0074480508240458996,-0.009651643625749474,-0.009263951292741435,0,0,-0.30087156942923615,-0.0074480508240458996,0.009651643625749474,-0.29224076611396493,-0.2908751550573577,0,0
284.7075611688845,184.22292190812155,22.58943126976108,0.2696819771018093,0.007436294241056234,0.010724048473055262,-0.009263951292741435,0,0,-0.27894592839455074,-0.007436294241056234,-0.010724048473055262,-0.2688736435897954,-0.270390989208248,0,0
1411.3480414449798,200.75362703878065,21.09047995583375,0.2478367357123125,0.006991120719584749,0.0300273357245545,-0.009263951292741435,0,0,-0.25710068700505395,-0.006991120719584749,-0.0300273357245545,-0.24565825562747104,-0.2499068233591383,0,0
297.9167592848756,448.2028325964311,21.130411066922797,0.22600415692819134,0.0061243713528429606,0.049330622976053735,-0.009263951292741435,0,0,-0.23526810822093278,-0.0061243713528429606,-0.049330622976053735,-0.2224428676651467,-0.2294226575100286,0,0
284.7075611688845,276.5725757314533,21.45325395754319,0.20411458956839,0.004867106941574004,0.06541669568563643,-0.009263951292741435,0,0,-0.21337854086113142,-0.004867106941574004,-0.06541669568563643,-0.19937921426466765,-0.2086350225372284,0,0
353.40072554933454,648.3999468665874,22.330509274381335,0.1824660493662415,0.003402269519737715,0.0697063150748585,-0.009263951292741435,0,0,-0.19173000065898294,-0.003402269519737715,-0.0697063150748585,-0.17737770279710538,-0.18724044931704717,0,0
1411.3480414449798,1093.1463157010076,22.075335325140372,0.16074102989491768,0.0019439590866287592,0.06434429083833093,-0.009263951292741435,0,0,-0.1700049811876591,-0.0019439590866287592,-0.06434429083833093,-0.15598312957692415,-0.16508720328763965,0,0
1411.3480414449798,261.6981137825328,29.135426468315842,0.1391544323255634,0.0007040962589067773,0.05040302782335929,-0.009263951292741435,0,0,-0.14841838361830484,-0.0007040962589067773,-0.05040302782335929,-0.1353472291659692,-0.14247875357269635,0,0
1411.3480414449798,353.40072554933454,36.326794512671405,0.12149321309715089,-4.4480631528077074e-05,0.034316955113776595,-0.009263951292741435,0,0,-0.13075716438989232,4.4480631528077074e-05,-0.034316955113776595,-0.11880816192483618,-0.12366366790388447,0,0
544.8761250677193,189.41093412341306,33.68895942661416,0.09995137783806374,-0.00048347118742356985,0.006434429083833251,-0.009263951292741435,0,0,-0.10921532913080517,0.00048347118742356985,-0.006434429083833251,-0.09923440344679801,-0.10014481081786963,0,0
581.6409617069837,189.41093412341306,27.889309733104497,0.08280561883396648,-0.00039153433098675387,-0.017158477556888013,-0.009263951292741435,0,0,-0.09206957012670791,0.00039153433098675387,0.017158477556888013,-0.0837574781385818,-0.08132972514905776,0,0
123.02757911911826,209.13650375320472,51.852303182374264,0.06126902383819008,0.0002553466671223098,-0.04289619389222031,-0.009263951292741435,0,0,-0.07053297513093151,-0.0002553466671223098,0.04289619389222031,-0.06403198509869838,-0.05796260262488818,0,0
146.92774685951784,1570.544100534677,41.38282267374021,0.0422565094080891,0.0013269075421441677,-0.06970631507485811,-0.009263951292741435,0,0,-0.051520460700830537,-0.0013269075421441677,0.06970631507485811,-0.04688597961018434,-0.03702323309024271,0,0
120.13062066766372,1570.544100534677,33.31445246435527,0.030079801495106993,0.0022886896798888796,-0.08793719747905182,-0.009263951292741435,0,0,-0.03934375278784843,-0.0022886896798888796,0.08793719747905182,-0.035961091157325834,-0.023518857086014838,0,0
89.36420701132127,390.5444991736698,27.6035995904869,0.018596983665449776,0.0033507262777816528,-0.09651643625749592,-0.009263951292741435,0,0,-0.02786093495819121,-0.0033507262777816528,0.09651643625749592,-0.02503620270446733,-0.011380092138394277,0,0
135.24881572421333,1570.544100534677,27.154814473847836,0.011950370555619167,0.003979846727645042,-0.09222681686827387,-0.009263951292741435,0,0,-0.021214321848360602,-0.003979846727645042,0.09222681686827387,-0.018056412859585508,-0.0050072405408934815,0,0
150.1726803268919,1570.544100534677,26.075716529157752,0.006431672215661326,0.0044455322277551935,-0.07614074415869118,-0.009263951292741435,0,0,-0.01569562350840276,-0.0044455322277551935,0.07614074415869118,-0.011380092138394199,-0.0006069382473810276,0,0
139.88023555455067,1570.544100534677,28.6516875778294,0.003629553338270429,0.00461250726675037,-0.042896193892220276,-0.009263951292741435,0,0,-0.012893504631011864,-0.00461250726675037,0.042896193892220276,-0.0062211170356554595,-0.0001517345618452565,0,0
353.40072554933454,734.7683303247097,30.26697313093551,0.002340545381233052,0.004656067496452641,-0.024665311488026555,-0.009263951292741435,0,0,-0.011604496673974486,-0.004656067496452641,0.024665311488026555,-0.00364162948428609,-0.0001517345618452565,0,0
562.6000187683081,261.6981137825328,31.123690737050055,0.002112998537307162,0.0046610707604576645,-0.01930328725149899,-0.009263951292741435,0,0,-0.011376949830048597,-0.0046610707604576645,0.01930328725149899,-0.003034691236905062,-0.00030346912369051357,0,0
1180.1265773010464,459.67991945810627,30.59241608131846,0.002112998537307162,0.0046610707604576645,-0.01930328725149899,-0.009263951292741435,0,0,-0.011376949830048597,-0.0046610707604576645,0.01930328725149899,-0.003034691236905062,-0.00030346912369051357,0,0
268.9169663380496,648.3999468665874,30.658107400064964,0.002112998537307162,0.0046610707604576645,-0.01930328725149899,-0.009263951292741435,0,0,-0.011376949830048597,-0.0046610707604576645,0.01930328725149899,-0.003034691236905062,-0.00030346912369051357,0,0
317.7208243859324,900.238757316699,30.856404298200047,0.002112998537307162,0.0046610707604576645,-0.01930328725149899,-0.009263951292741435,0,0,-0.011376949830048597,-0.0046610707604576645,0.01930328725149899,-0.003034691236905062,-0.00030346912369051357,0,0
851.4899528953961,323.12240163650586,31.258590930792266,0.002112998537307162,0.0046610707604576645,-0.01930328725149899,-0.009263951292741435,0,0,-0.011376949830048597,-0.0046610707604576645,0.01930328725149899,-0.003034691236905062,-0.00030346912369051357,0,0
448.2028325964311,272.6876389629632,30.01017807866701,0.002112998537307162,0.0046610707604576645,-0.01930328725149899,-0.009263951292741435,0,0,-0.011376949830048597,-0.0046610707604576645,0.01930328725149899,-0.003034691236905062,-0.00030346912369051357,0,0
360.20900612823414,544.8761250677193,30.724001887465562,0.002112998537307162,0.0046610707604576645,-0.01930328725149899,-0.009263951292741435,0,0,-0.011376949830048597,-0.0046610707604576645,0.01930328725149899,-0.003034691236905062,-0.00030346912369051357,0,0
360.20900612823414,288.9697116820819,30.790100524402142,0.002112998537307162,0.0046610707604576645,-0.01930328725149899,-0.009263951292741435,0,0,-0.011376949830048597,-0.0046610707604576645,0.01930328725149899,-0.003034691236905062,-0.00030346912369051357,0,0
448.2028325964311,407.8990969411948,29.31979943667244,0.002112998537307162,0.0046610707604576645,-0.01930328725149899,-0.009263951292741435,0,0,-0.011376949830048597,-0.0046610707604576645,0.01930328725149899,-0.003034691236905062,-0.00030346912369051357,0,0
471.8179059817352,1093.1463157010076,30.856404298200047,0.002112998537307162,0.0046610707604576645,-0.01930328725149899,-0.009263951292741435,0,0,-0.011376949830048597,-0.0046610707604576645,0.01930328725149899,-0.003034691236905062,-0.00030346912369051357,0,0
1411.3480414449798,1180.1265773010464,30.59241608131846,0.002112998537307162,0.0046610707604576645,-0.01930328725149899,-0.009263951292741435,0,0,-0.011376949830048597,-0.0046610707604576645,0.01930328725149899,-0.003034691236905062,-0.00030346912369051357,0,0
407.8990969411948,209.13650375320472,31.123690737050055,0.002112998537307162,0.0046610707604576645,-0.01930328725149899,-0.009263951292741435,0,0,-0.011376949830048597,-0.0046610707604576645,0.01930328725149899,-0.003034691236905062,-0.00030346912369051357,0,0
