FDist,LDist,RDist,XEst,YEst,ThetaEst,XDes,YDes,ThetaDes,XError,YError,ThetaError,SL,SR,RW,LW
68.48157158520587,206.97300472647143,19.028900223129533,0.0,0.0,0.0,0,0,0,0,0,0,0.0,0.0,0,0
82.34399565000513,158.34116103748556,18.88858405722158,0.0,0.0,0.0,0,0,0,0,0,0,0.0,0.0,0,0
101.5330368193872,150.1726803268919,18.9235488562729,0.0,0.0,0.0,0,0,0,0,0,0,0.0,0.0,0,0
108.6000844939372,167.46934895889862,18.6459367757314,0.0,0.0,0.0,0,0,0,0,0,0,0.0,0.0,0,0
99.04654639912101,159.58252707905322,18.543059645113814,0.0,0.0,0.0,0,0,0,0,0,0,0.0,0.0,0,0
97.14019014961423,160.8439044330725,18.88858405722158,0.0,0.0,0.0,0,0,0,0,0,0,0.0,0.0,0,0
98.56325615049124,173.18670720903205,18.784143038865714,0.0,0.0,0.0,0,0,0,0,0,0,0.0,0.0,0,0
94.8539958627646,166.09994149545804,18.88858405722158,0.0,0.0,0.0,0,0,0,0,0,0,0.0,0.0,0,0
114.72272976706012,174.67928447558052,18.88858405722158,0.0,0.0,0.0,0,0,0,0,0,0,0.0,0.0,0,0
93.96808322544976,166.09994149545804,18.818881403249385,0.0,0.0,0.0,0,0,0,0,0,0,0.0,0.0,0,0
114.72272976706012,166.09994149545804,18.853694991318818,0.0,0.0,0.0,0,0,0,0,0,0,0.0,0.0,0,0
103.08353533160607,160.8439044330725,18.818881403249385,0.0,0.0,0.0,0,0,0,0,0,0,0.0,0.0,0,0
83.73432085224402,146.92774685951784,18.238356668915443,0.0,0.0,0.0,0,0,0,0,0,0,0.0,0.0,0,0
84.44606393366254,158.34116103748556,17.972348463819834,0.0,0.0,0.0,0,0,0,0,0,0,0.0,0.0,0,0
90.16911060094986,143.82153882231913,17.972348463819834,0.0,0.0,0.0,0,0,0,0,0,0,0.0,0.0,0,0
90.57673222463723,166.09994149545804,18.853694991318818,0.0,0.0,0.0,0,0,0,0,0,0,0.0,0.0,0,0
110.97077873540402,236.49825525583836,18.508914058826775,0.0,0.0,0.0,0,0,0,0,0,0,0.0,0.0,0,0
101.5330368193872,261.6981137825328,18.818881403249385,0.0,0.0,0.0,0,0,0,0,0,0,0.0,0.0,0,0
114.0802412881919,158.34116103748556,18.749479645181225,0.0,0.0,0.0,0,0,0,0,0,0,0.0,0.0,0,0
75.40573089722304,151.28683687310368,18.271925091134115,0.0,0.0,0.0,0,0,0,0,0,0,0.0,0.0,0,0
90.16911060094986,153.56624101955603,18.714890970363626,0.0,0.0,0.0,0,0,0,0,0,0,0.0,0.0,0,0
116.02925942608664,261.6981137825328,18.9235488562729,0.0,0.0,0.0,0,0,0,0,0,0,0.0,0.0,0,0
101.02616679983112,215.92040254306553,18.3055648241262,0.0,0.0,0.0,0,0,0,0,0,0,0.0,0.0,0,0
104.68049512451793,184.22292190812155,18.818881403249385,0.0,0.0,0.0,0,0,0,0,0,0,0.0,0.0,0,0
92.66842176880655,164.75326598182954,18.88858405722158,0.0,0.0,0.0,0,0,0,0,0,0,0.0,0.0,0,0
101.02616679983112,209.13650375320472,18.818881403249385,0.0,0.0,0.0,0,0,0,0,0,0,0.0,0.0,0,0
115.37236097408694,218.28532251964043,18.818881403249385,0.0,0.0,0.0,0,0,0,0,0,0,0.0,0.0,0,0
73.14379906825155,168.8620920208621,17.873743987908504,0.0,0.0,0.0,0,0,0,0,0,0,0.0,0.0,0,0
90.57673222463723,167.46934895889862,18.818881403249385,0.0,0.0,0.0,0,0,0,0,0,0,0.0,0.0,0,0
85.53518482670935,173.18670720903205,18.853694991318818,0.0,0.0,0.0,0.3,0,0,0,0,0,0.0,0.0,0,0
108.02276929750369,239.3652489782259,18.88858405722158,0.005518403045680898,-2.97123478236777e-06,-0.0010768457724644577,0.3,0,0,0,0,0,-0.005593998418798326,-0.005442809272344316,0,0
115.37236097408694,258.2405371440609,18.993706680961672,0.030918179649954376,-2.971234782368398e-06,0.0010768457724644083,0.3,0,0,0,0,0,-0.030842585876617794,-0.0309937750230718,0,0
110.36868736531008,131.75922954059277,18.749479645181225,0.05851009889156608,7.130954864099232e-05,0.004307383089857744,0.3,0,0,0,0,0,-0.058207821384793385,-0.05881257797060942,0,0
110.36868736531008,261.6981137825328,19.241682753275676,0.0860257418049149,0.0002787242033414737,0.01076845772464444,0.3,0,0,0,0,0,-0.08527067860006096,-0.08678257006460105,0,0
101.5330368193872,258.2405371440609,19.206024670629454,0.11286009988250077,0.0005821500170510531,0.011845303497108885,0.3,0,0,0,0,0,-0.11203115752242052,-0.11369423813341462,0,0
80.33749690282312,159.58252707905322,19.457286087701,0.138407732463611,0.0009948488121127356,0.020460069676824472,0.3,0,0,0,0,0,-0.13697736668733196,-0.13984996046995812,0,0
61.599435781669065,151.28683687310368,18.714890970363626,0.16327168173449014,0.0015706064201875926,0.02584429853914675,0.3,0,0,0,0,0,-0.1614700084128814,-0.1650985479277776,0,0
62.005885601807684,163.42873978461637,19.277419187964682,0.18715158962736744,0.0021879033315612027,0.02584429853914675,0.3,0,0,0,0,0,-0.18535789355261478,-0.18898643306751098,0,0
66.81098138696464,150.1726803268919,19.897191673617044,0.21004811029532985,0.0028167899533913126,0.029074835856540086,0.3,0,0,0,0,0,-0.2080362655207161,-0.2121183724749743,0,0
72.05879380612686,182.55823066529945,20.197102771620948,0.2316576169334077,0.0034918424796217427,0.03338221894639787,0.3,0,0,0,0,0,-0.22935393517073135,-0.23404079871080558,0,0
72.05879380612686,158.34116103748556,20.387324852120102,0.25197932705255993,0.004225252795878976,0.03876644780872012,0.3,0,0,0,0,0,-0.24931090250266053,-0.2547537117750048,0,0
71.79211210149265,151.28683687310368,20.502503202851024,0.2679912457073483,0.004898100729773466,0.04522752244350681,0.3,0,0,0,0,0,-0.26488338458742344,-0.2712333287384917,0,0
70.74309622023037,265.2554052777127,20.579729421340247,0.27992116773633713,0.005476654525474369,0.051688597078293506,0.3,0,0,0,0,0,-0.2763737597179281,-0.28363083874772044,0,0
67.75651089553122,171.72011046907937,19.67576893443448,0.2881483085322384,0.005933379979362039,0.05922651748554465,0.3,0,0,0,0,0,-0.2840844061870825,-0.29239980924205294,0,0
71.79211210149265,157.11931592309642,20.696236055220425,0.29252453703220377,0.006202331645482826,0.06353390057540245,0.3,0,0,0,0,0,-0.2881665131413408,-0.2970866727821272,0,0
69.7215507122142,144.84210166738234,20.696236055220425,0.29259997649071884,0.006207171852123834,0.0646107463478669,0.3,0,0,0,0,0,-0.2881665131413408,-0.2972378619285812,0,0
69.7215507122142,176.198566643824,20.81355115370998,0.29259997649071884,0.006207171852123834,0.0646107463478669,0.3,0,0,0,0,0,-0.2881665131413408,-0.2972378619285812,0,0
69.97442321249366,164.75326598182954,20.387324852120102,0.29259997649071884,0.006207171852123834,0.0646107463478669,0.3,0,0,0,0,0,-0.2881665131413408,-0.2972378619285812,0,0
70.2289601667081,164.75326598182954,20.696236055220425,0.29259997649071884,0.006207171852123834,0.0646107463478669,0.3,0,0,0,0,0,-0.2881665131413408,-0.2972378619285812,0,0
69.97442321249366,151.28683687310368,20.735250827891868,0.29259997649071884,0.006207171852123834,0.0646107463478669,0.3,0,0,0,0,0,-0.2881665131413408,-0.2972378619285812,0,0
70.2289601667081,184.22292190812155,20.618475673047115,0.29259997649071884,0.006207171852123834,0.0646107463478669,0.3,0,0,0,0,0,-0.2881665131413408,-0.2972378619285812,0,0
70.48517871055273,157.11931592309642,20.65731111090045,0.29259997649071884,0.006207171852123834,0.0646107463478669,0.3,0,0,0,0,0,-0.2881665131413408,-0.2972378619285812,0,0
69.97442321249366,145.87739303694283,20.696236055220425,0.29259997649071884,0.006207171852123834,0.0646107463478669,0.3,0,0,0,0,0,-0.2881665131413408,-0.2972378619285812,0,0
70.2289601667081,239.3652489782259,20.81355115370998,0.29259997649071884,0.006207171852123834,0.0646107463478669,0.3,0,0,0,0,0,-0.2881665131413408,-0.2972378619285812,0,0
70.74309622023037,236.49825525583836,20.696236055220425,0.29259997649071884,0.006207171852123834,0.0646107463478669,0.3,0,0,0,0,0,-0.2881665131413408,-0.2972378619285812,0,0
69.97442321249366,174.67928447558052,20.735250827891868,0.29259997649071884,0.006207171852123834,0.0646107463478669,0.3,0,0,0,0,0,-0.2881665131413408,-0.2972378619285812,0,0
69.97442321249366,174.67928447558052,20.735250827891868,0.29259997649071884,0.006207171852123834,0.0646107463478669,0.3,0,0,0,0,0,-0.2881665131413408,-0.2972378619285812,0,0
69.7215507122142,167.46934895889862,20.65731111090045,0.29259997649071884,0.006207171852123834,0.0646107463478669,0.3,0,0,0,0,0,-0.2881665131413408,-0.2972378619285812,0,0
69.7215507122142,258.2405371440609,20.696236055220425,0.29259997649071884,0.006207171852123834,0.0646107463478669,0.3,0,0,0,0,0,-0.2881665131413408,-0.2972378619285812,0,0
66.81098138696464,200.75362703878065,20.121616418144527,0.29259997649071884,0.006207171852123834,0.0646107463478669,0.3,0,0,0,0,0,-0.2881665131413408,-0.2972378619285812,0,0
69.97442321249366,151.28683687310368,19.93438562175379,0.29259997649071884,0.006207171852123834,0.0646107463478669,0.3,0,0,0,0,0,-0.2881665131413408,-0.2972378619285812,0,0
67.04513494735056,166.09994149545804,20.387324852120102,0.29259997649071884,0.006207171852123834,0.0646107463478669,0.3,0,0,0,0,0,-0.2881665131413408,-0.2972378619285812,0,0
70.48517871055273,167.46934895889862,20.696236055220425,0.29259997649071884,0.006207171852123834,0.0646107463478669,0.3,0,0,0,0,0,-0.2881665131413408,-0.2972378619285812,0,0
69.97442321249366,193.04122344313365,20.65731111090045,0.29259997649071884,0.006207171852123834,0.0646107463478669,0.3,0,0,0,0,0,-0.2881665131413408,-0.2972378619285812,0,0
67.04513494735056,147.99350743133397,20.23497444201862,0.29259997649071884,0.006207171852123834,0.0646107463478669,0.3,0,0,0,0,0,-0.2881665131413408,-0.2972378619285812,0,0
67.04513494735056,166.09994149545804,19.749246828391648,0.29259997649071884,0.006207171852123834,0.0646107463478669,0.3,0,0,0,0,0,-0.2881665131413408,-0.2972378619285812,0,0
69.97442321249366,164.75326598182954,20.618475673047115,0.29259997649071884,0.006207171852123834,0.0646107463478669,0.3,0,0,0,0,0,-0.2881665131413408,-0.2972378619285812,0,0
69.47032576649053,167.46934895889862,20.97124408445338,0.29259997649071884,0.006207171852123834,0.0646107463478669,0.3,0,0,0,0,0,-0.2881665131413408,-0.2972378619285812,0,0
69.7215507122142,174.67928447558052,20.774355752373964,0.29259997649071884,0.006207171852123834,0.0646107463478669,0.3,0,0,0,0,0,-0.2881665131413408,-0.2972378619285812,0,0
70.2289601667081,159.58252707905322,20.696236055220425,0.29259997649071884,0.006207171852123834,0.0646107463478669,0.3,0,0,0,0,0,-0.2881665131413408,-0.2972378619285812,0,0
