FDist,LDist,RDist,XEst,YEst,ThetaEst,XDes,YDes,ThetaDes,XError,YError,ThetaError,SL,SR,RW,LW
182.55823066529945,146.92774685951784,17.200458509512664,0.0,0.0,0.0,0,0,0,0.0,0.0,0.0,0.0,0.0,0,0
399.01729906632625,233.7026839645806,17.678380057162876,0.0,0.0,0.0,0,0,0,0.0,0.0,0.0,0.0,0.0,0,0
317.7208243859324,173.18670720903205,17.743230101200233,0.0,0.0,0.0,0,0,0,0.0,0.0,0.0,0.0,0.0,0,0
399.01729906632625,152.41788953728954,17.613798941900477,0.0,0.0,0.0,0,0,0,0.0,0.0,0.0,0.0,0.0,0,0
164.75326598182954,144.84210166738234,17.200458509512664,0.0,0.0,0.0,0,0,0,0.0,0.0,0.0,0.0,0.0,0,0
317.7208243859324,182.55823066529945,17.678380057162876,0.0,0.0,0.0,0,0,0,0.0,0.0,0.0,0.0,0.0,0,0
417.22151175368833,220.70517709223105,17.581608690126714,0.0,0.0,0.0,0,0,0,0.0,0.0,0.0,0.0,0.0,0,0
399.01729906632625,193.04122344313365,17.613798941900477,0.0,0.0,0.0,0,0,0,0.0,0.0,0.0,0.0,0.0,0,0
407.8990969411948,159.58252707905322,17.808350823217232,0.0,0.0,0.0,0,0,0,0.0,0.0,0.0,0.0,0.0,0,0
211.34777997197892,137.0639518589543,16.585544074897697,0.0,0.0,0.0,0,0,0,0.0,0.0,0.0,0.0,0.0,0,0
209.13650375320472,166.09994149545804,17.939411375632368,0.0,0.0,0.0,0,0,0,0.0,0.0,0.0,0.0,0.0,0,0
562.6000187683081,159.58252707905322,17.678380057162876,0.0,0.0,0.0,0,0,0,0.0,0.0,0.0,0.0,0.0,0,0
196.81893899271049,133.48121220361529,16.828536125634848,0.0,0.0,0.0,0,0,0,0.0,0.0,0.0,0.0,0.0,0,0
448.2028325964311,164.75326598182954,17.678380057162876,0.0,0.0,0.0,0,0,0,0.0,0.0,0.0,0.0,0.0,0,0
242.3065498311679,158.34116103748556,17.775756517532926,0.0,0.0,0.0,0,0,0,0.0,0.0,0.0,0.0,0.0,0,0
261.6981137825328,126.84939257625024,17.23186370814404,0.0,0.0,0.0,0.3,0,0,0.3,0.0,0.0,0.0,0.0,0,0
245.3252030939217,174.67928447558052,17.841013239325363,0.002192242305818439,1.1803535436803403e-06,0.0010768457724644517,0.3,0,0,0.29780775769418155,-1.1803535436803403e-06,-0.0010768457724644517,-0.002116648050356123,-0.002267837196810132,0,0
245.3252030939217,150.1726803268919,17.841013239325363,0.025928718099461193,0.00010342308031263475,0.007537920407251149,0.3,0,0,0.2740712819005388,-0.00010342308031263475,-0.007537920407251149,-0.02539977660427348,-0.02645810062945154,0,0
223.1819809443389,152.41788953728954,17.581608690126714,0.054275199714050135,0.0003934186912096659,0.0129221492695734,0.3,0,0,0.24572480028594984,-0.0003934186912096659,-0.0129221492695734,-0.05336976869826511,-0.05518403845571321,0,0
154.7323071690459,220.70517709223105,17.263333182539768,0.0829973901898545,0.0008573995850659972,0.019383223904360095,0.3,0,0,0.2170026098101455,-0.0008573995850659972,-0.019383223904360095,-0.08164213908516475,-0.0843635437213369,0,0
184.22292190812155,215.92040254306553,17.581608690126714,0.10521537842261197,0.0014077951062333443,0.030151681629004574,0.3,0,0,0.19478462157738802,-0.0014077951062333443,-0.030151681629004574,-0.103110997881634,-0.10734429398234624,0,0
121.56203207857888,206.97300472647143,17.775756517532926,0.13256817567827245,0.0022327779597801486,0.030151681629004574,0.3,0,0,0.16743182432172754,-0.0022327779597801486,-0.030151681629004574,-0.1304762333898096,-0.13470952949052184,0,0
134.3591943699604,215.92040254306553,17.808350823217232,0.1539499023218546,0.002935287649809742,0.03553591049132682,0.3,0,0,0.1460500976781454,-0.002935287649809742,-0.03553591049132682,-0.15149152474691682,-0.1564807665798991,0,0
145.87739303694283,218.28532251964043,17.613798941900477,0.1795566703052858,0.003942276964549969,0.04307383089857797,0.3,0,0,0.12044332969471419,-0.003942276964549969,-0.04307383089857797,-0.17658892305828228,-0.18263648891644263,0,0
130.08105893503551,144.84210166738234,17.646055992159724,0.20417408654610592,0.005082986250089023,0.04953490553336467,0.3,0,0,0.09582591345389407,-0.005082986250089023,-0.04953490553336467,-0.2007791864909237,-0.20773388722780808,0,0
101.02616679983112,166.09994149545804,17.808350823217232,0.2267460445831949,0.00626292537315251,0.05491913439568692,0.3,0,0,0.0732539554168051,-0.00626292537315251,-0.05491913439568692,-0.22300399101966298,-0.23071463748881743,0,0
107.45140018288424,166.09994149545804,17.873743987908504,0.2474252326401484,0.007444428191695482,0.0592265174855447,0.3,0,0,0.05257476735985159,-0.007444428191695482,-0.0592265174855447,-0.24341452579095416,-0.25172992884592466,0,0
100.52415418066585,242.3065498311679,17.906543292002304,0.26387381562277695,0.008455315488494302,0.06353390057540251,0.3,0,0,0.036126184377223036,-0.008455315488494302,-0.06353390057540251,-0.2595917644615331,-0.2685119241023196,0,0
105.77203060255431,168.8620920208621,17.613798941900477,0.27662219586561326,0.009287038929773662,0.06676443789279586,0.3,0,0,0.023377804134386726,-0.009287038929773662,-0.06676443789279586,-0.27214046361721583,-0.2815141906973644,0,0
105.22351709380416,233.7026839645806,17.775756517532926,0.2856720100469539,0.009911724533077898,0.07107182098265366,0.3,0,0,0.014327989953046072,-0.009911724533077898,-0.07107182098265366,-0.28090943411154834,-0.29088791777751294,0,0
105.22351709380416,218.28532251964043,18.071576020988715,0.2906482719370744,0.010271379463414457,0.07322551252758257,0.3,0,0,0.009351728062925613,-0.010271379463414457,-0.07322551252758257,-0.2857474867980766,-0.2960283487569492,0,0
90.57673222463723,184.22292190812155,18.00535478258695,0.29223131418183584,0.010390077278921227,0.07645604984497592,0.3,0,0,0.007768685818164145,-0.010390077278921227,-0.07645604984497592,-0.2871081891161627,-0.2978426185143973,0,0
88.18202887947652,158.34116103748556,17.972348463819834,0.29223131418183584,0.010390077278921227,0.07645604984497592,0.3,0,0,0.007768685818164145,-0.010390077278921227,-0.07645604984497592,-0.2871081891161627,-0.2978426185143973,0,0
85.53518482670935,138.92864283985838,17.972348463819834,0.29223131418183584,0.010390077278921227,0.07645604984497592,0.3,0,0,0.007768685818164145,-0.010390077278921227,-0.07645604984497592,-0.2871081891161627,-0.2978426185143973,0,0
90.57673222463723,164.75326598182954,17.939411375632368,0.29223131418183584,0.010390077278921227,0.07645604984497592,0.3,0,0,0.007768685818164145,-0.010390077278921227,-0.07645604984497592,-0.2871081891161627,-0.2978426185143973,0,0
88.5727896902875,164.75326598182954,17.972348463819834,0.29223131418183584,0.010390077278921227,0.07645604984497592,0.3,0,0,0.007768685818164145,-0.010390077278921227,-0.07645604984497592,-0.2871081891161627,-0.2978426185143973,0,0
87.41019065628254,144.84210166738234,17.906543292002304,0.29223131418183584,0.010390077278921227,0.07645604984497592,0.3,0,0,0.007768685818164145,-0.010390077278921227,-0.07645604984497592,-0.2871081891161627,-0.2978426185143973,0,0
80.99613175561399,191.20821604693444,17.200458509512664,0.29223131418183584,0.010390077278921227,0.07645604984497592,0.3,0,0,0.007768685818164145,-0.010390077278921227,-0.07645604984497592,-0.2871081891161627,-0.2978426185143973,0,0
89.76495072901147,209.13650375320472,18.171432816688856,0.29223131418183584,0.010390077278921227,0.07645604984497592,0.3,0,0,0.007768685818164145,-0.010390077278921227,-0.07645604984497592,-0.2871081891161627,-0.2978426185143973,0,0
87.79450977305973,173.18670720903205,17.808350823217232,0.29223131418183584,0.010390077278921227,0.07645604984497592,0.3,0,0,0.007768685818164145,-0.010390077278921227,-0.07645604984497592,-0.2871081891161627,-0.2978426185143973,0,0
88.18202887947652,166.09994149545804,17.972348463819834,0.29223131418183584,0.010390077278921227,0.07645604984497592,0.3,0,0,0.007768685818164145,-0.010390077278921227,-0.07645604984497592,-0.2871081891161627,-0.2978426185143973,0,0
90.57673222463723,242.3065498311679,18.071576020988715,0.29223131418183584,0.010390077278921227,0.07645604984497592,0.3,0,0,0.007768685818164145,-0.010390077278921227,-0.07645604984497592,-0.2871081891161627,-0.2978426185143973,0,0
93.09781934285294,164.75326598182954,17.906543292002304,0.29223131418183584,0.010390077278921227,0.07645604984497592,0.3,0,0,0.007768685818164145,-0.010390077278921227,-0.07645604984497592,-0.2871081891161627,-0.2978426185143973,0,0
