FDist,LDist,RDist,XEst,YEst,ThetaEst,XDes,YDes,ThetaDes,XError,YError,ThetaError,SL,SR,RW,LW
459.67991945810627,648.3999468665874,24.131786407761517,0.0,0.0,0.0,0,0,0,0.0,0.0,0.0,0.0,0.0,0,0
407.8990969411948,1284.2268420173286,24.17918906549187,0.0,0.0,0.0,0,0,0,0.0,0.0,0.0,0.0,0.0,0,0
268.9169663380496,648.3999468665874,23.074145052998297,0.0,0.0,0.0,0,0,0,0.0,0.0,0.0,0.0,0.0,0,0
544.8761250677193,390.5444991736698,24.37002602209273,0.0,0.0,0.0,0,0,0,0.0,0.0,0.0,0.0,0.0,0,0
624.3377665398167,390.5444991736698,24.37002602209273,0.0,0.0,0.0,0,0,0,0.0,0.0,0.0,0.0,0.0,0,0
1411.3480414449798,437.33222201576723,24.61136879396949,0.0,0.0,0.0,0,0,0,0.0,0.0,0.0,0.0,0.0,0,0
225.71785045590883,512.8513118946122,24.131786407761517,0.0,0.0,0.0,0,0,0,0.0,0.0,0.0,0.0,0.0,0,0
353.40072554933454,1411.3480414449798,24.70878894042906,0.0,0.0,0.0,0,0,0,0.0,0.0,0.0,0.0,0.0,0,0
955.6520228707801,1180.1265773010464,24.41804431856243,0.0,0.0,0.0,0,0,0,0.0,0.0,0.0,0.0,0.0,0,0
1093.1463157010076,1284.2268420173286,24.37002602209273,0.0,0.0,0.0,0,0,0,0.0,0.0,0.0,0.0,0.0,0,0
955.6520228707801,602.1580731583105,24.41804431856243,0.0,0.0,0.0,0,0,0,0.0,0.0,0.0,0.0,0.0,0,0
448.2028325964311,390.5444991736698,23.253708365120502,0.0,0.0,0.0,0,0,0,0.0,0.0,0.0,0.0,0.0,0,0
1284.2268420173286,448.2028325964311,24.08450540165466,0.0,0.0,0.0,0,0,0,0.0,0.0,0.0,0.0,0.0,0,0
1019.267059271828,1180.1265773010464,24.37002602209273,0.0,0.0,0.0,0,0,0,0.0,0.0,0.0,0.0,0.0,0,0
624.3377665398167,328.72509627198025,24.80671986348088,0.0,0.0,0.0,0,0,0,0.0,0.0,0.0,0.0,0.0,0,0
276.5725757314533,334.5408252723781,23.80334702660077,0.0,0.0,0.0,0,0,0,0.0,0.0,0.0,0.0,0.0,0,0
459.67991945810627,448.2028325964311,24.70878894042906,0.0,0.0,0.0,0,0,0,0.0,0.0,0.0,0.0,0.0,0,0
1093.1463157010076,248.42442609070224,24.80671986348088,0.0,0.0,0.0,0.3,0,0,0.3,0.0,0.0,0.0,0.0,0,0
900.238757316699,851.4899528953961,24.80671986348088,0.007181483415612128,3.866675401711437e-06,0.0010768457724644454,0.3,0,0,0.29281851658438784,-3.866675401711437e-06,-0.0010768457724644454,-0.0071058898833384135,-0.007257079029792422,0,0
228.31501027837746,1284.2268420173286,24.41804431856243,0.03560477927042001,0.00012629745650084137,0.007537920407251143,0.3,0,0,0.26439522072958,-0.00012629745650084137,-0.007537920407251143,-0.03507588197733004,-0.0361342060025081,0,0
562.6000187683081,399.01729906632625,25.053809401176977,0.06584085539363231,0.00045190594990917547,0.013998995042037839,0.3,0,0,0.23415914460636766,-0.00045190594990917547,-0.013998995042037839,-0.06486014382876977,-0.06682560273267188,0,0
544.8761250677193,312.50933522689996,24.61136879396949,0.0957712904953456,0.000999885027452819,0.022613761221753424,0.3,0,0,0.20422870950465438,-0.000999885027452819,-0.022613761221753424,-0.09419083824084748,-0.09736581031638165,0,0
1093.1463157010076,280.5772654118684,24.660015279911583,0.12479070369731454,0.0017187689734673131,0.02692114431161123,0.3,0,0,0.17520929630268545,-0.0017187689734673131,-0.02692114431161123,-0.12291677606710916,-0.12669650472845936,0,0
1093.1463157010076,317.7208243859324,24.41804431856243,0.1528230835773309,0.0025793558493402632,0.03445906471886237,0.3,0,0,0.14717691642266909,-0.0025793558493402632,-0.03445906471886237,-0.15043320072173877,-0.15527125340826703,0,0
900.238757316699,602.1580731583105,24.32213184643946,0.17948955467084515,0.00357050273318189,0.039843293581184644,0.3,0,0,0.12051044532915484,-0.00357050273318189,-0.039843293581184644,-0.1767401122047363,-0.1823341106235346,0,0
1284.2268420173286,215.92040254306553,24.41804431856243,0.20456367429115965,0.004651209569233811,0.046304368215971344,0.3,0,0,0.09543632570884034,-0.004651209569233811,-0.046304368215971344,-0.2013839430767397,-0.2078850763742621,0,0
1284.2268420173286,390.5444991736698,24.660015279911583,0.22834738802436236,0.00581746129197398,0.05168859707829362,0.3,0,0,0.07165261197563763,-0.00581746129197398,-0.05168859707829362,-0.22481826077711106,-0.2320753398069035,0,0
528.3325926770696,1411.3480414449798,24.61136879396949,0.25053998556912255,0.007013517543566524,0.055995980168151424,0.3,0,0,0.04946001443087744,-0.007013517543566524,-0.055995980168151424,-0.24674068701294233,-0.2546025226285508,0,0
145.87739303694283,360.20900612823414,24.905165748622878,0.27069025038423283,0.008175685515205255,0.059226517485544784,0.3,0,0,0.029309749615767156,-0.008175685515205255,-0.059226517485544784,-0.26669765434487147,-0.275013057399842,0,0
648.3999468665874,448.2028325964311,24.660015279911583,0.2860835120865945,0.009105077817594861,0.061380209030473684,0.3,0,0,0.013916487913405495,-0.009105077817594861,-0.061380209030473684,-0.28196775813672637,-0.2905855394846049,0,0
900.238757316699,1411.3480414449798,24.660015279911583,0.29687282031064227,0.00977399209466597,0.06245705480293813,0.3,0,0,0.0031271796893577175,-0.00977399209466597,-0.06245705480293813,-0.29270218753496097,-0.30147115802929353,0,0
265.2554052777127,340.5824855543227,25.053809401176977,0.3037387437259454,0.010199664816438494,0.06138020903047368,0.3,0,0,-0.0037387437259454037,-0.010199664816438494,-0.06138020903047368,-0.2996568882718454,-0.30827466961972394,0,0
353.40072554933454,624.3377665398167,23.80334702660077,0.30766251631674346,0.010436568736655452,0.05922651748554478,0.3,0,0,-0.007662516316743473,-0.010436568736655452,-0.05922651748554478,-0.30373899522610365,-0.3120543982810742,0,0
484.6780696502813,390.5444991736698,23.99030640367822,0.30766251631674346,0.010436568736655452,0.05922651748554478,0.3,0,0,-0.007662516316743473,-0.010436568736655452,-0.05922651748554478,-0.30373899522610365,-0.3120543982810742,0,0
209.13650375320472,427.0195773074906,24.32213184643946,0.30766251631674346,0.010436568736655452,0.05922651748554478,0.3,0,0,-0.007662516316743473,-0.010436568736655452,-0.05922651748554478,-0.30373899522610365,-0.3120543982810742,0,0
900.238757316699,258.2405371440609,24.954583122703667,0.30766251631674346,0.010436568736655452,0.05922651748554478,0.3,0,0,-0.007662516316743473,-0.010436568736655452,-0.05922651748554478,-0.30373899522610365,-0.3120543982810742,0,0
1093.1463157010076,1284.2268420173286,24.954583122703667,0.30766251631674346,0.010436568736655452,0.05922651748554478,0.3,0,0,-0.007662516316743473,-0.010436568736655452,-0.05922651748554478,-0.30373899522610365,-0.3120543982810742,0,0
258.2405371440609,427.0195773074906,24.17918906549187,0.30766251631674346,0.010436568736655452,0.05922651748554478,0.3,0,0,-0.007662516316743473,-0.010436568736655452,-0.05922651748554478,-0.30373899522610365,-0.3120543982810742,0,0
648.3999468665874,134.3591943699604,23.710579061410876,0.30766251631674346,0.010436568736655452,0.05922651748554478,0.3,0,0,-0.007662516316743473,-0.010436568736655452,-0.05922651748554478,-0.30373899522610365,-0.3120543982810742,0,0
1093.1463157010076,581.6409617069837,25.004130828076164,0.30766251631674346,0.010436568736655452,0.05922651748554478,0.3,0,0,-0.007662516316743473,-0.010436568736655452,-0.05922651748554478,-0.30373899522610365,-0.3120543982810742,0,0
399.01729906632625,284.7075611688845,24.855878172379555,0.30766251631674346,0.010436568736655452,0.05922651748554478,0.3,0,0,-0.007662516316743473,-0.010436568736655452,-0.05922651748554478,-0.30373899522610365,-0.3120543982810742,0,0
648.3999468665874,624.3377665398167,25.10361938144616,0.30766251631674346,0.010436568736655452,0.05922651748554478,0.3,0,0,-0.007662516316743473,-0.010436568736655452,-0.05922651748554478,-0.30373899522610365,-0.3120543982810742,0,0
851.4899528953961,624.3377665398167,24.954583122703667,0.3075870567095024,0.010432053520558978,0.06030336325800923,0.3,0,0,-0.007587056709502438,-0.010432053520558978,-0.06030336325800923,-0.30358780607964964,-0.3120543982810742,0,0
624.3377665398167,390.5444991736698,24.954583122703667,0.3075870567095024,0.010432053520558978,0.06030336325800923,0.3,0,0,-0.007587056709502438,-0.010432053520558978,-0.06030336325800923,-0.30358780607964964,-0.3120543982810742,0,0
900.238757316699,512.8513118946122,25.053809401176977,0.3075870567095024,0.010432053520558978,0.06030336325800923,0.3,0,0,-0.007587056709502438,-0.010432053520558978,-0.06030336325800923,-0.30358780607964964,-0.3120543982810742,0,0
459.67991945810627,206.97300472647143,24.855878172379555,0.3075870567095024,0.010432053520558978,0.06030336325800923,0.3,0,0,-0.007587056709502438,-0.010432053520558978,-0.06030336325800923,-0.30358780607964964,-0.3120543982810742,0,0
459.67991945810627,1411.3480414449798,25.203635736394993,0.3075870567095024,0.010432053520558978,0.06030336325800923,0.3,0,0,-0.007587056709502438,-0.010432053520558978,-0.06030336325800923,-0.30358780607964964,-0.3120543982810742,0,0
900.238757316699,703.2691653992177,25.203635736394993,0.3075870567095024,0.010432053520558978,0.06030336325800923,0.3,0,0,-0.007587056709502438,-0.010432053520558978,-0.06030336325800923,-0.30358780607964964,-0.3120543982810742,0,0
900.238757316699,239.3652489782259,25.30418426932561,0.3075870567095024,0.010432053520558978,0.06030336325800923,0.3,0,0,-0.007587056709502438,-0.010432053520558978,-0.06030336325800923,-0.30358780607964964,-0.3120543982810742,0,0
276.5725757314533,261.6981137825328,24.466187237839733,0.3075870567095024,0.010432053520558978,0.06030336325800923,0.3,0,0,-0.007587056709502438,-0.010432053520558978,-0.06030336325800923,-0.30358780607964964,-0.3120543982810742,0,0
1284.2268420173286,1411.3480414449798,25.15356131134849,0.3075870567095024,0.010432053520558978,0.06030336325800923,0.3,0,0,-0.007587056709502438,-0.010432053520558978,-0.06030336325800923,-0.30358780607964964,-0.3120543982810742,0,0
648.3999468665874,484.6780696502813,24.32213184643946,0.3075870567095024,0.010432053520558978,0.06030336325800923,0.3,0,0,-0.007587056709502438,-0.010432053520558978,-0.06030336325800923,-0.30358780607964964,-0.3120543982810742,0,0
1284.2268420173286,138.92864283985838,24.905165748622878,0.3075870567095024,0.010432053520558978,0.06030336325800923,0.3,0,0,-0.007587056709502438,-0.010432053520558978,-0.06030336325800923,-0.30358780607964964,-0.3120543982810742,0,0
399.01729906632625,132.61463364415852,25.053809401176977,0.3075870567095024,0.010432053520558978,0.06030336325800923,0.3,0,0,-0.007587056709502438,-0.010432053520558978,-0.06030336325800923,-0.30358780607964964,-0.3120543982810742,0,0
