FDist,LDist,RDist,XEst,YEst,ThetaEst,XDes,YDes,ThetaDes,XError,YError,ThetaError,SL,SR,RW,LW
1284.2268420173286,220.70517709223105,31.39434006392785,0.0,0.0,0.0,0,0,0,0.0,0.0,0.0,0.0,0.0,0,0
1284.2268420173286,223.1819809443389,30.26697313093551,0.0,0.0,0.0,0,0,0,0.0,0.0,0.0,0.0,0.0,0,0
1284.2268420173286,624.3377665398167,30.202480579810853,0.0,0.0,0.0,0,0,0,0.0,0.0,0.0,0.0,0.0,0,0
1284.2268420173286,602.1580731583105,29.074332795504482,0.0,0.0,0.0,0,0,0,0.0,0.0,0.0,0.0,0.0,0,0
1284.2268420173286,851.4899528953961,29.756482389147592,0.0,0.0,0.0,0,0,0,0.0,0.0,0.0,0.0,0.0,0,0
280.5772654118684,312.50933522689996,28.592015692053423,0.0,0.0,0.0,0,0,0,0.0,0.0,0.0,0.0,0.0,0,0
1284.2268420173286,544.8761250677193,28.892132026161015,0.0,0.0,0.0,0,0,0,0.0,0.0,0.0,0.0,0.0,0,0
1411.3480414449798,448.2028325964311,28.831755768193197,0.0,0.0,0.0,0,0,0,0.0,0.0,0.0,0.0,0.0,0,0
674.6059938250444,602.1580731583105,27.831840782090417,0.0,0.0,0.0,0,0,0,0.0,0.0,0.0,0.0,0.0,0,0
1093.1463157010076,382.4520830402873,27.154814473847836,0.0,0.0,0.0,0,0,0,0.0,0.0,0.0,0.0,0.0,0,0
1411.3480414449798,1411.3480414449798,25.86691420803121,0.0,0.0,0.0,0,0,0,0.0,0.0,0.0,0.0,0.0,0,0
851.4899528953961,1411.3480414449798,25.30418426932561,0.0,0.0,0.0,0,0,0,0.0,0.0,0.0,0.0,0.0,0,0
648.3999468665874,1411.3480414449798,24.32213184643946,0.0,0.0,0.0,0,0,0,0.0,0.0,0.0,0.0,0.0,0,0
648.3999468665874,602.1580731583105,23.80334702660077,0.0,0.0,0.0,0,0,0,0.0,0.0,0.0,0.0,0.0,0,0
1411.3480414449798,1411.3480414449798,25.506895622634566,0.0,0.0,0.0,0,0,0,0.0,0.0,0.0,0.0,0.0,0,0
1093.1463157010076,1019.267059271828,24.61136879396949,0.0,0.0,0.0,0,0,0,0.0,0.0,0.0,0.0,0.0,0,0
808.2350827585409,703.2691653992177,25.10361938144616,0.0,0.0,0.0,0,0,0,0.0,0.0,0.0,0.0,0.0,0,0
261.6981137825328,674.6059938250444,23.80334702660077,0.0,0.0,0.0,0,0,0,0.0,0.0,0.0,0.0,0.0,0,0
1284.2268420173286,1019.267059271828,23.849908233631425,0.0,0.0,0.0,0.3,0,0,0.3,0.0,0.0,0.0,0.0,0,0
769.566351540633,955.6520228707801,23.896588216502984,0.007181483415612128,-3.866675401711437e-06,-0.0010768457724644454,0.3,0,0,0.29281851658438784,3.866675401711437e-06,0.0010768457724644454,-0.007257079029792422,-0.0071058898833384135,0,0
407.8990969411948,1411.3480414449798,23.896588216502984,0.02970866623725944,-3.866675401711716e-06,0.0010768457724644207,0.3,0,0,0.27029133376274056,3.866675401711716e-06,-0.0010768457724644207,-0.029633072704985726,-0.02978426185143973,0,0
417.22151175368833,1411.3480414449798,23.943387448052704,0.05404999179824606,7.476915873565434e-05,0.005384228862322178,0.3,0,0,0.24595000820175394,-7.476915873565434e-05,-0.005384228862322178,-0.05367214699117313,-0.054428092723443164,0,0
484.6780696502813,581.6409617069837,23.572306256804332,0.0845893317350398,0.00030497663263399054,0.009691611952179983,0.3,0,0,0.2154106682649602,-0.00030497663263399054,-0.009691611952179983,-0.08390997628197489,-0.08527067860006096,0,0
769.566351540633,1411.3480414449798,23.849908233631425,0.1089293730142257,0.0005670914698276976,0.011845303497108849,0.3,0,0,0.1910706269857743,-0.0005670914698276976,-0.011845303497108849,-0.1081002397146163,-0.10976332032561038,0,0
1284.2268420173286,1411.3480414449798,24.22671386331148,0.1386353489208855,0.0009669750535056369,0.015075840814502209,0.3,0,0,0.1613646510791145,-0.0009669750535056369,-0.015075840814502209,-0.137582123273148,-0.1396987713235041,0,0
648.3999468665874,528.3325926770696,23.710579061410876,0.16221817554996407,0.0013225329313103205,0.015075840814502209,0.3,0,0,0.13778182445003592,-0.0013225329313103205,-0.015075840814502209,-0.16116763011997337,-0.16328427817032948,0,0
374.71408913910363,851.4899528953961,24.17918906549187,0.1896546742070875,0.0018100747183129894,0.020460069676824462,0.3,0,0,0.11034532579291248,-0.0018100747183129894,-0.020460069676824462,-0.18823048733524095,-0.19110308111786709,0,0
1093.1463157010076,1284.2268420173286,24.131786407761517,0.21595485953363885,0.0024049222309750866,0.02476745276668227,0.3,0,0,0.08404514046636113,-0.0024049222309750866,-0.02476745276668227,-0.21423502052533047,-0.21771237089377263,0,0
185.91929651913173,360.20900612823414,22.28772229885734,0.24096865187612307,0.0030380533050807256,0.025844298539146715,0.3,0,0,0.05903134812387692,-0.0030380533050807256,-0.025844298539146715,-0.23918122969024191,-0.24280976920513808,0,0
1093.1463157010076,1411.3480414449798,23.849908233631425,0.26326064394559145,0.003650335659667796,0.029074835856540075,0.3,0,0,0.036739356054408534,-0.003650335659667796,-0.029074835856540075,-0.2612548450725272,-0.26533695202678537,0,0
1284.2268420173286,1411.3480414449798,23.80334702660077,0.2805642113020474,0.004162900516139753,0.030151681629004497,0.3,0,0,0.019435788697952594,-0.004162900516139753,-0.030151681629004497,-0.2784904077682842,-0.28272370386899637,0,0
390.5444991736698,602.1580731583105,23.66437137022323,0.2933336781476613,0.004554919874691042,0.031228527401468968,0.3,0,0,0.006666321852338675,-0.004554919874691042,-0.031228527401468968,-0.29119029607042096,-0.29557478131758713,0,0
261.6981137825328,648.3999468665874,23.16370274985499,0.30202266802472005,0.004831035470099039,0.032305373173933415,0.3,0,0,-0.0020226680247200646,-0.004831035470099039,-0.032305373173933415,-0.29980807741829946,-0.30434375181191964,0,0
674.6059938250444,167.46934895889862,22.37340035638271,0.30685836181785636,0.004982096175269485,0.030151681629004518,0.3,0,0,-0.006858361817856373,-0.004982096175269485,-0.030151681629004518,-0.30479731925128173,-0.3090306153519939,0,0
648.3999468665874,223.1819809443389,23.344165399617317,0.3085207906374211,0.005028653006616175,0.02584429853914672,0.3,0,0,-0.008520790637421116,-0.005028653006616175,-0.02584429853914672,-0.3067627781551838,-0.31039131767008,0,0
544.8761250677193,900.238757316699,23.389564303261636,0.3085207906374211,0.005028653006616175,0.02584429853914672,0.3,0,0,-0.008520790637421116,-0.005028653006616175,-0.02584429853914672,-0.3067627781551838,-0.31039131767008,0,0
459.67991945810627,648.3999468665874,23.298880234713614,0.3085207906374211,0.005028653006616175,0.02584429853914672,0.3,0,0,-0.008520790637421116,-0.005028653006616175,-0.02584429853914672,-0.3067627781551838,-0.31039131767008,0,0
648.3999468665874,346.8640580657511,23.896588216502984,0.3085207906374211,0.005028653006616175,0.02584429853914672,0.3,0,0,-0.008520790637421116,-0.005028653006616175,-0.02584429853914672,-0.3067627781551838,-0.31039131767008,0,0
459.67991945810627,374.71408913910363,23.526447916444262,0.3085207906374211,0.005028653006616175,0.02584429853914672,0.3,0,0,-0.008520790637421116,-0.005028653006616175,-0.02584429853914672,-0.3067627781551838,-0.31039131767008,0,0
544.8761250677193,239.3652489782259,22.985031810502477,0.3085207906374211,0.005028653006616175,0.02584429853914672,0.3,0,0,-0.008520790637421116,-0.005028653006616175,-0.02584429853914672,-0.3067627781551838,-0.31039131767008,0,0
1180.1265773010464,1411.3480414449798,24.037345561355124,0.30844522026780635,0.005026740223914949,0.02476745276668227,0.3,0,0,-0.008445220267806364,-0.005026740223914949,-0.02476745276668227,-0.3067627781551838,-0.310240128523626,0,0
1411.3480414449798,407.8990969411948,24.22671386331148,0.30844522026780635,0.005026740223914949,0.02476745276668227,0.3,0,0,-0.008445220267806364,-0.005026740223914949,-0.02476745276668227,-0.3067627781551838,-0.310240128523626,0,0
734.7683303247097,851.4899528953961,24.274361292354016,0.30844522026780635,0.005026740223914949,0.02476745276668227,0.3,0,0,-0.008445220267806364,-0.005026740223914949,-0.02476745276668227,-0.3067627781551838,-0.310240128523626,0,0
674.6059938250444,624.3377665398167,23.99030640367822,0.30844522026780635,0.005026740223914949,0.02476745276668227,0.3,0,0,-0.008445220267806364,-0.005026740223914949,-0.02476745276668227,-0.3067627781551838,-0.310240128523626,0,0
648.3999468665874,1411.3480414449798,24.08450540165466,0.30844522026780635,0.005026740223914949,0.02476745276668227,0.3,0,0,-0.008445220267806364,-0.005026740223914949,-0.02476745276668227,-0.3067627781551838,-0.310240128523626,0,0
734.7683303247097,390.5444991736698,23.99030640367822,0.30844522026780635,0.005026740223914949,0.02476745276668227,0.3,0,0,-0.008445220267806364,-0.005026740223914949,-0.02476745276668227,-0.3067627781551838,-0.310240128523626,0,0
528.3325926770696,437.33222201576723,23.80334702660077,0.30844522026780635,0.005026740223914949,0.02476745276668227,0.3,0,0,-0.008445220267806364,-0.005026740223914949,-0.02476745276668227,-0.3067627781551838,-0.310240128523626,0,0
346.8640580657511,648.3999468665874,23.435077391437254,0.30844522026780635,0.005026740223914949,0.02476745276668227,0.3,0,0,-0.008445220267806364,-0.005026740223914949,-0.02476745276668227,-0.3067627781551838,-0.310240128523626,0,0
648.3999468665874,194.9110753588243,22.676586373412853,0.30844522026780635,0.005026740223914949,0.02476745276668227,0.3,0,0,-0.008445220267806364,-0.005026740223914949,-0.02476745276668227,-0.3067627781551838,-0.310240128523626,0,0
367.3069052663625,312.50933522689996,23.66437137022323,0.30844522026780635,0.005026740223914949,0.02476745276668227,0.3,0,0,-0.008445220267806364,-0.005026740223914949,-0.02476745276668227,-0.3067627781551838,-0.310240128523626,0,0
624.3377665398167,1284.2268420173286,23.943387448052704,0.30844522026780635,0.005026740223914949,0.02476745276668227,0.3,0,0,-0.008445220267806364,-0.005026740223914949,-0.02476745276668227,-0.3067627781551838,-0.310240128523626,0,0
581.6409617069837,427.0195773074906,22.80812501336112,0.30844522026780635,0.005026740223914949,0.02476745276668227,0.3,0,0,-0.008445220267806364,-0.005026740223914949,-0.02476745276668227,-0.3067627781551838,-0.310240128523626,0,0
900.238757316699,390.5444991736698,24.32213184643946,0.30844522026780635,0.005026740223914949,0.02476745276668227,0.3,0,0,-0.008445220267806364,-0.005026740223914949,-0.02476745276668227,-0.3067627781551838,-0.310240128523626,0,0
1284.2268420173286,703.2691653992177,24.17918906549187,0.30844522026780635,0.005026740223914949,0.02476745276668227,0.3,0,0,-0.008445220267806364,-0.005026740223914949,-0.02476745276668227,-0.3067627781551838,-0.310240128523626,0,0
674.6059938250444,323.12240163650586,23.849908233631425,0.30844522026780635,0.005026740223914949,0.02476745276668227,0.3,0,0,-0.008445220267806364,-0.005026740223914949,-0.02476745276668227,-0.3067627781551838,-0.310240128523626,0,0
900.238757316699,471.8179059817352,23.710579061410876,0.30844522026780635,0.005026740223914949,0.02476745276668227,0.3,0,0,-0.008445220267806364,-0.005026740223914949,-0.02476745276668227,-0.3067627781551838,-0.310240128523626,0,0
1284.2268420173286,437.33222201576723,24.37002602209273,0.30844522026780635,0.005026740223914949,0.02476745276668227,0.3,0,0,-0.008445220267806364,-0.005026740223914949,-0.02476745276668227,-0.3067627781551838,-0.310240128523626,0,0
177.7453057985956,276.5725757314533,23.61828058878553,0.30844522026780635,0.005026740223914949,0.02476745276668227,0.3,0,0,-0.008445220267806364,-0.005026740223914949,-0.02476745276668227,-0.3067627781551838,-0.310240128523626,0,0
