FDist,LDist,RDist,XEst,YEst,ThetaEst,XDes,YDes,ThetaDes,XError,YError,ThetaError,SL,SR,RW,LW
22.330509274381335,204.85569342211394,17.51742772173086,0.0,0.0,0.0,0,0,0,0.0,0.0,0.0,0.0,0.0,0,0
22.676586373412853,1411.3480414449798,18.993706680961672,0.0,0.0,0.0,0,0,0,0.0,0.0,0.0,0.0,0.0,0,0
22.28772229885734,1284.2268420173286,22.330509274381335,0.0,0.0,0.0,0,0,0,0.0,0.0,0.0,0.0,0.0,0,0
22.76417078542179,1411.3480414449798,23.572306256804332,0.0,0.0,0.0,0,0,0,0.0,0.0,0.0,0.0,0.0,0,0
23.253708365120502,1411.3480414449798,22.159982088780858,0.0,0.0,0.0,0,0,0,0.0,0.0,0.0,0.0,0.0,0,0
23.029533090035137,1411.3480414449798,22.37340035638271,0.0,0.0,0.0,0,0,0,0.0,0.0,0.0,0.0,0.0,0,0
23.074145052998297,512.8513118946122,20.696236055220425,0.0,0.0,0.0,0,0,0,0.0,0.0,0.0,0.0,0.0,0,0
23.16370274985499,1411.3480414449798,21.05064198016546,0.0,0.0,0.0,0,0,0,0.0,0.0,0.0,0.0,0.0,0,0
22.676586373412853,1411.3480414449798,21.09047995583375,0.0,0.0,0.0,0,0,0,0.0,0.0,0.0,0.0,0.0,0,0
23.029533090035137,1411.3480414449798,21.130411066922797,0.0,0.0,0.0,0,0,0,0.0,0.0,0.0,0.0,0.0,0,0
20.735250827891868,674.6059938250444,19.93438562175379,0.0,0.0,0.0,0,0,0,0.0,0.0,0.0,0.0,0.0,0,0
20.502503202851024,674.6059938250444,18.6459367757314,0.0,0.0,0.0,0,0,0,0.0,0.0,0.0,0.0,0.0,0,0
21.17043565318336,674.6059938250444,19.134942493208065,0.0,0.0,0.0,0,0,0,0.0,0.0,0.0,0.0,0.0,0,0
21.45325395754319,528.3325926770696,18.474841460347584,0.0,0.0,0.0,0,0,0,0.0,0.0,0.0,0.0,0.0,0,0
22.459496422942998,769.566351540633,19.8600811104764,0.0,0.0,0.0,0,0,0,0.0,0.0,0.0,0.0,0.0,0,0
22.89635959460729,1411.3480414449798,20.046470706490737,0.0,0.0,0.0,0,0,0,0.0,0.0,0.0,0.0,0.0,0,0
23.344165399617317,1411.3480414449798,19.786108976753717,0.0,0.0,0.0,0,0,0,0.0,0.0,0.0,0.0,0.0,0,0
22.37340035638271,187.6483042942066,19.134942493208065,0.0,0.0,0.0,0,0,0,0.0,0.0,0.0,0.0,0.0,0,0
22.89635959460729,851.4899528953961,20.046470706490737,0.0,0.0,0.0,0,0,0,0.0,0.0,0.0,0.0,0.0,0,0
23.480705112311483,734.7683303247097,18.818881403249385,0.0,0.0,0.0,0,0,0,0.0,0.0,0.0,0.0,0.0,0,0
23.344165399617317,544.8761250677193,18.373059168895537,0.0,0.0,0.0,0,0,0,0.0,0.0,0.0,0.0,0.0,0,0
23.526447916444262,1284.2268420173286,17.808350823217232,0.0,0.0,0.0,0.3,0,0,0.3,0.0,0.0,0.0,0.0,0,0
23.526447916444262,851.4899528953961,17.808350823217232,0.0024190263432641405,0.0,0.0,0.3,0,0,0.29758097365673586,0.0,0.0,-0.0024190263432641405,-0.0024190263432641405,0,0
23.526447916444262,334.5408252723781,17.972348463819834,0.030540142365270438,6.0564303450820025e-05,0.004307383089857807,0.3,0,0,0.26945985763472957,-6.0564303450820025e-05,-0.004307383089857807,-0.03023782929080176,-0.030842585876617794,0,0
23.526447916444262,334.5408252723781,17.906543292002304,0.06130659405099739,0.0002427854129678624,0.007537920407251168,0.3,0,0,0.2386934059490026,-0.0002427854129678624,-0.007537920407251168,-0.06077803687451153,-0.061836360899689594,0,0
23.572306256804332,528.3325926770696,18.373059168895537,0.08587380118285254,0.000467659984765539,0.010768457724644478,0.3,0,0,0.21412619881714745,-0.000467659984765539,-0.010768457724644478,-0.08511948945360695,-0.08663138091814704,0,0
23.572306256804332,703.2691653992177,18.3055648241262,0.11580675287565748,0.0008544795854879239,0.015075840814502285,0.3,0,0,0.1841932471243425,-0.0008544795854879239,-0.015075840814502285,-0.11475256215859267,-0.1168692102089488,0,0
23.572306256804332,1180.1265773010464,18.171432816688856,0.1396157265488247,0.0012519146797597847,0.01830637813189567,0.3,0,0,0.16038427345117529,-0.0012519146797597847,-0.01830637813189567,-0.13833806900541804,-0.1409082844951362,0,0
20.97124408445338,160.8439044330725,16.767421832471115,0.1681844945359023,0.0018365152397139127,0.022613761221753452,0.3,0,0,0.13181550546409768,-0.0018365152397139127,-0.022613761221753452,-0.16661043939231768,-0.1697854114678519,0,0
23.526447916444262,276.5725757314533,17.873743987908504,0.19561863864845191,0.0024422316488277207,0.021536915449289006,0.3,0,0,0.10438136135154807,-0.0024422316488277207,-0.021536915449289006,-0.1941268640469473,-0.1971506469760275,0,0
23.526447916444262,284.7075611688845,17.906543292002304,0.22191816816729368,0.0030654000545086036,0.025844298539146812,0.3,0,0,0.07808183183270631,-0.0030654000545086036,-0.025844298539146812,-0.2201313972370368,-0.22375993675193304,0,0
23.435077391437254,528.3325926770696,18.238356668915443,0.2461003533752707,0.003690510850836312,0.025844298539146812,0.3,0,0,0.05389964662472929,-0.003690510850836312,-0.025844298539146812,-0.24432166066967823,-0.24795020018457445,0,0
23.526447916444262,624.3377665398167,17.939411375632368,0.2676366846966215,0.004282037871369585,0.029074835856540148,0.3,0,0,0.03236331530337849,-0.004282037871369585,-0.029074835856540148,-0.26563933031969345,-0.2697214372739517,0,0
23.849908233631425,390.5444991736698,18.373059168895537,0.28441105207440226,0.004787966582660719,0.031228527401469038,0.3,0,0,0.01558894792559773,-0.004787966582660719,-0.031228527401469038,-0.2822701364296344,-0.28665462167680067,0,0
23.61828058878553,236.49825525583836,18.238356668915443,0.2963491711262075,0.005160897698550259,0.031228527401469038,0.3,0,0,0.0036508288737924777,-0.005160897698550259,-0.031228527401469038,-0.2942140789995011,-0.29859856424666736,0,0
23.756904125116755,528.3325926770696,18.440841606842675,0.3043582889710895,0.00541109199148881,0.031228527401469038,0.3,0,0,-0.00435828897108953,-0.00541109199148881,-0.031228527401469038,-0.30222710376156353,-0.3066115890087298,0,0
23.80334702660077,851.4899528953961,18.204859322179495,0.3094209047478692,0.0055610563818103,0.027997990084075688,0.3,0,0,-0.009420904747869219,-0.0055610563818103,-0.027997990084075688,-0.3075187238874538,-0.3114496416952581,0,0
23.253708365120502,280.5772654118684,16.797948232360334,0.3107056353025719,0.005592190249383287,0.020460069676824538,0.3,0,0,-0.010705635302571903,-0.005592190249383287,-0.020460069676824538,-0.3093329936449019,-0.31220558742752813,0,0
23.849908233631425,209.13650375320472,18.373059168895537,0.3107056353025719,0.005592190249383287,0.020460069676824538,0.3,0,0,-0.010705635302571903,-0.005592190249383287,-0.020460069676824538,-0.3093329936449019,-0.31220558742752813,0,0
23.943387448052704,346.8640580657511,18.406914256574545,0.3107056353025719,0.005592190249383287,0.020460069676824538,0.3,0,0,-0.010705635302571903,-0.005592190249383287,-0.020460069676824538,-0.3093329936449019,-0.31220558742752813,0,0
23.849908233631425,258.2405371440609,18.373059168895537,0.3107056353025719,0.005592190249383287,0.020460069676824538,0.3,0,0,-0.010705635302571903,-0.005592190249383287,-0.020460069676824538,-0.3093329936449019,-0.31220558742752813,0,0
23.344165399617317,236.49825525583836,18.543059645113814,0.3107056353025719,0.005592190249383287,0.020460069676824538,0.3,0,0,-0.010705635302571903,-0.005592190249383287,-0.020460069676824538,-0.3093329936449019,-0.31220558742752813,0,0
23.480705112311483,1019.267059271828,18.271925091134115,0.31063005572953395,0.00559068438060698,0.01938322390436009,0.3,0,0,-0.01063005572953396,-0.00559068438060698,-0.01938322390436009,-0.3093329936449019,-0.3120543982810741,0,0
23.208649349752903,328.72509627198025,18.00535478258695,0.31063005572953395,0.00559068438060698,0.01938322390436009,0.3,0,0,-0.01063005572953396,-0.00559068438060698,-0.01938322390436009,-0.3093329936449019,-0.3120543982810741,0,0
23.435077391437254,184.22292190812155,18.3055648241262,0.310554476156496,0.0055891785118306735,0.020460069676824538,0.3,0,0,-0.010554476156496018,-0.0055891785118306735,-0.020460069676824538,-0.3091818044984479,-0.3120543982810741,0,0
24.17918906549187,390.5444991736698,18.818881403249385,0.310554476156496,0.0055891785118306735,0.020460069676824538,0.3,0,0,-0.010554476156496018,-0.0055891785118306735,-0.020460069676824538,-0.3091818044984479,-0.3120543982810741,0,0
23.99030640367822,399.01729906632625,18.6459367757314,0.310554476156496,0.0055891785118306735,0.020460069676824538,0.3,0,0,-0.010554476156496018,-0.0055891785118306735,-0.020460069676824538,-0.3091818044984479,-0.3120543982810741,0,0
24.274361292354016,624.3377665398167,18.714890970363626,0.310554476156496,0.0055891785118306735,0.020460069676824538,0.3,0,0,-0.010554476156496018,-0.0055891785118306735,-0.020460069676824538,-0.3091818044984479,-0.3120543982810741,0,0
24.17918906549187,955.6520228707801,19.06417053152061,0.310554476156496,0.0055891785118306735,0.020460069676824538,0.3,0,0,-0.010554476156496018,-0.0055891785118306735,-0.020460069676824538,-0.3091818044984479,-0.3120543982810741,0,0
24.274361292354016,346.8640580657511,18.714890970363626,0.310554476156496,0.0055891785118306735,0.020460069676824538,0.3,0,0,-0.010554476156496018,-0.0055891785118306735,-0.020460069676824538,-0.3091818044984479,-0.3120543982810741,0,0
22.245039036567718,382.4520830402873,18.474841460347584,0.310554476156496,0.0055891785118306735,0.020460069676824538,0.3,0,0,-0.010554476156496018,-0.0055891785118306735,-0.020460069676824538,-0.3091818044984479,-0.3120543982810741,0,0
23.99030640367822,340.5824855543227,18.238356668915443,0.310554476156496,0.0055891785118306735,0.020460069676824538,0.3,0,0,-0.010554476156496018,-0.0055891785118306735,-0.020460069676824538,-0.3091818044984479,-0.3120543982810741,0,0
24.660015279911583,261.6981137825328,19.06417053152061,0.310554476156496,0.0055891785118306735,0.020460069676824538,0.3,0,0,-0.010554476156496018,-0.0055891785118306735,-0.020460069676824538,-0.3091818044984479,-0.3120543982810741,0,0
24.5628489666094,703.2691653992177,19.06417053152061,0.310554476156496,0.0055891785118306735,0.020460069676824538,0.3,0,0,-0.010554476156496018,-0.0055891785118306735,-0.020460069676824538,-0.3091818044984479,-0.3120543982810741,0,0
23.480705112311483,215.92040254306553,17.743230101200233,0.310554476156496,0.0055891785118306735,0.020460069676824538,0.3,0,0,-0.010554476156496018,-0.0055891785118306735,-0.020460069676824538,-0.3091818044984479,-0.3120543982810741,0,0
24.274361292354016,182.55823066529945,19.099517867391533,0.310554476156496,0.0055891785118306735,0.020460069676824538,0.3,0,0,-0.010554476156496018,-0.0055891785118306735,-0.020460069676824538,-0.3091818044984479,-0.3120543982810741,0,0
24.08450540165466,624.3377665398167,18.9235488562729,0.31047889824886704,0.005587591256399486,0.021536915449288988,0.3,0,0,-0.010478898248867052,-0.005587591256399486,-0.021536915449288988,-0.3090306153519939,-0.3120543982810741,0,0
24.466187237839733,307.4777105974586,19.602617680935374,0.31047889824886704,0.005587591256399486,0.021536915449288988,0.3,0,0,-0.010478898248867052,-0.005587591256399486,-0.021536915449288988,-0.3090306153519939,-0.3120543982810741,0,0
24.514455284677474,851.4899528953961,19.277419187964682,0.31047889824886704,0.005587591256399486,0.021536915449288988,0.3,0,0,-0.010478898248867052,-0.005587591256399486,-0.021536915449288988,-0.3090306153519939,-0.3120543982810741,0,0
24.5628489666094,312.50933522689996,19.566163838158445,0.31047889824886704,0.005587591256399486,0.021536915449288988,0.3,0,0,-0.010478898248867052,-0.005587591256399486,-0.021536915449288988,-0.3090306153519939,-0.3120543982810741,0,0
22.28772229885734,151.28683687310368,17.808350823217232,0.31047889824886704,0.005587591256399486,0.021536915449288988,0.3,0,0,-0.010478898248867052,-0.005587591256399486,-0.021536915449288988,-0.3090306153519939,-0.3120543982810741,0,0
24.905165748622878,1019.267059271828,19.457286087701,0.31047889824886704,0.005587591256399486,0.021536915449288988,0.3,0,0,-0.010478898248867052,-0.005587591256399486,-0.021536915449288988,-0.3090306153519939,-0.3120543982810741,0,0
24.17918906549187,382.4520830402873,18.680376763728233,0.31047889824886704,0.005587591256399486,0.021536915449288988,0.3,0,0,-0.010478898248867052,-0.005587591256399486,-0.021536915449288988,-0.3090306153519939,-0.3120543982810741,0,0
22.459496422942998,512.8513118946122,18.993706680961672,0.31047889824886704,0.005587591256399486,0.021536915449288988,0.3,0,0,-0.010478898248867052,-0.005587591256399486,-0.021536915449288988,-0.3090306153519939,-0.3120543982810741,0,0
24.905165748622878,390.5444991736698,19.602617680935374,0.31047889824886704,0.005587591256399486,0.021536915449288988,0.3,0,0,-0.010478898248867052,-0.005587591256399486,-0.021536915449288988,-0.3090306153519939,-0.3120543982810741,0,0
24.274361292354016,164.75326598182954,18.749479645181225,0.31047889824886704,0.005587591256399486,0.021536915449288988,0.3,0,0,-0.010478898248867052,-0.005587591256399486,-0.021536915449288988,-0.3090306153519939,-0.3120543982810741,0,0
24.466187237839733,323.12240163650586,19.493498319736666,0.31047889824886704,0.005587591256399486,0.021536915449288988,0.3,0,0,-0.010478898248867052,-0.005587591256399486,-0.021536915449288988,-0.3090306153519939,-0.3120543982810741,0,0
24.61136879396949,498.3296704628293,19.529790810708228,0.31047889824886704,0.005587591256399486,0.021536915449288988,0.3,0,0,-0.010478898248867052,-0.005587591256399486,-0.021536915449288988,-0.3090306153519939,-0.3120543982810741,0,0
