F, L, R, RW, LW, CE, E
55.8491144526, 86.6509891456, 80.3374969028, 0, 0, 0, 0,
56.3642023859, 87.0290305402, 80.3374969028, 0, 0, 0, 0,
56.0199058822, 87.4101906563, 80.3374969028, 0, 0, 0, 0,
52.1539175293, 81.3292278447, 75.9913561069, 0, 0, 0, 0,
56.5377224368, 90.5767322246, 80.9961317556, 0, 0, 0, 0,
49.2648273726, 81.6648832555, 76.8856362661, 0, 0, 0, 0,
56.3642023859, 88.1820288795, 80.3374969028, 0, 0, 0, 0,
56.3642023859, 83.7343208522, 80.6655647072, 0, 0, 0, 0,
56.3642023859, 85.5351848267, 80.3374969028, 0, 0, 0, 0,
56.5377224368, 88.1820288795, 80.3374969028, 0, 0, 0, 0,
49.2648273726, 82.6875157102, 75.9913561069, 0, 0, 0, 0,
56.5377224368, 85.5351848267, 79.6887422049, 0, 0, 0, 0,
56.5377224368, 87.4101906563, 80.0118990209, 0, 0, 0, 0,
49.2648273726, 82.6875157102, 75.9913561069, 0, 0, 0, 0,
54.0278957754, 80.3374969028, 73.977298374, 0, 0, 0, 0,
56.1915993778, 85.1692291923, 78.4199642446, 0, 0, 0, 0,
53.8673772468, 79.6887422049, 76.8856362661, 0, 0, 0, 0,
49.402853645, 82.0031287637, 75.6975029468, 0, 0, 0, 0,
56.3642023859, 86.2760268879, 80.0118990209, 0, 0, 0, 0,
54.0278957754, 82.34399565, 73.697544251, 0, 0, 0, 0,
57.0638614304, 87.4101906563, 80.3374969028, 0, 0, 0, 0,
56.1915993778, 87.7945097731, 80.9961317556, 0, 0, 0, 0,
56.1915993778, 87.7945097731, 80.6655647072, 0, 0, 0, 0,
56.5377224368, 88.1820288795, 80.3374969028, 0, 0, 0, 0,
56.5377224368, 88.1820288795, 78.1085955603, 0, 0, 0, 0,
47.3978458314, 75.6975029468, 72.3272840309, 0, 0, 0, 0,
56.5377224368, 85.5351848267, 80.0118990209, 0, 0, 0, 0,
56.5377224368, 84.8062010049, 80.3374969028, 0, 0, 0, 0,
56.3642023859, 84.4460639337, 81.3292278447, 0, 0, 0, 0,
54.0278957754, 82.34399565, 76.2873136017, 0, 0, 0, 0,
56.1915993778, 87.0290305402, 80.3374969028, 0, 0, 0, 0,
56.5377224368, 87.4101906563, 80.3374969028, 0, 0, 0, 0,
50.2447651891, 83.3826451778, 76.8856362661, 0, 0, 0, 0,
56.1915993778, 85.1692291923, 80.3374969028, 0, 0, 0, 0,
56.5377224368, 87.7945097731, 78.733636375, 0, 0, 0, 0,
56.887544214, 86.6509891456, 80.3374969028, 0, 0, 0, 0,
56.5377224368, 85.9041048618, 80.3374969028, 0, 0, 0, 0,
56.3642023859, 82.34399565, 80.9961317556, 0, 0, 0, 0,
56.5377224368, 84.8062010049, 80.9961317556, 0, 0, 0, 0,
56.5377224368, 87.0290305402, 80.3374969028, 0, 0, 0, 0,
56.1915993778, 84.8062010049, 80.0118990209, 0, 0, 0, 0,
56.1915993778, 87.4101906563, 80.3374969028, 0, 0, 0, 0,
54.1892331356, 79.6887422049, 74.5426743325, 0, 0, 0, 0,
54.0278957754, 85.5351848267, 74.2590013217, 0, 0, 0, 0,
56.887544214, 85.1692291923, 80.0118990209, 0, 0, 0, 0,
56.3642023859, 86.2760268879, 80.0118990209, 0, 0, 0, 0,
56.3642023859, 88.9668346623, 80.0118990209, 0, 0, 0, 0,
56.3642023859, 84.4460639337, 80.9961317556, 0, 0, 0, 0,
54.0278957754, 82.34399565, 73.1437990683, 0, 0, 0, 0,
56.3642023859, 88.1820288795, 80.3374969028, 0, 0, 0, 0,
56.3642023859, 86.2760268879, 80.0118990209, 0, 0, 0, 0,
56.7121671457, 87.7945097731, 80.3374969028, 0, 0, 0, 0,
49.5415268893, 85.1692291923, 77.1880496787, 0, 0, 0, 0,
54.1892331356, 80.0118990209, 73.977298374, 0, 0, 0, 0,
56.5377224368, 85.9041048618, 80.3374969028, 0, 0, 0, 0,
49.1274433805, 80.3374969028, 75.9913561069, 0, 0, 0, 0,
56.5377224368, 89.3642070113, 80.6655647072, 0, 0, 0, 0,
56.3642023859, 87.4101906563, 80.3374969028, 0, 0, 52.7284047718, 26.3642023859,
56.7121671457, 84.4460639337, 80.0118990209, 0, 0, 53.4243342914, 26.7121671457,
52.3058403989, 87.4101906563, 89.764950729, 0, 0, 44.6116807979, 22.3058403989,
51.8523031824, 84.8062010049, 91.4025472897, 0, 0, 43.7046063647, 21.8523031824,
47.2689859669, 78.1085955603, 85.9041048618, 0, 0, 34.5379719338, 17.2689859669,
43.8813940093, 85.9041048618, 88.9668346623, 0, 0, 27.7627880187, 13.8813940093,
41.0737111431, 84.8062010049, 89.3642070113, 0, 0, 22.1474222862, 11.0737111431,
39.3890142895, 87.7945097731, 88.5727896903, 0, 0, 18.7780285789, 9.38901428946,
37.5415973687, 90.1691106009, 87.0290305402, 0, 0, 15.0831947375, 7.54159736874,
36.1581716156, 92.6684217688, 84.4460639337, 0, 0, 12.3163432311, 6.15817161555,
31.5309464911, 93.9680832254, 83.7343208522, 0, 0, 3.06189298229, 1.53094649114,
34.0697643424, 91.4025472897, 88.5727896903, 0, 0, 8.13952868481, 4.06976434241,
33.9930916111, 104.680495125, 88.9668346623, 0, 0, 7.98618322213, 3.99309161107,
30.6581074001, 95.7560002023, 88.5727896903, 0, 0, 1.31621480013, 0.658107400065,
33.7646113269, 92.6684217688, 89.3642070113, 0, 0, 7.52922265374, 3.76461132687,
30.7901005244, 90.5767322246, 84.0887822575, 0, 0, 1.5802010488, 0.790100524402,
34.1466956369, 89.764950729, 88.5727896903, 0, 0, 8.29339127379, 4.1466956369,
33.8405164407, 93.5310222243, 88.9668346623, 0, 0, 7.68103288132, 3.84051644066,
34.1466956369, 97.1401901496, 88.9668346623, 0, 0, 8.29339127379, 4.1466956369,
33.9930916111, 87.7945097731, 91.8208361568, 0, 0, 7.98618322213, 3.99309161107,
33.9166760912, 92.6684217688, 88.1820288795, 0, 0, 7.83335218237, 3.91667609119,
33.9166760912, 96.213179863, 88.9668346623, 0, 0, 7.83335218237, 3.91667609119,
34.1466956369, 91.8208361568, 88.5727896903, 0, 0, 8.29339127379, 4.1466956369,
33.9166760912, 93.5310222243, 88.9668346623, 0, 0, 7.83335218237, 3.91667609119,
34.3790545617, 97.1401901496, 88.5727896903, 0, 0, 8.75810912335, 4.37905456168,
34.0697643424, 91.8208361568, 89.3642070113, 0, 0, 8.13952868481, 4.06976434241,
30.8564042982, 87.7945097731, 83.3826451778, 0, 0, 1.7128085964, 0.8564042982,
33.9166760912, 94.8539958628, 88.9668346623, 0, 0, 7.83335218237, 3.91667609119,
32.9460826261, 90.9878620282, 80.6655647072, 0, 0, 5.89216525221, 2.94608262611,
34.0697643424, 92.6684217688, 86.2760268879, 0, 0, 8.13952868481, 4.06976434241,
32.9460826261, 87.4101906563, 81.3292278447, 0, 0, 5.89216525221, 2.94608262611,
33.5384100204, 98.5632561505, 88.9668346623, 0, 0, 7.07682004086, 3.53841002043,
33.9930916111, 100.026926809, 88.9668346623, 0, 0, 7.98618322213, 3.99309161107,
30.8564042982, 83.7343208522, 83.7343208522, 0, 0, 1.7128085964, 0.8564042982,
33.8405164407, 90.5767322246, 89.3642070113, 0, 0, 7.68103288132, 3.84051644066,
33.7646113269, 102.044837878, 88.5727896903, 0, 0, 7.52922265374, 3.76461132687,
34.2238868559, 90.1691106009, 89.3642070113, 0, 0, 8.44777371178, 4.22388685589,
33.9930916111, 90.5767322246, 88.5727896903, 0, 0, 7.98618322213, 3.99309161107,
34.2238868559, 90.1691106009, 89.3642070113, 0, 0, 8.44777371178, 4.22388685589,
34.1466956369, 95.7560002023, 88.9668346623, 0, 0, 8.29339127379, 4.1466956369,
34.3790545617, 89.3642070113, 89.3642070113, 0, 0, 8.75810912335, 4.37905456168,
32.8004181178, 87.0290305402, 80.6655647072, 0, 0, 5.60083623553, 2.80041811776,
30.7901005244, 84.8062010049, 83.7343208522, 0, 0, 1.5802010488, 0.790100524402,
33.8405164407, 94.8539958628, 89.3642070113, 0, 0, 7.68103288132, 3.84051644066,
33.8405164407, 89.3642070113, 88.5727896903, 0, 0, 7.68103288132, 3.84051644066,
34.1466956369, 97.1401901496, 91.8208361568, 0, 0, 8.29339127379, 4.1466956369,
32.6557009426, 88.9668346623, 84.0887822575, 0, 0, 5.31140188516, 2.65570094258,
34.2238868559, 92.6684217688, 88.9668346623, 0, 0, 8.44777371178, 4.22388685589,
33.9930916111, 90.1691106009, 88.5727896903, 0, 0, 7.98618322213, 3.99309161107,
34.3790545617, 91.8208361568, 88.9668346623, 0, 0, 8.75810912335, 4.37905456168,
32.9460826261, 89.3642070113, 80.6655647072, 0, 0, 5.89216525221, 2.94608262611,
31.0565564118, 85.5351848267, 84.0887822575, 0, 0, 2.11311282359, 1.0565564118,
34.0697643424, 98.5632561505, 88.9668346623, 0, 0, 8.13952868481, 4.06976434241,
31.5995738315, 90.9878620282, 83.7343208522, 0, 0, 3.19914766293, 1.59957383147,
33.7646113269, 93.0978193429, 87.4101906563, 0, 0, 7.52922265374, 3.76461132687,
33.9930916111, 93.9680832254, 88.5727896903, 0, 0, 7.98618322213, 3.99309161107,
33.6889594266, 95.3029582232, 88.9668346623, 0, 0, 7.37791885323, 3.68895942661,
33.6889594266, 103.610586789, 88.5727896903, 0, 0, 7.37791885323, 3.68895942661,
34.2238868559, 93.5310222243, 88.5727896903, 0, 0, 8.44777371178, 4.22388685589,
32.9460826261, 90.1691106009, 83.0337212664, 0, 0, 5.89216525221, 2.94608262611,
34.1466956369, 94.8539958628, 88.9668346623, 0, 0, 8.29339127379, 4.1466956369,
33.019273156, 86.2760268879, 83.3826451778, 0, 0, 6.03854631191, 3.01927315595,
33.9930916111, 92.6684217688, 88.9668346623, 0, 0, 7.98618322213, 3.99309161107,
32.7279417145, 87.0290305402, 83.7343208522, 0, 0, 7.98618322213, 3.99309161107,
33.8405164407, 92.6684217688, 88.9668346623, 0, 0, 7.98618322213, 3.99309161107,
33.8405164407, 95.7560002023, 89.764950729, 0, 0, 7.98618322213, 3.99309161107,
33.9166760912, 99.5344139795, 88.5727896903, 0, 0, 7.98618322213, 3.99309161107,
30.8564042982, 93.0978193429, 84.4460639337, 0, 0, 7.98618322213, 3.99309161107,
34.0697643424, 89.3642070113, 88.9668346623, 0, 0, 7.98618322213, 3.99309161107,
30.7240018875, 94.4090561591, 83.7343208522, 0, 0, 7.98618322213, 3.99309161107,
32.2271384057, 80.0118990209, 76.8856362661, 0, 0, 7.98618322213, 3.99309161107,
30.7901005244, 84.8062010049, 83.7343208522, 0, 0, 7.98618322213, 3.99309161107,
33.9930916111, 96.213179863, 90.9878620282, 0, 0, 7.98618322213, 3.99309161107,
34.0697643424, 90.1691106009, 88.9668346623, 0, 0, 7.98618322213, 3.99309161107,
34.0697643424, 95.7560002023, 88.9668346623, 0, 0, 7.98618322213, 3.99309161107,
